15244752683 13034420001 -1 03 0001
15004678919 13029066931 -25.5 01 0003
20900001235 13056926817 10 07 0001
15004675829 13013781429 48 01 0003
15004675829 13013781429 -8 01 0003
15244752683 13073140555 -1 03 0001
15244752683 13034420001 1 03 0000
15004678919 13029066931 -66 01 0003
15004675829 13013781429 8 01 0003
15004678919 13029066931 -11 03 0001
20914598718 13072300071 78.46 08 0001
15004675829 13013781429 -48 01 0003
15004678919 13029066931 -100 01 0003
15004675829 13013781429 -22 01 0003
13895954751 23016733022 4 01 0003
15004678919 13029066931 -2 01 0003
13895954751 23016733022 -1 01 0003
13895954751 23016733022 -2 01 0003
13766881020 12072846783 -.1 01 0003
13895954751 23016733022 -1 01 0003
15004678919 13029066931 -100 01 0003
15004678919 13029066931 111 01 0003
15004678919 13029066931 100 01 0003
15004678919 13029066931 -23 01 0003
13895954751 23016733022 -1 01 0003
15004678919 13029066931 1 08 0001
13895954751 23016733022 1 01 0003
15004678919 13029066931 1 09 0001
15004678919 13029066931 -1 03 0001
15004678919 13029066931 1 03 0000
15045687587 13017698607 -1 03 0001
15004678919 13029066931 -22 03 0001
45158567271 13066828698 6 01 0003
20900004690 13071092778 78.46 08 0001
15004678919 13029066931 -36 01 0003
15004675829 13013781429 4 01 0003
15004678919 13029066931 -11 01 0003
20914598718 13072300071 78.46 08 0001
15244752683 13073140555 1 03 0000
13895954751 23016733022 -2 01 0003
15004678919 13029066931 100 01 0003
15004678919 13029066931 -111 01 0003
15004678919 13029066931 -200 01 0003
15004678919 13029066931 -100 01 0003
13895954751 23016733022 -4 01 0003
13895954751 23016733022 6 01 0003
15004678919 13029066931 -66 01 0003
13796609707 12073237904 -1 01 0003
13796609707 12073237904 1 01 0003
20914598718 13072300071 -1020 08 0001
15045687587 13017698607 -1 00 0003
45158567271 13066828698 -6 01 0003
13895954751 23016733022 -22 01 0003
15004678919 13029066931 -80 01 0003
13895954751 23016733022 -36 01 0003
13895954751 23016733022 -6 01 0003
15004678919 13029066931 -100 01 0003
13895954751 23016733022 -8 01 0003
15004675829 13013781429 -1 01 0003
15244752683 13073140555 -1 03 0001
15004675829 13013781429 -100 01 0003
15004675829 13013781429 -4 01 0003
13796609707 12073237904 4 01 0003
15004678919 13029066931 100 01 0003
15004678919 13029066931 -11 01 0003
15004678919 13029066931 1 03 0000
13796609707 12073237904 -4 01 0003
15004678919 13029066931 1 09 1001
15045687587 13017698607 1 03 0000
15004678919 13029066931 66 01 0003
15004678919 13029066931 11 01 0003
15004678919 13029066931 -300 01 0003
15004678919 13029066931 300 01 0003
15004675829 13013781429 100 01 0003
20900006765 13052987067 -1 01 0003
20900006765 13052987067 -1 01 0003
13845055930 13026144502 -1 01 0003
20904518211 13053146200 1 08 0001
20904523315 23024453612 10 08 1001
20904518211 13053146200 1 00 0003
15246113036 133016226549 -6 01 0003
15246113036 133016226549 -66 01 0003
15134541796 13059095839 -11 01 0003
13846482788 63001625919 -8 01 0003
15004678919 13029066931 -1 01 0003
15004678919 13029066931 -1 01 0003
13946161790 13009255345 -20 01 0003
18845103329 13067918646 -36 01 0003
13946161790 13009255345 -80 01 0003
13503624560 13002925557 -36 01 0003
15004678919 13029066931 -1 01 0003
18845103329 13067918646 -6 01 0003
18845103329 13067918646 6 01 0003
20210011147 13002023609 10 01 0003
18845103329 13067918646 -20 01 0003
18845103329 13067918646 -10 01 0003
15004678919 13029066931 -2 01 0003
15004678919 13029066931 -1 01 0003
15004678919 13029066931 -36 01 0003
15004678919 13029066931 -6 01 0003
15004678919 13029066931 6 01 0003
15004678919 13029066931 -2 01 0003
15004678919 13029066931 2 01 0003
15004678919 13029066931 -1 01 0003
15004678919 13029066931 -1 01 0003
13945070927 13034283806 -20 01 0003
13945070927 13034283806 20 01 0003
18845103329 13067918646 -1 01 0003
18845103329 13067918646 -1 01 0003
15004678919 13029066931 -2 01 0003
15004675829 13013781429 2 08 0001
13936181264 13010912718 10 07 0001
13936181264 13010912718 10 07 0001
18845103329 13067918646 1 01 0003
18845103329 13067918646 -1 01 0003
18845103329 13067918646 -1 01 0003
18845103329 13067918646 -1 01 0003
18845103329 13067918646 -1 01 0003
15004678919 13029066931 -12 01 0003
18845103329 13067918646 -11 01 0003
18845103329 13067918646 11 01 0003
18845103329 13067918646 -1 01 0003
18845103329 13067918646 1 01 0003
18845103329 13067918646 -2 01 0003
18845103329 13067918646 2 01 0003
15004678919 13029066931 -2 01 0003
18845103329 13067918646 -6 01 0003
18845103329 13067918646 -6 01 0003
20904524620 23024457658 78.46 00 0003
15004678919 13029066931 123 00 0003
20904560601 103010614765 -50 03 0001
15004678919 13029066931 1 01 0003
15004678919 13029066931 -1 01 0003
15004678919 13029066931 -3 01 0003
18845103329 13067918646 -12 01 0003
18745728161 13029925104 -11 01 0003
18745728161 13029925104 -11 01 0003
15004678919 13029066931 -1 01 0003
15004678919 13029066931 1 01 0003
15004678919 13029066931 -1 01 0003
15004678919 13029066931 1 01 0003
15004678919 13029066931 -20 01 0003
13845055930 13026144502 -1 01 0003
15004678919 13029066931 -3 01 0003
15004678919 13029066931 1 08 0001
15004678919 13029066931 -2 01 0003
13895786893 12074496895 -1 01 0003
15004678919 13029066931 -12 01 0003
15004678919 13029066931 12 01 0003
15004678919 13029066931 -1 01 0003
15004678919 13029066931 2 01 0003
15004678919 13029066931 -2 01 0003
15004678919 13029066931 -2 01 0003
15004678919 13029066931 2 01 0003
15004678919 13029066931 -2 01 0003
15004678919 13029066931 2 01 0003
15004678919 13029066931 -2 01 0003
15004678919 13029066931 -1 01 0003
20900006765 13052987067 1 01 0003
20900006765 13052987067 -12 01 0003
20904510754 13052911267 1 08 0001
20904510754 13052911267 2 08 0001
15004678919 13029066931 -1 01 0003
15004678919 13029066931 1 01 0003
15004678919 13029066931 -1 01 0003
15004678919 13029066931 1 01 0003
15004678919 13029066931 -1 01 0003
15004678919 13029066931 1 01 0003
15004678919 13029066931 1 01 0003
15004678919 13029066931 -4 01 0003
15004678919 13029066931 4 01 0003
15004678919 13029066931 -1 01 0003
15004678919 13029066931 1 01 0003
15004678919 13029066931 -1 01 0003
15004678919 13029066931 1 01 0003
15004678919 13029066931 -2 01 0003
15004678919 13029066931 -2 01 0003
20224613161 13073140641 5 10 1001
20224613161 13073140641 23 10 1001
15124528596 13061390638 -36 01 0003
15124528596 13061390638 -8 01 0003
15124528596 13061390638 36 01 0003
15004678919 13029066931 -1 01 0003
13845055930 13026144502 -1 01 0003
15004678919 13029066931 1 01 0003
15004678919 13029066931 -8 01 0003
15004678919 13029066931 -1 01 0003
15004678919 13029066931 -2 01 0003
15004678912 13062067114 -3 01 0003
15004678912 13062067114 3 01 0003
15004678912 13062067114 -150 01 0003
15004678912 13062067114 -1111 01 0003
15004678912 13062067114 -1112 01 0003
15004678912 13062067114 -149.9 01 0003
15004678912 13062067114 -1 01 0003
15004678912 13062067114 -11111 01 0003
15004678912 13062067114 -299.9 01 0003
15004678912 13062067114 -150 01 0003
15004678912 13062067114 -3 01 0003
15004678912 13062067114 -4 01 0003
15004678912 13062067114 -2.5 01 0003
15004678919 13029066931 -1 01 0003
15004678919 13029066931 -1 01 0003
15004678919 13029066931 -4 01 0003
15004678919 13029066931 -11 01 0003
15004678919 13029066931 -1 01 0003
13904634147 11006220804 1 00 0003
13904634147 11006220804 1 00 0003
15004678912 13062067114 -1 01 0003
20224609896 13064583328 10 00 0003
20224609896 13064583328 -100 00 0003
20901000757 13072623453 100 01 0003
15004678912 13062067114 1 05 0001
15004678912 13062067114 1 09 0001
20502090000 13069183044 11 00 0003
20502090000 13069183044 1 00 0003
20502090000 13069183044 -111 01 0003
20502090000 13069183044 111 00 0003
20502090000 13069183044 -100 00 0003
20502090000 13069183044 10 08 0001
20502090000 13069183044 1 00 0003
15004678912 13062067114 -1 01 0003
15004678912 13062067114 -2 01 0003
15004678912 13062067114 -20 01 0003
15004678912 13062067114 -30 01 0003
15004678912 13062067114 0 01 0003
15004678912 13062067114 -20 01 0003
15004678912 13062067114 -30 01 0003
15004678912 13062067114 -20 01 0003
15004678912 13062067114 -30 01 0003
15004678912 13062067114 -20 01 0003
15004678912 13062067114 -30 01 0003
15004678912 13062067114 -20 01 0003
15004678912 13062067114 -30 01 0003
15004678912 13062067114 -20 01 0003
15004678912 13062067114 -30 01 0003
15004678912 13062067114 -20 01 0003
15004678912 13062067114 -30 01 0003
15004678912 13062067114 -100 01 0003
15004678912 13062067114 -100 01 0003
15004678912 13062067114 -1 01 0003
15004678912 13062067114 -100 01 0003
15004678912 13062067114 -100 01 0003
15004678912 13062067114 -100 01 0003
15004678912 13062067114 -100 01 0003
15004678912 13062067114 -100 01 0003
15004678912 13062067114 -100 01 0003
15004678912 13062067114 -100 01 0003
15004678912 13062067114 -10 01 0003
15004678912 13062067114 -20 01 0003
15004678912 13062067114 -30 01 0003
15004678912 13062067114 -20 01 0003
15004678912 13062067114 -20 01 0003
18246124638 13062627967 -3 01 0003
18246124638 13062627967 -1 01 0003
18246124638 13062627967 -2 01 0003
20900009800 13053139975 1 09 1001
20900009800 13053139975 1 01 0003
20900009800 13053139975 -5 03 0001
20900009800 13053139975 -1 03 0001
20900009800 13053139975 -2 03 0001
18246124638 13062627967 1 01 0003
13904516788 12073354460 20 06 0004
15104530178 13018492734 5 08 0001
15104530178 13018492734 -5 08 1001
15104530178 13018492734 20 09 0001
15104530178 13018492734 -5 01 0003
18246124638 13062627967 -10.4 01 0003
18246124638 13062627967 -2.79 01 0003
18246124638 13062627967 -6 01 0003
18246124638 13062627967 6 01 0003
15004678919 13029066931 -1 01 0003
15004678919 13029066931 -2 01 0003
15004678919 13029066931 -1 01 0003
18246124638 13062627967 10.4 01 0003
18246124638 13062627967 -6 01 0003
18246124638 13062627967 -1.44 01 0003
18246124638 13062627967 -100 01 0003
18246124638 13062627967 100 01 0003
18246124638 13062627967 1.44 01 0003
18246124638 13062627967 6 01 0003
15046085793 13016684476 -5 01 0003
15046085793 13016684476 -5 01 0003
15046085793 13016684476 -15 01 0003
15046085793 13016684476 -15 01 0003
15046085793 13016684476 -20 01 0003
15046085793 13016684476 5 01 0003
15046085793 13016684476 15 01 0003
18246124638 13062627967 -1 01 0003
18246124638 13062627967 -5 01 0003
18246124638 13062627967 5 01 0003
18246124638 13062627967 -10 01 0003
18246124638 13062627967 -5 01 0003
18246124638 13062627967 5 01 0003
15046085793 13016684476 -25 01 0003
15046085793 13016684476 -5 01 0003
15046085793 13016684476 -15 01 0003
18246124638 13062627967 -3 01 0003
18246124638 13062627967 -1.44 01 0003
18246124638 13062627967 -2 01 0003
15104530178 13018492734 -5 01 0003
15104530178 13018492734 -20 01 0003
15104530178 13018492734 -5 01 0003
15104530178 13018492734 -20 01 0003
15104594990 13018557022 -5 01 0003
15104594990 13018557022 -20 01 0003
15104594990 13018557022 -10 01 0003
15104594990 13018557022 -25 01 0003
15046085793 13016684476 5 01 0003
15046085793 13016684476 -5 01 0003
15046085793 13016684476 -10 01 0003
18246124638 13062627967 -6 01 0003
18246124638 13062627967 -2 01 0003
15104594990 13018557022 -15 01 0003
15104594990 13018557022 -1 01 0003
15104594990 13018557022 -20 01 0003
15046085793 13016684476 -5 01 0003
18246124638 13062627967 -3 01 0003
18246124638 13062627967 -3 01 0003
18246124638 13062627967 -6 01 0003
18246124638 13062627967 -.5 01 0003
18246124638 13062627967 -6 01 0003
18246124638 13062627967 -5 01 0003
18246124638 13062627967 -100 01 0003
18246124638 13062627967 100 01 0003
18246124638 13062627967 5 01 0003
18246124638 13062627967 6 01 0003
18246124638 13062627967 .5 01 0003
18246124638 13062627967 -3 01 0003
18246124638 13062627967 -5 01 0003
18246124638 13062627967 -1 01 0003
18246124638 13062627967 5 01 0003
18246124638 13062627967 -10 01 0003
18246124638 13062627967 -10.4 01 0003
18246124638 13062627967 -5 01 0003
18246124638 13062627967 -.1 01 0003
18246124638 13062627967 -3 01 0003
18246124638 13062627967 -6 01 0003
18246124638 13062627967 -1 01 0003
18246124638 13062627967 -.5 01 0003
18246124638 13062627967 -10 01 0003
18246124638 13062627967 10 01 0003
18246124638 13062627967 .5 01 0003
18246124638 13062627967 1 01 0003
18246124638 13062627967 -1 01 0003
18246124638 13062627967 -.5 01 0003
18246124638 13062627967 -1 01 0003
18246124638 13062627967 1 01 0003
18246124638 13062627967 .5 01 0003
18246124638 13062627967 -9 01 0003
18246124638 13062627967 -1 01 0003
18246124638 13062627967 -1 01 0003
15104530178 13018492734 20 01 0003
18246124638 13062627967 -2.61 01 0003
18246124638 13062627967 -3 01 0003
18246124638 13062627967 -1 01 0003
18246124638 13062627967 -10 01 0003
18246124638 13062627967 2.61 01 0003
15004678919 13029066931 -1 01 0003
15004678919 13029066931 -1 01 0003
15004678912 13062067114 -2 01 0003
18246124638 13062627967 10 01 0003
18246124638 13062627967 -5 01 0003
18246124638 13062627967 -2 01 0003
18246124638 13062627967 2 01 0003
18246124638 13062627967 -2.61 01 0003
18246124638 13062627967 2.61 01 0003
18246124638 13062627967 -1 01 0003
15004678919 13029066931 1 08 0001
15004678912 13062067114 1 08 0001
15004678919 13029066931 1 00 0003
15004678912 13062067114 1 09 0001
15004678919 13029066931 1 08 0001
18246124638 13062627967 -3 01 0003
18246124638 13062627967 -100 01 0003
18246124638 13062627967 -10 01 0003
18246124638 13062627967 -1 01 0003
15004678912 13062067114 1 08 0001
15004678919 13029066931 1 08 0001
15004678919 13029066931 1 10 0001
15004678912 13062067114 1 08 0001
15004678919 13029066931 11 00 0003
15004678919 13029066931 1 09 0001
18246124638 13062627967 -.1 01 0003
18246124638 13062627967 -1.35 01 0003
18246124638 13062627967 -2.79 01 0003
18246124638 13062627967 -6 01 0003
18246124638 13062627967 -9.75 01 0003
18246124638 13062627967 -1 01 0003
18246124638 13062627967 -10 01 0003
18246124638 13062627967 -10 01 0003
18246124638 13062627967 -5 01 0003
18246124638 13062627967 5 01 0003
15004675560 13065286514 -200 01 0003
18246124638 13062627967 -6 01 0003
15004678912 13062067114 -1111 01 0003
15004678912 13062067114 -123 01 0003
15004678912 13062067114 -300 01 0003
13704889606 12006153311 10 01 0003
15046741925 13017630971 -11 01 0003
15004675560 13065286514 -1 01 0003
15004675829 13013781429 -3 01 0003
15004675829 13013781429 -4 01 0003
13936181264 13010912718 -10 08 0001
13936181264 13010912718 -10 01 0003
13936181264 13010912718 -20 01 0003
13936181264 13010912718 -10 01 0003
13946720339 83000683449 -1 01 0003
20260016786 63005804703 60000 03 0003
13936181264 13010912718 10 02 0003
13936181264 13010912718 15 02 0003
20224610276 13065773111 -1200 03 0001
13846923588 53000210868 -13027.59 03 0001
15004500005 13014998731 1 08 0001
45157794015 13084321330 -1 01 0003
15046775560 13013097157 1 08 0001
45157794015 13084321330 -2 01 0003
13836159801 12072502728 -2000 06 1234
13836159801 12072502728 1000 06 1234
15004678919 13029066931 -66 01 0003
15004678919 13029066931 66 01 0003
15004675829 13013781429 1 08 0001
15004675829 13013781429 1 09 0001
15004675829 13013781429 1 10 0001
15004675829 13013781429 100 00 0003
15004675829 13013781429 -100 02 0003
15004675829 13013781429 1 08 0001
15104530178 13018492734 -6 01 0003
13845650100 102040916601 -3 01 0003
15104530178 13018492734 -1 01 0003
15104530178 13018492734 -1 01 0003
15104530178 13018492734 -1 01 0003
13904512210 12006256305 -3 01 0003
13904512210 12006256305 -4 01 0003
45157724002 13053903228 1 09 0001
13904512210 12006256305 2 08 0001
13904512210 12006256305 3 08 0001
13904512210 12006256305 1 02 0003
13904512210 12006256305 1 08 0001
13845103877 13000908525 10 04 0003
15004678919 13029066931 2 07 0001
15004678912 13062067114 -10 01 0003
15004678919 13029066931 -1 01 0003
15004678919 13029066931 1 01 0003
15004678919 13029066931 1 01 0003
04522900010 23019657011 1 09 0001
04522900010 23019657011 -10 00 0003
13904512210 12006256305 -1 01 0003
18845103329 13067918646 -1 01 0003
20904523315 23024453612 100 04 0003
15004678912 13062067114 10 01 0003
