13836662726 3
13504547497 3
13903685546 3
13603697262 3
15845405540 3
13512685687 3
13512662347 3
13634544870 3
13946454012 3
18845499930 3
15046460566 3
13512680738 3
13846145400 3
15845407280 3
15046463865 3
18245455988 3
13684543742 3
13803650805 3
15046463796 3
15046465979 3
13846142416 3
13603695252 3
13512641170 3
15046460872 3
15845408745 3
13946401472 3
15046462568 3
13512648746 3
13836663603 3
13946427576 3
13846166613 3
13846156738 3
13946427256 3
13734545805 3
13945458746 3
13734546115 3
13845415220 3
13845472660 3
15045411375 3
13803651282 3
13946403471 3
13836668710 3
13512662578 3
13946473957 3
13555597936 3
15946568018 3
13555597756 3
15845451357 3
13803667348 3
15045411783 3
15946568808 3
15045410567 3
15045402538 3
15045402539 3
15164512485 3
15045410088 3
13803661523 3
13512684627 3
15164511235 3
13946457691 3
13604864627 3
15164511437 3
15164511423 3
13704545320 3
13845451928 3
13903685246 3
13846182776 3
13803653029 3
15164510077 3
15045411113 3
13614693283 3
15045410001 3
15846991762 3
15164510123 3
13512680878 3
13846171736 3
13903687796 3
15164517727 3
13946425106 3
15846994392 3
13846185405 3
13704548738 3
13846190821 3
15164511687 3
13845472851 3
13614694398 3
13846142159 3
13846142096 3
15045411116 3
13946455462 3
13845407919 3
13704865732 3
13634544062 3
15164510007 3
13644544327 3
13644546870 3
13512684195 3
13555596304 3
15945401480 3
13555587481 3
15164519113 3
13504544535 3
15045411789 3
15164510001 3
15164510500 3
15045410007 3
15164510987 3
13903683550 3
15164510633 3
13946420136 3
13512660187 3
13664547462 3
13803653192 3
15164510789 3
13845405907 3
15804543125 3
15164513422 3
13704540551 3
15045412249 3
15804540616 3
15164510707 3
13555581646 3
15164510567 3
13555582625 3
15846994387 3
13684547387 3
13904545796 3
13945455836 3
13846192654 3
15164512585 3
13603695397 3
13512680371 3
13846154460 3
13845454052 3
15046465252 3
13946473701 3
13512694026 3
13604547925 3
13512661527 3
15945400491 3
13946427995 3
13796352869 3
13846193837 3
13846162909 3
15904547319 3
15045401443 3
15164515688 3
13624545640 3
15046464377 3
15046467595 3
13846190255 3
13846184115 3
13704542907 3
13512682896 3
13845472549 3
13512644392 3
15164517737 3
15046466890 3
13734547969 3
15845453125 3
15904544629 3
13846181152 3
13796351523 3
15804542932 3
13946420616 3
15846994790 3
13664540852 3
15046463383 3
13945497913 3
13945471580 3
13945453873 3
15164514008 3
13604540577 3
13846173227 3
15804542752 3
13946405289 3
13946420892 3
13664541583 3
15804541026 3
15945880942 3
13512673541 3
18249237102 3
13846162325 3
13845450287 3
13836615629 3
13946471489 3
13684540952 3
13684541610 3
13603694970 3
15046464277 3
15046463478 3
15846999766 3
13946473705 3
15164517728 3
13946457227 3
13836647107 3
13836602190 3
13836644783 3
13846187849 3
13836642495 3
15046493210 3
15164517725 3
13803655459 3
13945497060 3
13512686956 3
15845403779 3
13846173645 3
15046464199 3
15164513303 3
13946451391 3
13704546398 3
15904542969 3
13846170385 3
13504548117 3
15164513110 3
15164511822 3
15045410008 3
13803664618 3
15045410011 3
15045411110 3
13555585176 3
13945497921 3
15845401173 3
15164511003 3
13945465587 3
13684547799 3
13684547722 3
13846152821 3
13684542211 3
13684541199 3
13684549966 3
15046494379 3
15164519008 3
13803661667 3
13704541521 3
13846198101 3
15846997828 3
13704865753 3
15046465377 3
15164517049 3
15164517052 3
15164512737 3
13624546675 3
13624546343 3
13555597368 3
13614693572 3
13836656935 3
13836656437 3
13836646090 3
13946400187 3
15045410678 3
13846148598 3
13846133410 3
13803664110 3
13555593248 3
15164510003 3
13684546622 3
15164516652 3
13684547733 3
13684543322 3
15946565341 3
13846176746 3
15164512573 3
15164512580 3
13946446702 3
13846137241 3
13684541133 3
13512646138 3
13634540810 3
13512646353 3
13684545511 3
13664540281 3
15164510008 3
13945480449 3
13846175352 3
13684547766 3
13846132091 3
13846147431 3
13684544301 3
15904543139 3
13684544423 3
15046491942 3
15164513166 3
13512698662 3
15164513400 3
13946447240 3
13504697706 3
13512647308 3
15145489811 3
13734549561 3
13624542721 3
18845486750 3
13664543975 3
15145455278 3
13684542385 3
15045404475 3
15945882595 3
13555594387 3
15946554565 3
13904544360 3
13555596514 3
13555587577 3
13504543088 3
13846189584 3
13836653237 3
13836615537 3
13845404103 3
15804545283 3
13836664121 3
13845412268 3
13845454265 3
15045417883 3
13845472186 3
15904547568 3
13946453891 3
13846181160 3
13704864917 3
15904544067 3
13903684175 3
13945452881 3
15845452602 3
15946564486 3
15946564465 3
15804543169 3
15945884632 3
13704541361 3
13624542792 3
13504544782 3
15164515739 3
15145451615 3
15046491961 3
13555593249 3
13555590015 3
13946445901 3
13624543447 3
15904542270 3
13846174242 3
15945883506 3
15946551039 3
18714540952 3
18249251733 3
13604543348 3
15046490670 3
13945483176 3
13704862373 3
15845404113 3
15945888460 3
13946443397 3
15046463818 3
13704542903 3
13845455870 3
15046493291 3
13946420547 3
13704866361 3
15145457959 3
13734541860 3
15945885743 3
13734542975 3
15946563791 3
13845406781 3
13704864426 3
15045403453 3
15145451090 3
15045403349 3
15045403390 3
15045403031 3
13555598949 3
13734545211 3
13704540685 3
15845452301 3
15145452397 3
13803650441 3
15145489558 3
15145452395 3
15845452457 3
13704864591 3
13945474279 3
15164515083 3
13903688087 3
13704542092 3
13946440391 3
13624542691 3
15945880983 3
15945881187 3
15945880463 3
13614693603 3
15945880350 3
15945880271 3
13846144703 3
15164511397 3
15045407461 3
13846160095 3
15145456673 3
13836647752 3
15145457213 3
13845417495 3
13836647475 3
15145457298 3
13604866472 3
13604866730 3
15164517157 3
13945456920 3
15145457175 3
13512646030 3
13945462860 3
13644540783 3
13555593977 3
13945497105 3
13504697069 3
15045407433 3
13903685798 3
15164516768 3
13945467549 3
13603696237 3
15946556502 3
15145487766 3
13946472278 3
15145496767 3
15046462507 3
15145487068 3
15164516786 3
13664548178 3
13946446635 3
13946446902 3
13946427372 3
13946427670 3
13704861203 3
13644684792 3
13946421491 3
13803668871 3
13836601163 3
15045403117 3
13836644622 3
15145457649 3
13836640779 3
15164510207 3
15046494013 3
13846144085 3
15045403799 3
13846143137 3
13512666531 3
13512698417 3
15046466603 3
13604865515 3
15145453255 3
13803654612 3
15804547792 3
13945452582 3
18245455890 3
13624544885 3
15145489286 3
15845407351 3
13946454348 3
15164517187 3
13946425200 3
13845417051 3
13836660021 3
13555596130 3
13803664670 3
13946427368 3
15946560699 3
15946560799 3
15045406918 3
13512678374 3
13803663121 3
15945886983 3
13704544366 3
15145491818 3
15845400802 3
15846991392 3
15845450098 3
13644540622 3
15164517421 3
13846171817 3
15945887682 3
15164517437 3
15164517476 3
15845459522 3
13946405419 3
13846142172 3
13945485149 3
13945482732 3
13803665452 3
15845455346 3
13836641517 3
15845455971 3
13704546109 3
15845455998 3
15945881020 3
13704545329 3
13836668948 3
13555584496 3
15846990790 3
15164511066 3
15945886322 3
15145491611 3
13644544590 3
15164511302 3
13903685709 3
15046493186 3
13845411383 3
15804545785 3
15045419027 3
15946551911 3
15045419064 3
15045419053 3
15845451538 3
13845475023 3
15164511071 3
13846143648 3
15145455966 3
13664543776 3
13845403965 3
15045419155 3
15164517150 3
15164517163 3
15164516798 3
15904545493 3
13945452599 3
13664543983 3
15904545496 3
13555592327 3
13684545591 3
15045413845 3
13684540180 3
13684540132 3
13836615036 3
15845451981 3
13684540078 3
13684540128 3
15145451136 3
15945403023 3
15145451152 3
15145451151 3
15145451167 3
13846143653 3
15145458888 3
15145456138 3
15145424567 3
13555591332 3
15904541817 3
15904541863 3
15904541943 3
15846991698 3
15945884013 3
13945460476 3
15945884161 3
15945884192 3
15945884302 3
13624541208 3
15904544986 3
15946550237 3
13803662445 3
15046492162 3
15945883017 3
13946471457 3
13512694102 3
15845402183 3
15145454088 3
13845409172 3
13846187680 3
15145487872 3
15145456888 3
13903688413 3
13664541800 3
13846183860 3
13555587528 3
13704863480 3
13634540316 3
15145459827 3
15946552811 3
13846135875 3
15245484137 3
13945459830 3
15045407216 3
13614690850 3
13846183897 3
13845454059 3
13604865079 3
13846143248 3
15945887218 3
13945463662 3
13836661623 3
13846130255 3
15945889949 3
15164510345 3
13604541632 3
15164511376 3
13644540856 3
15164510188 3
13803652805 3
15945889494 3
13946441649 3
15164512727 3
13946443701 3
15046491960 3
15164511491 3
13555590870 3
15164513772 3
15164514767 3
15845454950 3
15845406876 3
13845450532 3
13803657886 3
13604865103 3
13603693490 3
13555593799 3
15945881388 3
13945473431 3
15904540089 3
15145452588 3
15804545991 3
13946471185 3
15145452917 3
13614541010 3
15845456531 3
15846997210 3
13846136011 3
13946441131 3
13846161668 3
13803655476 3
13836667566 3
13512673852 3
13803650232 3
13512698434 3
13624545626 3
13512665215 3
13704543145 3
13555580851 3
13803656186 3
13945467428 3
15145498066 3
13504543510 3
13504540302 3
15164510535 3
13946455960 3
15846993802 3
15145455317 3
13846157550 3
13846158264 3
13945450689 3
13836657966 3
15845459798 3
15145450560 3
13624544399 3
15245483545 3
15945403248 3
15046463491 3
13504544211 3
13704540233 3
15946554451 3
13624544846 3
13846173519 3
15946561137 3
15846991432 3
13945462147 3
13704543228 3
15045410429 3
13604863843 3
15145451686 3
13603696308 3
13946421467 3
15145452883 3
13846187503 3
15904545806 3
13644540690 3
13946422616 3
13946422617 3
13846151939 3
15845402513 3
15946560636 3
15145451946 3
15145452446 3
13836650833 3
15145451795 3
15946565681 3
15946565845 3
15164512713 3
15145489797 3
15946568891 3
15846992397 3
13555583138 3
13555593319 3
15145452743 3
15904544658 3
13903682659 3
15145453632 3
15145453690 3
15145453689 3
15145453683 3
15145455725 3
15845451706 3
13734542327 3
15145453053 3
15845453219 3
15945882642 3
13734542931 3
13734542576 3
15845455270 3
15164513803 3
15945400747 3
13734542510 3
13846150597 3
15145455728 3
15845403063 3
15845403041 3
15845402985 3
15945882605 3
15145452639 3
15904544298 3
18249236423 3
13903684522 3
15145488505 3
15946563960 3
13796356179 3
15045413713 3
13704863510 3
15045413543 3
15045413402 3
15045413541 3
15204545858 3
13704866769 3
15145452889 3
15145452806 3
15145488535 3
13946453913 3
13904546300 3
15045413352 3
13803662371 3
15145454858 3
15145450321 3
15804540026 3
15845452899 3
15045406796 3
13946473608 3
15845404088 3
13846144552 3
15045403097 3
15204543318 3
13845477742 3
15145457370 3
15946568483 3
15046465566 3
13555593360 3
15145499379 3
13614693949 3
13614696337 3
15145489393 3
15145488926 3
15245457844 3
13846136323 3
13624544509 3
13684546066 3
13634546279 3
15145499281 3
15946565425 3
15145455846 3
15046469797 3
15145453045 3
15145451481 3
13845405938 3
13684545090 3
15945886310 3
13614691987 3
15145489543 3
13845400881 3
15145452555 3
13946440699 3
13846159459 3
13945470569 3
13945478412 3
13704548191 3
18245485250 3
15145452436 3
15145454936 3
15046498065 3
15046498067 3
13604546406 3
13604546407 3
15145499416 3
15845401566 3
13555581919 3
13604544699 3
13846153862 3
13734540003 3
13836643157 3
18249240456 3
15145452687 3
13846135887 3
15046466795 3
15145499519 3
13945481258 3
13945473265 3
13512644266 3
15145499378 3
13904546911 3
15145455401 3
15804541611 3
13946425366 3
13836665335 3
15145489595 3
13803663039 3
13945477347 3
13734540488 3
13846184277 3
13614698775 3
15204549799 3
15204549899 3
18245496821 3
13512645078 3
15846997884 3
13836651604 3
13836602049 3
13836658937 3
15204545151 3
13836667456 3
15946566818 3
18204549529 3
13945466433 3
13836665470 3
13846188106 3
13634545343 3
13704862264 3
13945486264 3
15904540582 3
13604543474 3
13903685968 3
15204547274 3
15945402136 3
15904549122 3
15204540858 3
13624542324 3
13512677524 3
13684541981 3
15946562635 3
15845402437 3
15845454861 3
13614544352 3
13664544698 3
13664545772 3
15845454910 3
15046492743 3
15845400939 3
13604865880 3
13604865941 3
15204547828 3
13604866318 3
15246496828 3
13555594762 3
13845477169 3
15204549765 3
15145453800 3
15204541002 3
13946474266 3
13846180066 3
13846190837 3
13903687567 3
15045409311 3
13946425218 3
13845457882 3
15204543662 3
13836603184 3
15945402085 3
15204540855 3
15245459999 3
13803667489 3
15204547777 3
15245488888 3
15245406666 3
15045404660 3
13644543874 3
15204543757 3
13512679282 3
13946456991 3
15164516100 3
15204542120 3
13624547054 3
13845458291 3
13555596553 3
13945476170 3
15245454083 3
13904549390 3
15204549036 3
15204549611 3
15845409089 3
15145488865 3
13512675189 3
15204549287 3
13945467616 3
13846162096 3
15145494187 3
13634540284 3
13846150466 3
13946472300 3
13634543438 3
13634547884 3
13846160128 3
13846140201 3
15204548988 3
15204548989 3
13684545388 3
13846158479 3
15145457406 3
13644541464 3
13846181377 3
13903683077 3
13903685377 3
13846157993 3
15204549926 3
15204549928 3
15946560262 3
15045411167 3
13704861159 3
13704547937 3
15145457018 3
13504543184 3
13555593886 3
13604545754 3
13555580610 3
15145455377 3
13634544837 3
13634545564 3
13634540354 3
13945486378 3
13945474380 3
18245488750 3
15145487373 3
13512681804 3
15946556303 3
13836603353 3
13555586430 3
15145454940 3
13684547151 3
15845450020 3
13836602124 3
13555590724 3
15846990556 3
13945467223 3
15804545793 3
13836606720 3
13803662202 3
15045411159 3
15846991245 3
13845404013 3
15145453432 3
13945472946 3
13512649375 3
13504543504 3
13512687548 3
15145452877 3
13704546059 3
13512684884 3
13803665424 3
13512684774 3
13614699960 3
13846162556 3
15946566616 3
13614694369 3
15846992566 3
15946550373 3
15946555450 3
13512671004 3
13945482880 3
13504546223 3
13555593964 3
15804548058 3
15145456291 3
13946441722 3
13614693832 3
13946457993 3
13512662494 3
13603691063 3
13803666828 3
13614693932 3
13845418871 3
13555581757 3
15945885642 3
13904544626 3
13946400569 3
15845405706 3
15045410668 3
15045413891 3
13512681924 3
13555583027 3
15945400328 3
15045405180 3
13604546134 3
13946446031 3
13512665684 3
13803662514 3
13846153397 3
15904540607 3
13846192262 3
13512643239 3
13555581466 3
13512681824 3
15145499271 3
15046499688 3
13512646814 3
15046499355 3
13512645002 3
13734541314 3
13604542194 3
15945403835 3
15945880640 3
13796352852 3
13946474115 3
15904541089 3
13946474140 3
13836654067 3
13836665210 3
13704866277 3
13512666303 3
13836654918 3
13734546066 3
13704865528 3
15145489948 3
15845408511 3
15845453063 3
15164516462 3
15045408890 3
13603693389 3
13836602263 3
13555592804 3
15204546565 3
15204547676 3
15204548188 3
13555589890 3
13555599871 3
13946471399 3
13704544190 3
15945400100 3
13836657011 3
13836660911 3
13803669849 3
13846159292 3
13555591557 3
13555590524 3
13555592524 3
13603694094 3
15164512348 3
13512683153 3
15204543002 3
15204544020 3
15204543221 3
15845455647 3
15045405930 3
13512643854 3
15045404428 3
13946440587 3
15846992870 3
13803658998 3
13684546154 3
13555597689 3
15145496161 3
15145488910 3
15145453678 3
13846176679 3
15204543459 3
15945889080 3
13903683232 3
15945403131 3
13946421856 3
13803651884 3
13845459532 3
13555584547 3
15204544182 3
13555590604 3
15845403523 3
13704860949 3
13734544654 3
15045413602 3
15204548066 3
18845493830 3
13614690884 3
15204540585 3
13903687533 3
13846172231 3
13946450367 3
13555590577 3
15845400101 3
18745467007 3
15946568085 3
13504696095 3
15046498020 3
13734542994 3
13904549923 3
13945453906 3
13603692448 3
13904546108 3
13836655326 3
13504696429 3
13845457369 3
13903684236 3
13903683736 3
13846135879 3
13555582582 3
13846134110 3
13904544731 3
13604547089 3
13634540072 3
13624659053 3
15204549517 3
13846174216 3
13803651259 3
13803651257 3
15204549778 3
15204549960 3
15946556022 3
15204549766 3
15204549599 3
15204549989 3
13836664847 3
15204549598 3
15204549908 3
15204549390 3
15145441777 3
15804544766 3
13846156826 3
15204546973 3
15145489234 3
15204546679 3
15204546673 3
15204546671 3
13512646673 3
15845407209 3
13512676689 3
18249240546 3
13604867833 3
15204546070 3
15204546079 3
15204546583 3
15164516322 3
15204547152 3
15204547173 3
13555586477 3
13945497182 3
13704867636 3
15204548411 3
13704867737 3
13555597100 3
15204547180 3
15164517397 3
13836606507 3
13946427599 3
13604866268 3
15045407099 3
15204540202 3
15145496987 3
15164517393 3
13604867796 3
15046466477 3
18245476815 3
15204547170 3
15204542080 3
15164516602 3
15046496061 3
15046496175 3
13604546327 3
13796356405 3
13946446207 3
13946426053 3
13845455803 3
13945486219 3
13624543689 3
13614541879 3
15204546889 3
13836657171 3
15204546879 3
13614541897 3
15204546861 3
13624541308 3
13945487503 3
15204541828 3
13734546740 3
13903687496 3
15204540156 3
15204541871 3
13803655623 3
13704546852 3
15204541167 3
15204546872 3
13512641485 3
13684548327 3
13512699293 3
15204546210 3
13803655475 3
13796356986 3
13796356427 3
13796356170 3
15204546087 3
13734546608 3
13846163560 3
15946557083 3
15945887392 3
18245481858 3
15946556295 3
15846996972 3
13845416868 3
13945481802 3
13846131841 3
13512687850 3
15145452700 3
15845406723 3
13846181105 3
15204545405 3
13846135188 3
13603692009 3
15845406867 3
13836647413 3
15946565399 3
13846156818 3
13904549418 3
13555583491 3
13644541374 3
15204545432 3
13836642420 3
13684541181 3
15145487180 3
15204540220 3
13603694911 3
15204541288 3
13836645510 3
13614692164 3
13946471315 3
15204540859 3
13603692319 3
13555593409 3
18249265113 3
13512679379 3
13512681871 3
13664549411 3
15204547100 3
13903680116 3
13555591291 3
15145487790 3
15945402389 3
15204543980 3
13845458128 3
13836666101 3
13512649599 3
13836666352 3
13734548826 3
15845405909 3
15204540807 3
15204547373 3
13796356005 3
13903683647 3
13803658680 3
15846999015 3
13845418661 3
15204547375 3
15145459493 3
13555597824 3
15204543513 3
15204541539 3
13704863583 3
13604865493 3
15204548999 3
15245456975 3
15204541319 3
13836658613 3
13604545951 3
13512646284 3
15204540570 3
15145491666 3
15145453887 3
13846147341 3
13846147357 3
13555586874 3
15204540445 3
13704541324 3
13803659177 3
13845450697 3
15204541143 3
13846170998 3
13846171291 3
13836668734 3
15946566118 3
15204540437 3
15145456616 3
13904546480 3
15204541037 3
13504549490 3
15204543199 3
15204543663 3
13512674194 3
18845492802 3
15204543085 3
13704863099 3
13846180217 3
15845454703 3
13946449751 3
13946425432 3
15204541145 3
13946449759 3
15945402545 3
15045402080 3
15204541170 3
15204542027 3
15204542029 3
13903683758 3
15204542039 3
15045401389 3
13946459732 3
13846192013 3
15904549539 3
13684544866 3
13604540792 3
13604540762 3
13846184956 3
15204548860 3
15845455603 3
15045402817 3
15045402917 3
15045403103 3
13555597088 3
15946559967 3
15946568912 3
13946451318 3
15045411773 3
15845408893 3
15845458626 3
15904549660 3
15204541532 3
13946457130 3
15204543869 3
15846993818 3
13846152056 3
15045411332 3
15845451080 3
15204549098 3
15846991563 3
15904549458 3
13555598180 3
15904541201 3
18245471260 3
18845412347 3
13704866046 3
15204544430 3
15946566488 3
15145454573 3
15204542140 3
13945484370 3
13512682085 3
13946454978 3
13704541045 3
13846161745 3
13604548156 3
13946421841 3
13504548426 3
13704863484 3
13836645975 3
15145456782 3
13512678472 3
15204543928 3
15145457522 3
13903682196 3
13945475311 3
13504543877 3
15046464388 3
13945455236 3
15245486888 3
13846142195 3
13846193195 3
13836643934 3
13555594300 3
15045419177 3
15045419184 3
15045419194 3
15045419224 3
13845472990 3
13836644434 3
15904543045 3
13796352160 3
15804549278 3
15845458316 3
13846182471 3
15145454652 3
13555587364 3
15046464302 3
15204543891 3
15846998268 3
13704545334 3
15945403128 3
13846182399 3
15145495688 3
13945466510 3
15145496262 3
15204546799 3
13836664342 3
15245456488 3
13945481886 3
13603694186 3
13946444485 3
13836665400 3
15204545022 3
15904540404 3
13604541600 3
13512663495 3
15904549337 3
13946443797 3
15904542073 3
15945401812 3
13512685284 3
15045403153 3
15045405832 3
15804540611 3
15946563277 3
13846156920 3
13604540809 3
13604542307 3
13846162329 3
13846197065 3
13946442886 3
13845454993 3
13512641172 3
15045408366 3
13603691637 3
13946408801 3
13946408092 3
13946408172 3
15204543248 3
13704540054 3
13836666842 3
13846139503 3
13946448501 3
13945450171 3
15245403777 3
13555586587 3
13946408436 3
13664547628 3
13846178519 3
13946408613 3
13734546778 3
13512667328 3
15945888961 3
13634544150 3
15204546160 3
15204546168 3
13555582251 3
13945497209 3
13604542257 3
13945476427 3
15845458597 3
13846156658 3
13704862593 3
13836658494 3
13845453996 3
13512649543 3
15204540083 3
15204545013 3
13846161026 3
13846162136 3
15046491638 3
13512683734 3
18245477099 3
13803650672 3
15046465391 3
15204542201 3
13836644179 3
13846191291 3
13803653357 3
13555584958 3
13846132796 3
13846133316 3
13836644618 3
13846162748 3
13946448593 3
15846998639 3
15846993987 3
13604866694 3
15045406360 3
15945889586 3
15845400799 3
13836658708 3
15845408995 3
15204540578 3
18745492070 3
13836664309 3
13634542405 3
13634542576 3
13846171810 3
13684542423 3
15204546306 3
13734549817 3
15204545328 3
13803661736 3
15164516437 3
15145458350 3
13684541780 3
13946447037 3
15245486333 3
13684541652 3
13846190246 3
13846153625 3
15204541815 3
13644547940 3
13624540204 3
13836663637 3
15245456489 3
15204541800 3
15245456620 3
15245456627 3
13704546734 3
13555595891 3
15245456396 3
15204546304 3
13604545451 3
15245456416 3
13836668204 3
15804548889 3
15904545423 3
15145450020 3
15845455098 3
15145452213 3
13604543716 3
15164510696 3
15164510806 3
15145452013 3
13803664769 3
15164512917 3
13846187780 3
15946552720 3
15946567099 3
15804547517 3
15046496758 3
15046496625 3
15946566311 3
13845406455 3
13836662672 3
15164512048 3
15145487977 3
15164513272 3
15804541777 3
13846151572 3
13945474431 3
13604543721 3
15145454415 3
15164511855 3
13512643269 3
15164511757 3
15145450788 3
13644544399 3
13846173413 3
15145450226 3
15945881399 3
13846131587 3
13946405162 3
13512682445 3
15145455128 3
15145454451 3
13846173921 3
15145455126 3
15145453223 3
13836651241 3
13946423645 3
15145488988 3
13796353255 3
15145450072 3
13846174520 3
13945462087 3
15845402079 3
15845403151 3
13846154605 3
15145487654 3
13846140645 3
13846187316 3
13634546065 3
15046463611 3
13946424559 3
13512673403 3
13803661169 3
13836607528 3
13634542740 3
13803666320 3
13946459335 3
15164513248 3
13644684416 3
13846133542 3
13846154431 3
15904549459 3
13846195801 3
13945474085 3
15945401238 3
13946422810 3
13945474199 3
13634543190 3
13903686031 3
13604865830 3
13836658921 3
18245458125 3
15845401227 3
13836600163 3
13644547261 3
13644547273 3
13644547272 3
15945884815 3
15164510822 3
15804548416 3
13634546116 3
13803655836 3
15046464355 3
15046493746 3
15164510995 3
13555583468 3
13836646921 3
13555585022 3
15164515188 3
15945884857 3
13734547161 3
13734547151 3
13512661598 3
15945403659 3
13846180792 3
13604864551 3
13846162796 3
13603692323 3
13604863700 3
13836660190 3
15164517588 3
15845405347 3
13803659130 3
15164515212 3
13836667941 3
13946444426 3
13512675582 3
13704867303 3
13846133868 3
13946472655 3
13504540076 3
13846160759 3
13664547201 3
15164511017 3
13604546180 3
15946553288 3
13555580165 3
15845453320 3
13634546236 3
13603695217 3
13512661464 3
15804545948 3
13845403948 3
13945460981 3
13946442259 3
13903680081 3
15846994822 3
13664545225 3
13945459792 3
13846175415 3
13704545338 3
15945403091 3
15164510969 3
15845401516 3
13846135941 3
13946457751 3
13946427719 3
13704864075 3
18304547658 3
13603699863 3
13555587961 3
15946560205 3
15145458383 3
15145459188 3
15145459377 3
15145458168 3
15145459118 3
15145459600 3
13704544693 3
15145459711 3
15145455959 3
13796354982 3
13796351792 3
13624541731 3
15145454321 3
13512684172 3
13945481375 3
13796354171 3
13946474259 3
13836640720 3
15046463811 3
13684543426 3
13946473501 3
15164514487 3
13684541481 3
13946471549 3
15145451070 3
15145452727 3
15945883688 3
13845403030 3
13845453639 3
15164513663 3
13846192491 3
13846175672 3
13796352900 3
13846174722 3
15145450607 3
15845405198 3
13634542493 3
15904545135 3
15145458105 3
15145487678 3
15145453239 3
15145487885 3
13836656545 3
13803662747 3
13803660811 3
15946563434 3
13845472687 3
15145455061 3
15164511611 3
13512694339 3
13644684235 3
13504697819 3
13644547062 3
13624540576 3
15904543048 3
13946450039 3
18845480088 3
15145454661 3
13512646975 3
13512647096 3
13796356756 3
15145456213 3
13796357070 3
15145450696 3
13845412996 3
13846171281 3
13846165268 3
13945459938 3
13845471775 3
13846192178 3
15946552645 3
13604548325 3
13846172017 3
13846190089 3
13846190148 3
13904549394 3
13846173418 3
15245456993 3
13904545843 3
13845475506 3
13945459122 3
13704541951 3
13945454327 3
13604545301 3
13704866438 3
13846182982 3
15845404036 3
13846183018 3
15045415993 3
15164511607 3
15164511609 3
15164511612 3
15164511623 3
15164511633 3
13796359367 3
13504544485 3
13512642451 3
13836654921 3
15145457543 3
13836641343 3
15145454218 3
15145487432 3
15145450326 3
15145452340 3
15145453906 3
13845471371 3
13555590173 3
15845455189 3
15145454663 3
15904543658 3
13845478867 3
15145450202 3
13836642752 3
15145458065 3
15145487899 3
15145455215 3
15145487998 3
15904544566 3
13644547693 3
15145454700 3
13664546780 3
15164513933 3
15145450201 3
13704862741 3
15145452281 3
15145457066 3
15164516079 3
13512665990 3
13512665979 3
15145487599 3
13836660228 3
13674549770 3
13946457646 3
15145452096 3
15145456841 3
15145456805 3
15145456793 3
15145456748 3
15145456746 3
15145456734 3
15145456732 3
15145456731 3
15145456729 3
15145456723 3
15145456640 3
15145459907 3
15164514968 3
13603695498 3
15046465678 3
13512666778 3
15145451047 3
15845456675 3
13945452713 3
13904545240 3
15145453072 3
15145450992 3
15045401882 3
15145487123 3
15845401060 3
13734543228 3
13845415153 3
13734541838 3
13845401107 3
13512660780 3
13512661082 3
13945460325 3
13904544885 3
13836650591 3
15046494665 3
15945881815 3
15145450775 3
15145450776 3
13512670229 3
15145450290 3
15164511715 3
15145456118 3
15145455151 3
15145451207 3
15145450081 3
13704547631 3
15145454611 3
15945402010 3
13845454893 3
13604543880 3
15145450996 3
13634543949 3
15145488088 3
15945882558 3
15145455133 3
15145455119 3
13684547655 3
15145457899 3
15164517090 3
15845408079 3
15845409158 3
15945889312 3
13512665366 3
13555584099 3
13624545158 3
15145459686 3
15164516695 3
15145487833 3
15145452980 3
13604865510 3
13836644910 3
15145457756 3
13945474931 3
13504546319 3
13846190781 3
15845405177 3
15846995658 3
13664546122 3
13512674043 3
15804544260 3
15946557387 3
15946557397 3
15846993996 3
15045414632 3
15946556740 3
15145496542 3
13614690069 3
13624540038 3
13512694593 3
15846995251 3
15846993437 3
15145487626 3
15945882849 3
13624545883 3
13624540810 3
15145489004 3
13704541742 3
15145457655 3
15145489061 3
15145489058 3
15145489097 3
13945472158 3
15145489089 3
15164514877 3
15145489065 3
15145489001 3
15145489002 3
15145458484 3
15145489052 3
15145489067 3
15145489059 3
15145489088 3
15145489076 3
15145489051 3
15145489053 3
15145489066 3
13845418131 3
15145489030 3
13846179711 3
15145489020 3
15145489072 3
15145489015 3
13555599572 3
15846994667 3
13634544287 3
15946552131 3
13674549188 3
15145488177 3
15145450419 3
15145488077 3
13504698367 3
15145488223 3
15145453009 3
15145488005 3
15145450355 3
13624545639 3
15145453725 3
13512699925 3
13836669652 3
13845419685 3
15845405871 3
15164513225 3
13734545622 3
13734545157 3
15145453866 3
13512671866 3
13845474631 3
15145499969 3
15045419071 3
15045419152 3
15145488558 3
15145499876 3
13634544426 3
13734541353 3
15946566062 3
13903689389 3
13734543860 3
15045419050 3
15145499956 3
15804542452 3
13603699183 3
15145499939 3
15145488983 3
15846992953 3
13845479226 3
15945885802 3
15145488606 3
15145488669 3
15145487665 3
13836640127 3
13945472602 3
15046494266 3
13846196215 3
13845416703 3
13836643499 3
13836665538 3
15804547485 3
13845416993 3
15145454876 3
13512689464 3
13846163492 3
15145450166 3
15145455965 3
13614690927 3
13603694298 3
13845413513 3
13555594572 3
13644540922 3
15164511688 3
15845455497 3
13604867030 3
13512647419 3
13845452015 3
15145456157 3
15145456105 3
15145456131 3
13836662509 3
15046494340 3
15145454549 3
15145456121 3
15145451206 3
13504545760 3
15145458985 3
15145452323 3
13704548419 3
13803651620 3
15145454171 3
13903688169 3
13644684063 3
13836655825 3
15945888078 3
18249262681 3
13512643736 3
15145450486 3
13512662920 3
15145488750 3
15145488762 3
15145454290 3
15046496395 3
13836647268 3
13946452050 3
15046490463 3
15145488874 3
15145488425 3
15164512517 3
15164514490 3
13845471795 3
15046491036 3
15845454320 3
15945403010 3
15945404498 3
15145487651 3
15145454107 3
13634546965 3
13512662935 3
15145488427 3
15145488437 3
13803663531 3
15145488798 3
15845405353 3
15145457955 3
15945401296 3
15164515135 3
15145487788 3
13504543840 3
13555582375 3
15945883121 3
15145488081 3
15946555696 3
13624542189 3
15145457825 3
15846990717 3
15164517098 3
13846199120 3
13704549135 3
15145457817 3
15145457819 3
15845404986 3
15145457901 3
15145457903 3
15145457904 3
13624542297 3
15145459937 3
13845470566 3
15145454479 3
15145488858 3
15846994086 3
15846992446 3
15846993221 3
15945402132 3
15145455908 3
15804549798 3
15846992771 3
15145457848 3
15145457042 3
13846161532 3
13644686192 3
13903685898 3
13836667728 3
15145456340 3
15145456343 3
15046461039 3
13945483647 3
15145456350 3
15145456361 3
13684546690 3
13734547235 3
13836643540 3
13684546260 3
15145456557 3
13946457916 3
15145456160 3
13946450286 3
15145456159 3
13945476006 3
15045405040 3
15845454599 3
15946551148 3
15945403040 3
15846991160 3
13946451241 3
15046494861 3
13614691448 3
13946403754 3
13734540949 3
13796357515 3
15804542767 3
15145454295 3
15846993196 3
13803657042 3
13803657047 3
13845406541 3
15145457877 3
15945402491 3
13796352619 3
13836640640 3
13734540802 3
13512683518 3
13634544299 3
15164515986 3
15046466646 3
13836603488 3
13846152395 3
15145453939 3
15164511390 3
15164511392 3
13664540541 3
15164514970 3
15164514971 3
15164511459 3
15804543241 3
15845402767 3
15845402479 3
15164511381 3
15046490391 3
13945471100 3
13945471511 3
13945471515 3
13945471633 3
13945472018 3
13945472866 3
13945473399 3
13945473499 3
13945473660 3
13945473860 3
13945474519 3
13945474788 3
13945475029 3
13945475295 3
13945475336 3
13945475544 3
13945475599 3
13945475757 3
13945475768 3
13945475810 3
13945475939 3
13945477049 3
13945477444 3
13945477761 3
13945477767 3
13945477808 3
13945478072 3
13945478162 3
13945478303 3
13945478363 3
13945478738 3
13945478903 3
13945479112 3
13945479216 3
13945479667 3
13945479696 3
13945480018 3
13945480048 3
13945480077 3
13945480309 3
13945480990 3
13945481068 3
13945481758 3
13945481819 3
13945481897 3
13945482183 3
13945482345 3
13945482766 3
13945482777 3
13945482882 3
13945483097 3
13945483188 3
13945483663 3
13945483765 3
13945484449 3
13945484999 3
13945485108 3
13945485296 3
13845417023 3
13845417123 3
13845417319 3
13845417333 3
13845418158 3
13845418278 3
13845418687 3
13845418957 3
13845418997 3
13845419006 3
13845419578 3
13845419889 3
13945427333 3
13945443456 3
13604547829 3
13945448666 3
13945450161 3
13945450396 3
13945450500 3
13945450966 3
13945451010 3
13945451265 3
13945451345 3
13945451515 3
13945451617 3
13945451688 3
13945452073 3
13945452099 3
13945452728 3
13945452906 3
13945453086 3
13945453187 3
13945453232 3
13945453434 3
13945453444 3
13945453545 3
13945453570 3
13945453576 3
13945453928 3
13945454222 3
13945454550 3
13945454678 3
13945455171 3
13945455268 3
13945455339 3
13945455542 3
13945455576 3
13945455577 3
13945455582 3
13945455710 3
13945456004 3
13945456358 3
13945456410 3
13945456755 3
13945456780 3
13945456885 3
13945457774 3
13945457868 3
13945458018 3
13945458028 3
13945458101 3
13945458718 3
13945458857 3
13945459287 3
13945459366 3
13945459944 3
13945460091 3
13945460108 3
13945460120 3
13945460202 3
13945460657 3
13945462345 3
13945462757 3
13945463480 3
13945463600 3
13945463833 3
13945465238 3
13945465551 3
13945465552 3
13945465767 3
13945466347 3
13945466405 3
13945466688 3
13945466882 3
13945466993 3
13945466998 3
13945467300 3
13945467711 3
13945467788 3
13945467789 3
13945468143 3
13945468667 3
13945468680 3
13945468798 3
13945468800 3
13945468801 3
13945469000 3
13945469155 3
13945470011 3
13945470130 3
13945470198 3
13945470345 3
13945470387 3
18724213355 3
13904545586 3
13904545659 3
13904545970 3
13904546605 3
13904546925 3
13904547091 3
13904547097 3
13904547630 3
13904547800 3
13904547865 3
13904548109 3
13904548159 3
13904548197 3
13904548469 3
13904548838 3
13904549000 3
13846191223 3
13704549690 3
13704861890 3
13555593656 3
15046468283 3
13845459810 3
13945486936 3
13945487018 3
13945487101 3
13945487110 3
13945487558 3
13945487830 3
13945487886 3
13945487999 3
13945488088 3
13945488098 3
13945488188 3
13945488343 3
13945488468 3
13945488485 3
13945488488 3
13945488665 3
13945488689 3
13945488796 3
13945488818 3
13945488877 3
13945488878 3
13945488888 3
13945489588 3
13945489656 3
13945489666 3
15164514030 3
18845489296 3
13614692082 3
18714542803 3
13945487479 3
15204546351 3
18724215148 3
18745479680 3
13945498592 3
13512698403 3
13644540461 3
13555588629 3
13846134779 3
18245455618 3
18324543932 3
13624544021 3
13512694461 3
13845406853 3
18245467160 3
18249821792 3
15945887411 3
13846198175 3
18845429058 3
13945474627 3
15946562600 3
13846151659 3
13846162638 3
18245458857 3
15845402325 3
13846155161 3
18204548646 3
18245458082 3
15946568480 3
13945451550 3
13846191289 3
15246494835 3
15145494405 3
13946454097 3
13664540449 3
18245454602 3
18724542412 3
15845407909 3
13512640300 3
18245466498 3
15845459957 3
18249240863 3
13845476136 3
15246490844 3
13845458179 3
15046497493 3
13803650964 3
13734547002 3
18724548181 3
18245471606 3
13904549392 3
15246499091 3
13704549407 3
18745472007 3
13634546524 3
15945882881 3
13846193160 3
18745456739 3
13846143741 3
13946423524 3
15945402016 3
13846152813 3
15246491235 3
13734543185 3
13945465897 3
18714545346 3
18245486262 3
13684544184 3
18845405950 3
13846159388 3
15145493125 3
13614693287 3
13903686529 3
18245451837 3
13614695726 3
15245459566 3
13903682230 3
18745477760 3
18745484537 3
18324541759 3
15845403848 3
15214669046 3
18845424294 3
13845417373 3
13845412088 3
13846196677 3
13945467887 3
13836607088 3
13845470518 3
13945462881 3
13846176600 3
13846196688 3
13836603218 3
13846165000 3
13836607738 3
13845401543 3
13845406915 3
13846194466 3
13845407059 3
13845400013 3
13846178488 3
13846165528 3
13945499578 3
13846195066 3
13846176861 3
13836653776 3
13846198626 3
13846193199 3
13846155757 3
13836660977 3
13946455567 3
13945455544 3
13603698880 3
13845477198 3
13945470003 3
13836667058 3
13845451508 3
13836641141 3
13803666990 3
13846161828 3
13846195680 3
13846190031 3
13945451315 3
13845405626 3
13845406110 3
13836659886 3
13846197252 3
13945450090 3
13836663058 3
13604865533 3
13945457989 3
13846154567 3
13945466722 3
13945451455 3
13845479920 3
13845478069 3
13846175526 3
13945454568 3
13845470470 3
13845470202 3
13846193068 3
13845472323 3
13845473077 3
13945481196 3
13555591370 3
13945497171 3
13945497646 3
13945497688 3
13945497899 3
13945498088 3
13945498725 3
13945498899 3
13945498900 3
13945499088 3
13945499444 3
13945499506 3
13945499588 3
13945499619 3
13945499696 3
13945499788 3
13945499799 3
13946400136 3
13946400555 3
13946401388 3
13946405166 3
13946405198 3
13946405666 3
13946406678 3
13946407555 3
13946408199 3
13946409555 3
13946420038 3
13946420333 3
13946420777 3
13946423876 3
13946428600 3
13946440007 3
13946441118 3
13946442008 3
13946442666 3
13946444555 3
13946449666 3
13946462222 3
13946497777 3
13836649121 3
13836651872 3
13845473679 3
13945450188 3
13945463773 3
13945466481 3
13945466822 3
13945469654 3
13845454440 3
13945499298 3
13845408667 3
13836664598 3
13903687193 3
13945482721 3
13946458508 3
13604548881 3
13846166500 3
13836669001 3
13846156078 3
13945468080 3
13845408525 3
13945452622 3
13836645848 3
13845456085 3
13945485896 3
13845413098 3
13845406700 3
13504548855 3
13803660011 3
13803653388 3
13604548833 3
13846163222 3
13846179933 3
13945467068 3
13846178826 3
13836661299 3
13836662988 3
13803664456 3
13803663789 3
13846196166 3
13846196288 3
13846191777 3
13846155222 3
13846199993 3
13846190828 3
13846171568 3
13846191677 3
13846179158 3
13836659538 3
13846196158 3
13846154449 3
13946445551 3
13946449992 3
13846155554 3
13504698833 3
13846171945 3
13846196497 3
13604540008 3
13846165858 3
13846190396 3
13846167018 3
13846191656 3
13846168060 3
13846159848 3
13846196277 3
13846154992 3
13846198887 3
13845400544 3
13836656660 3
13603699488 3
13946444449 3
13846154666 3
13846153456 3
13803666638 3
13836661758 3
13846177010 3
13846193663 3
13504699903 3
13846198503 3
13846170135 3
13845475456 3
13845401528 3
13845454229 3
13845456546 3
13845405500 3
13836661455 3
13846190066 3
13845454885 3
13846185777 3
13836640567 3
13945452277 3
13846181801 3
13846186661 3
13846183989 3
13846185188 3
13845476689 3
13846183077 3
13846185123 3
13704865866 3
13846184658 3
13945485889 3
13704865576 3
13846181122 3
13836600381 3
13846180002 3
13504696755 3
13845452073 3
13846183288 3
13846183188 3
13845404697 3
13845459868 3
13945465350 3
13945473563 3
13846187538 3
13803669939 3
13846182555 3
13846186525 3
13945474577 3
13945474262 3
13846178928 3
13846198510 3
13846187373 3
18745454776 3
13836666235 3
13945477122 3
13846168838 3
13846168776 3
13945454544 3
13845415488 3
13945486141 3
13846180588 3
13836666501 3
13945454126 3
13846160388 3
13945453979 3
13945477160 3
13836666319 3
13836666317 3
13845479297 3
13846186852 3
13836663918 3
13945482738 3
13945487687 3
13945487281 3
13845416968 3
13846179380 3
13845408236 3
13845407829 3
13845401658 3
13945450643 3
13945450642 3
13845413500 3
13945474133 3
13836601818 3
13945468350 3
13704862056 3
13945453077 3
13704864343 3
13945489433 3
13945483553 3
13845410460 3
13945489589 3
13836665005 3
13845452308 3
13845450822 3
13846199177 3
13604864757 3
13604864377 3
13836609166 3
13945497518 3
13945459378 3
13845452180 3
13704864886 3
13836658615 3
13836651882 3
13836609233 3
13845474000 3
13845452146 3
13836608600 3
13836653587 3
13604864167 3
13845417839 3
13845407781 3
13845478768 3
13836604860 3
13845416569 3
13836664595 3
13945455520 3
13836603248 3
13836602066 3
13845415909 3
13836603669 3
13836660751 3
13845459030 3
13845453828 3
13845411916 3
13845456644 3
13845456835 3
13946458738 3
13945481850 3
13836601235 3
13845406306 3
13836603453 3
13836606886 3
13604864085 3
13945452807 3
13945456063 3
13945458922 3
13945498636 3
13945475633 3
13836608288 3
13945467880 3
13836656526 3
13945475303 3
13945468856 3
13945470903 3
13845414321 3
13945499315 3
13836656562 3
13845415321 3
13945486505 3
13836657132 3
13846154928 3
13945497809 3
13836605508 3
13904549833 3
13836660038 3
13836656756 3
13836663686 3
13836663585 3
13836600323 3
13836653500 3
13836649331 3
13836649605 3
13836657672 3
13836601013 3
13836659200 3
13836668909 3
13945459931 3
13845403335 3
13845415169 3
13845419449 3
13846157617 3
13836652198 3
13945465752 3
13836664796 3
13846156716 3
13836662700 3
13846161276 3
13845478138 3
13836609008 3
13836667589 3
13836653231 3
13836644818 3
13846155529 3
13845413171 3
13845410803 3
13836668826 3
13846150798 3
13945465171 3
13945465466 3
13836662936 3
13846153138 3
13836605281 3
13945479391 3
13836667265 3
13836653039 3
13845458366 3
13836657543 3
13846176588 3
13604865400 3
13836659090 3
13836654137 3
13704866626 3
13836607237 3
13845409213 3
13836643881 3
13845410310 3
13845454626 3
13845478135 3
13836664576 3
13846190466 3
13836605573 3
13836652234 3
13604867778 3
13836615775 3
13836663879 3
13836663830 3
13846162408 3
13836669187 3
13845411320 3
13836654557 3
13604868798 3
13836669595 3
13836607023 3
13836656121 3
13836660544 3
13845455355 3
13945457610 3
13845452788 3
13846163169 3
13945483808 3
13846181833 3
13846180098 3
13846181188 3
13846183883 3
13836667875 3
13945466623 3
13945485677 3
13846181199 3
13846163602 3
13846184170 3
13845407770 3
13945489361 3
13836615791 3
13845410920 3
13836615921 3
13846165871 3
13836615003 3
13945460405 3
13945456554 3
13846190743 3
13846190546 3
13846184806 3
13945458089 3
13945458108 3
13846152101 3
13845411033 3
13704860873 3
13846176948 3
13845417575 3
13945462922 3
13704867916 3
13846184181 3
13945469327 3
13945469158 3
13945468966 3
13845409732 3
13945466685 3
13846178053 3
13836648963 3
13504696225 3
13836662819 3
13836640076 3
13836640948 3
13836608511 3
13836604558 3
13846191858 3
13504697009 3
13836666478 3
13836600336 3
13945470808 3
13504696230 3
13846193007 3
13846197755 3
13836644455 3
13945450821 3
13845470154 3
13846191408 3
13846152278 3
13846159787 3
13846162258 3
13846162251 3
13836645175 3
13945468665 3
13845409459 3
13836644460 3
13846164325 3
13846164410 3
13836642779 3
13846194557 3
13846196735 3
13945458722 3
13945452477 3
13836608177 3
13846164616 3
13836641501 3
13803665677 3
13945461958 3
13845405050 3
13945489299 3
13846185027 3
13846185035 3
13846197395 3
13846162515 3
13704867395 3
13846159353 3
13945489139 3
13504696060 3
13846189966 3
18249246161 3
13846188109 3
13945488652 3
13836662979 3
13836666110 3
13945473443 3
13945458616 3
13846195637 3
13836666095 3
13846158626 3
13945480051 3
13945480081 3
13836642988 3
13846171978 3
13846188075 3
13504699857 3
13846183232 3
13604867866 3
13846193758 3
13945453432 3
13846199256 3
13845413644 3
13846168321 3
13846158377 3
13945456759 3
13945453657 3
13846163995 3
13836600505 3
13945478906 3
13836615456 3
13945459098 3
13836666829 3
13836666862 3
13845475677 3
13555596930 3
13846158526 3
13846151038 3
13945475260 3
13945451785 3
13904546060 3
13803657779 3
13846152701 3
13846152745 3
13845454101 3
13845417796 3
13846166436 3
13845455218 3
13845452234 3
13846198888 3
13845417288 3
13846171711 3
13836602188 3
13846175155 3
13846182366 3
13846180966 3
13846186923 3
13846198816 3
13846198767 3
13945478338 3
13704863929 3
13846188077 3
13845455753 3
13846174552 3
13704865544 3
13836659013 3
13846172216 3
13846161035 3
13846165449 3
13846178813 3
13845408727 3
13846162716 3
13845418932 3
13846166721 3
13846166012 3
13846166923 3
13945471806 3
13845419040 3
13846195589 3
13846155149 3
13846179053 3
13845459445 3
13846166862 3
13845400277 3
13704865788 3
13846192679 3
13846173607 3
13846156952 3
13945484460 3
13846170169 3
13945462432 3
13945450459 3
13846171670 3
13846171563 3
13945488410 3
13846150535 3
13945470630 3
13845405798 3
13836656409 3
13704866535 3
13846188854 3
13845477432 3
13845409225 3
13945463859 3
13945465242 3
13846170386 3
13846168844 3
13836653815 3
13836652719 3
13846164561 3
13512661873 3
13512660548 3
13512660411 3
13512663545 3
13836607962 3
13512660357 3
13512660535 3
13512665526 3
13512665507 3
13846160377 3
13512660686 3
13512662568 3
13512661286 3
13512664388 3
13512666605 3
13836663539 3
13846132008 3
13846132200 3
13846132687 3
13846154788 3
13846159561 3
13512665486 3
13512661835 3
13512663939 3
13512662355 3
13846135190 3
13512662538 3
13846133313 3
13846131118 3
13512662544 3
13846132599 3
13512660990 3
13512662966 3
13945485200 3
13945485155 3
13836602998 3
13836602898 3
13846132577 3
13846132588 3
13836652800 3
13846131387 3
13512662902 3
13836660078 3
13846131368 3
13845458583 3
13845455138 3
13945459050 3
13945458001 3
13945452029 3
13704869133 3
13512669639 3
13512662956 3
13512664487 3
13945469482 3
13846191113 3
13845408255 3
13836662226 3
13846159321 3
13845403826 3
13945466996 3
13945469909 3
13846181148 3
13945458618 3
13846188898 3
13945451525 3
13945465550 3
13945458033 3
13945451213 3
13945459922 3
13846177111 3
13945454561 3
13846169986 3
13512660219 3
13845451202 3
13945450462 3
13846131169 3
13945487299 3
13512662758 3
13512669637 3
13512669608 3
13845477544 3
13846130083 3
13846132988 3
13846132187 3
13803668860 3
13945450489 3
13846169890 3
13512665330 3
13945463755 3
13704865611 3
13836645765 3
13836640768 3
13945480044 3
13845478721 3
13846133556 3
13846160447 3
13512660712 3
13845477522 3
13836649346 3
13512672110 3
13512662120 3
13846186742 3
13512669586 3
13512669337 3
13845415100 3
13845415388 3
13845412466 3
13845456957 3
13845455592 3
13845456337 3
13845401553 3
13845401620 3
13845453680 3
13845406387 3
13836650875 3
13845400339 3
13845452355 3
13836642973 3
13836648190 3
13845402598 3
13846156466 3
13845473223 3
13704863490 3
13846153321 3
13512661121 3
13845475115 3
13945467515 3
13704860689 3
13846153325 3
13846153315 3
13945454085 3
13845407875 3
13836605857 3
13836605630 3
13836609033 3
13836603150 3
13836609937 3
13845417445 3
13845402309 3
13836603531 3
13836645933 3
13836606490 3
13512669399 3
13845471244 3
13903688966 3
13846150077 3
13945476800 3
13945452780 3
13836600036 3
13504696071 3
13945466265 3
13945473879 3
13846173977 3
13945471738 3
13846186444 3
13945498033 3
13945498840 3
13836642322 3
13836601518 3
13945497783 3
13836604706 3
13945472700 3
13903680188 3
13846151677 3
13836668138 3
13903689099 3
13846151799 3
13945462160 3
13836667186 3
13512660168 3
13945486069 3
13512667111 3
13845474793 3
13512668388 3
13836664447 3
13512660127 3
13945481858 3
13945488040 3
13945454968 3
13836662705 3
13846150345 3
13845400450 3
13845400359 3
13846150268 3
13846157879 3
13512661109 3
13846150768 3
13846176358 3
13512661884 3
13836667887 3
13846173438 3
13846130707 3
13836665778 3
13945457919 3
13845474965 3
13846130858 3
13846178906 3
13945472818 3
13846175296 3
13846130598 3
13845476422 3
13846130894 3
13846130266 3
13845475026 3
13704868978 3
13704868820 3
13845471176 3
13704862399 3
13704863496 3
13845450663 3
13846174217 3
13845475076 3
13512660147 3
13512661860 3
13512667118 3
13512660167 3
13512665516 3
13512666608 3
13512665117 3
13945477000 3
13512662876 3
13512663883 3
13512668100 3
13512665787 3
13512668577 3
13512666551 3
13512661181 3
13945451185 3
13945460190 3
13945457739 3
13846174175 3
13945467037 3
13945470315 3
13846164756 3
13512666761 3
13512665151 3
13945456466 3
13846192840 3
13846164357 3
13945450597 3
13836604503 3
13846164823 3
13945454501 3
13836663798 3
13846164625 3
13945451153 3
13945450771 3
13845414699 3
13945464083 3
13845415950 3
13945476905 3
13945463977 3
13945454469 3
13846169761 3
13846158646 3
13845417659 3
13846137185 3
13512671180 3
13846191608 3
13945463867 3
13945459131 3
13945455199 3
13846186271 3
13704864109 3
13704867678 3
13846155550 3
13836645603 3
13836608651 3
13846137661 3
13836642557 3
13512671502 3
13836608206 3
13845416849 3
13846137313 3
13904545818 3
13845419039 3
13836608305 3
13945467498 3
13945463008 3
13604865033 3
13945451672 3
13836606213 3
13836607813 3
13846160461 3
13845408747 3
13512671310 3
13836644512 3
13836644519 3
13836665311 3
13512679444 3
13846159845 3
13836644767 3
13836661775 3
13846136019 3
13846190905 3
13846133673 3
13945470027 3
13846163889 3
13846199478 3
13846185375 3
13846193665 3
13846136160 3
13512672460 3
13512678985 3
13846180305 3
13512678767 3
13846179876 3
13845459559 3
13512678770 3
13846136015 3
13512664508 3
13845478026 3
13846189817 3
13846196828 3
13512670686 3
13512678748 3
13846133636 3
13845459965 3
13512672989 3
13846189200 3
13846183469 3
13846191918 3
13846136219 3
13846199903 3
13845459626 3
13836609099 3
13845456460 3
13846185893 3
13846189211 3
13846195875 3
13512669381 3
13945452824 3
13846153686 3
13945466368 3
13512676560 3
13845457578 3
13846136278 3
13846189083 3
13945459061 3
13512676206 3
13512676207 3
13846133366 3
13845473002 3
13845473429 3
13845477480 3
13846159681 3
13846190321 3
13846131111 3
13846185980 3
13845458827 3
13945466630 3
13836656671 3
13846181855 3
13946456538 3
13836652046 3
13945476908 3
13512676499 3
13845455515 3
13946424000 3
13512676557 3
13846185571 3
13836655675 3
13846189535 3
13846194415 3
13836656890 3
13836644005 3
13845411154 3
13512678338 3
13512678305 3
13803666028 3
13845470485 3
13836601633 3
13704864809 3
13846195048 3
13945451438 3
13512670009 3
13846165508 3
13846163058 3
13846155158 3
13512678953 3
13836645403 3
13945457494 3
13845417779 3
13846183420 3
13845459619 3
13845406955 3
13846165023 3
13846156449 3
13846166875 3
13846171619 3
13512669305 3
13846189238 3
13512664948 3
13845406518 3
13945450288 3
13836603088 3
13836654620 3
13945459773 3
13945486551 3
13945488426 3
13945478293 3
13945451018 3
13945474796 3
13512676086 3
13845407570 3
13845414476 3
13945451896 3
13845473426 3
13845456831 3
13846136932 3
13845413747 3
13836661875 3
13945460600 3
13845453400 3
13845453578 3
13846133822 3
13845474859 3
13846185430 3
13604866077 3
13945479453 3
13845414579 3
13704869215 3
13846192986 3
13846133958 3
13845401682 3
13846130900 3
13945489083 3
13945452605 3
13846181025 3
13846181031 3
13504699677 3
13846180617 3
13846180583 3
13512666796 3
13846167541 3
13846188471 3
13846190646 3
13836604096 3
13836604325 3
13945452993 3
13846172432 3
13512666537 3
13945459069 3
13845473266 3
13945450405 3
13846164450 3
13846164342 3
13945478125 3
13512671422 3
13945477139 3
13836654493 3
13845418828 3
13945450032 3
13945450065 3
13945457790 3
18245470066 3
13836669401 3
15145452483 3
13846138572 3
13512666097 3
13512664136 3
13512664109 3
13512664118 3
13512664168 3
13512660239 3
13512660544 3
13846132226 3
13512667926 3
13512668516 3
13846166806 3
13512665419 3
13512665492 3
13512663508 3
13836641532 3
13512661791 3
13945458022 3
13512669226 3
13846131802 3
13845471679 3
15046497865 3
13945483171 3
13946440282 3
15246476309 3
13846158379 3
13846171173 3
15046496471 3
18249260839 3
18324543855 3
15045400067 3
13803652666 3
13803652916 3
13803653535 3
13803653767 3
13803653920 3
13803654000 3
13803654266 3
13803654488 3
13803654895 3
13803655329 3
13803655665 3
13803656600 3
13803656608 3
13803656660 3
13803656666 3
13803656978 3
13803657764 3
13803657766 3
13803658366 3
13803658686 3
13803658698 3
13803658858 3
13803659557 3
13803660138 3
13803660186 3
13803660790 3
13803660998 3
13803661059 3
13803661259 3
13803661453 3
13803661532 3
13803661766 3
13803662096 3
13803662678 3
13803662839 3
13803662981 3
13803663719 3
13803663800 3
13803664338 3
13803664437 3
13803665661 3
13803666060 3
13803666397 3
13945459085 3
13836601977 3
13945475809 3
13945477405 3
13836609116 3
13846168797 3
13845418393 3
13836665218 3
13846163913 3
13836669384 3
13512672066 3
13846134571 3
13512672000 3
13836601230 3
13836600007 3
13836600473 3
13836600569 3
13836601111 3
13836602255 3
13836602333 3
13836603346 3
13836604751 3
13836605086 3
13836605358 3
13836605433 3
13836605550 3
13836606775 3
13836606999 3
13836607068 3
13836607188 3
13836607222 3
13836607564 3
13836607866 3
18745466684 3
15945401926 3
13504540111 3
13504540137 3
13504540404 3
13504541385 3
13504548811 3
13504549363 3
13504549740 3
13504692777 3
13504696001 3
13504696228 3
13504696555 3
13504696600 3
13504698268 3
13504698666 3
13504698803 3
13504698844 3
13504699018 3
13504699089 3
13504699130 3
13504699282 3
13603691281 3
13603692222 3
13603692290 3
13603692694 3
13603692767 3
13603693688 3
13603694339 3
13603694403 3
13603694490 3
13603694716 3
13603695729 3
13603696299 3
13603696660 3
13603696977 3
13603697119 3
13603697232 3
13603697590 3
13603698000 3
13603698228 3
13603699715 3
13603699908 3
13603699933 3
13604540111 3
13604541069 3
13604541080 3
13604541282 3
13604543093 3
13604543796 3
13604545031 3
13604545567 3
13604546602 3
13604546612 3
13604546777 3
13604547377 3
13604547529 3
13604548663 3
13604548706 3
13604549298 3
13604863939 3
13604866000 3
13604866888 3
13704540099 3
13704540608 3
13704540748 3
13704540955 3
13704541198 3
13704541255 3
13704541569 3
13704541655 3
13704541768 3
13704542700 3
13704544307 3
13704544777 3
13704545168 3
13704545243 3
13704545731 3
13704545900 3
13704545962 3
13704547016 3
13704547730 3
13704547779 3
13704860101 3
13704860177 3
13704860930 3
13704861068 3
13704861072 3
13704862191 3
13704862257 3
13704864156 3
13704864275 3
13704864472 3
13704865858 3
13704866029 3
13704866466 3
13704866627 3
13704866787 3
13704866868 3
13704867876 3
13704868041 3
13704868485 3
13803650300 3
13803650323 3
13803651203 3
13803651272 3
13803651369 3
13803651858 3
13803651933 3
13803652168 3
13845403576 3
13845405080 3
13845406000 3
13845406186 3
13845406231 3
13845406553 3
13845406556 3
13845406632 3
13845406633 3
13845406987 3
13845407833 3
13845408015 3
13845408235 3
13845408668 3
13845408758 3
13845409299 3
13845409345 3
13845409460 3
13845409898 3
13845409906 3
13845409990 3
13845410019 3
13845410118 3
13845410799 3
13845411598 3
13845411611 3
13845411992 3
13845412099 3
13845412177 3
13845412692 3
13845412961 3
13845413432 3
13845413598 3
13845415008 3
13845415032 3
13845415138 3
13845415266 3
13845415277 3
13845416051 3
13845416444 3
13845416567 3
18845401797 3
18845421227 3
18845487238 3
15246493232 3
13836615800 3
13836640518 3
13836641499 3
13836641757 3
13836643988 3
13836644688 3
13836645163 3
13836645561 3
13836646027 3
13836646053 3
13836646444 3
13836647439 3
13836647981 3
13836648383 3
13836649160 3
13836649185 3
13836649975 3
13836649995 3
13836650166 3
13836650333 3
13836650416 3
13836650512 3
13836650599 3
13836651755 3
13836651958 3
13836652068 3
13836652277 3
13836653066 3
13836653432 3
13836653444 3
13836653485 3
13836654699 3
13836655126 3
13836655184 3
13836655227 3
13836655295 3
13836655377 3
13836655519 3
13836655585 3
13836655941 3
13836656057 3
13836656234 3
13836656348 3
13836656577 3
13836656611 3
13836656903 3
13836656977 3
13836657019 3
13836657212 3
13836657286 3
13836657299 3
13836658079 3
13836658126 3
13836658781 3
13836658786 3
13836659125 3
13836659499 3
13836659550 3
13836659631 3
13836659677 3
13836659818 3
13836659995 3
13836660006 3
13836660033 3
13836660077 3
13836660135 3
13836660779 3
13836661215 3
13836661818 3
13836662018 3
13836662929 3
13836663079 3
13836663110 3
13836663189 3
13836663381 3
13836663655 3
13836664226 3
13836664488 3
13836665047 3
13836665507 3
13836665533 3
13836665952 3
13836666183 3
13836666198 3
13836666288 3
13836666654 3
13836666812 3
13836666917 3
13836667788 3
13836667890 3
13836667897 3
13836668066 3
13836668077 3
13836668233 3
13836668588 3
13836669166 3
13836669567 3
13836669997 3
13512640649 3
13845400303 3
13845400707 3
13845400860 3
13845400880 3
13845400900 3
13845400989 3
13845402200 3
13903685363 3
13903685678 3
13903686620 3
13903686862 3
13903687268 3
13903687309 3
13903687652 3
13903688068 3
13903688558 3
13903688696 3
13903688757 3
13903688800 3
13903688886 3
13903688961 3
13903689116 3
13903689311 3
13903689758 3
13904544203 3
13904544269 3
13904544296 3
13904544342 3
13904544398 3
13904544402 3
13904544500 3
13904544505 3
13904544581 3
13904544776 3
13904544859 3
13904544963 3
13904545011 3
13904545035 3
13904545106 3
13904545280 3
13803666486 3
13803666648 3
13803666671 3
13803666751 3
13803667012 3
13803667519 3
13803667588 3
13803667740 3
13803667821 3
13803667936 3
13803668646 3
13803668666 3
13803668850 3
13803668886 3
13803668988 3
13803669049 3
13803669392 3
13803669516 3
13803669666 3
13803669770 3
13904549568 3
13904549575 3
13904549663 3
13904549696 3
13904549726 3
13904549831 3
13945412299 3
18724210806 3
18249268170 3
13845452801 3
13845452992 3
13845453366 3
13845453488 3
13845454590 3
13845455089 3
13845455252 3
13845455570 3
13845455590 3
13845455918 3
13845456111 3
13845456661 3
13845456669 3
13845456855 3
13845456998 3
13845457120 3
13845457178 3
13845457577 3
13845457779 3
13845457987 3
13845458266 3
13845458773 3
13845459000 3
13845459695 3
13845466366 3
13845470707 3
13845471355 3
13845471518 3
13845471818 3
13845471888 3
13845472176 3
13845472800 3
13845473040 3
13845474298 3
13845475151 3
13845475633 3
13845475688 3
13845475700 3
13845475988 3
13845476762 3
13845477102 3
13845477775 3
13845477791 3
13845477977 3
13845478068 3
13845478645 3
13845478903 3
13845478952 3
13845479539 3
13845479884 3
13845479889 3
13845479995 3
13846150066 3
13846150151 3
13846151505 3
13846151993 3
13846152382 3
13846154321 3
13846154455 3
13846156082 3
13846156688 3
13846157388 3
13846157826 3
13846158801 3
13846160345 3
13846164687 3
13846166661 3
13846168335 3
13846173833 3
13846173900 3
13846174118 3
13846174617 3
13846175858 3
13846176988 3
13846177377 3
13846177678 3
13846177799 3
13846178188 3
13846179498 3
13846179977 3
15245487863 3
13903680099 3
13903680973 3
13903681032 3
13903681111 3
13903681199 3
13903681498 3
13903681566 3
13903681628 3
13903681915 3
13903682483 3
13903682739 3
13903682909 3
13903683098 3
13903683861 3
13903684010 3
13903684080 3
13903684444 3
13903684852 3
13512640256 3
13512640108 3
13846159704 3
13946426421 3
13634540195 3
13634540215 3
13634540263 3
13634540271 3
13846178334 3
13634540386 3
13634542197 3
13634540551 3
13634540572 3
13634541797 3
13634540596 3
13634542160 3
13634540652 3
13634540661 3
13634540129 3
13512649032 3
13512682354 3
13836640318 3
13512645107 3
13904545463 3
13945456742 3
13704543400 3
13846153226 3
13946459457 3
13904546461 3
13845458471 3
13946448493 3
13604544657 3
13803666479 3
13846154007 3
13904547870 3
13704541453 3
13846164809 3
13846133292 3
13634545886 3
13634540170 3
13512645721 3
13846130453 3
13836666479 3
13504544409 3
13836655540 3
13504545359 3
13904547620 3
13945485903 3
13845407264 3
13604545434 3
13845479489 3
13845473034 3
13846131737 3
13945483894 3
13803651124 3
13845475321 3
13836656274 3
13836644516 3
13604547034 3
13704547054 3
13845476624 3
13845472374 3
13946454551 3
13604545524 3
13704544626 3
13946443207 3
13504548898 3
13504544129 3
13845472806 3
13704860753 3
13604543494 3
13604541394 3
13836600843 3
13704547809 3
13846186024 3
13704544804 3
13846181574 3
13634543181 3
13846188427 3
13634544203 3
13634544561 3
13634543586 3
13512641968 3
13512646467 3
13512648698 3
13512648913 3
13512648293 3
13512672543 3
13603695142 3
13634541028 3
13845470943 3
13845472468 3
13836654548 3
13836660348 3
13555588024 3
13846130463 3
13634544758 3
13634544768 3
13846177495 3
13803667460 3
13836601149 3
13846186473 3
13846186483 3
13846196462 3
13945451423 3
13803652491 3
13634540669 3
13946459497 3
13634542731 3
13634543703 3
13634544595 3
13634544620 3
13634544685 3
13634544692 3
13634544792 3
13945463425 3
13845412495 3
13512640132 3
13512640276 3
13504699025 3
13634542261 3
13836615048 3
13845451416 3
13555586746 3
13634543986 3
13846155236 3
13634540637 3
13634544797 3
13634547121 3
13634545153 3
13846152796 3
13512649782 3
13634544318 3
13512641661 3
13796356887 3
13846161282 3
13634541658 3
13634541978 3
13634546596 3
13634545787 3
13634546290 3
13796356012 3
13945461476 3
13512661421 3
13803662413 3
13604866626 3
13946421710 3
13684542688 3
13664546982 3
13836662164 3
13684541964 3
13684541644 3
13664541816 3
13614694413 3
13555597973 3
13604867930 3
13903681073 3
13845400399 3
13836660978 3
13604540054 3
13903683884 3
13903680097 3
13846181594 3
13803653149 3
13704545943 3
13704540843 3
13803660348 3
13512643847 3
13803657345 3
13903688949 3
13512647718 3
13604547140 3
13846134899 3
13836605263 3
13903681362 3
13845452483 3
13903683644 3
13512647512 3
13796354318 3
13946442621 3
13836661694 3
13845404206 3
13604541199 3
13846153422 3
13796354608 3
13836602457 3
13603699226 3
13945461645 3
13555584566 3
13512644972 3
13846199990 3
13796354708 3
13796354768 3
13512646287 3
13846163015 3
13945483759 3
13512644782 3
13796350492 3
13796354718 3
13796354098 3
13512645772 3
13846195409 3
13846191497 3
13904545788 3
13796354239 3
13796352938 3
13634546080 3
13634543172 3
13796354268 3
13796354120 3
13946459403 3
13512647183 3
13796350108 3
13634544375 3
13634545526 3
13634541008 3
13634544778 3
13634540361 3
13903685805 3
13634542656 3
13634544869 3
13796354915 3
13634541363 3
13555581317 3
13845404983 3
13634544971 3
13634547285 3
13946457607 3
13634540526 3
13634547119 3
13512675861 3
13634541505 3
13634545285 3
13634543792 3
13634544807 3
13634540676 3
13803658415 3
13796355266 3
13634546365 3
13504699765 3
13512684698 3
13846155379 3
13634545779 3
13846136305 3
13634542589 3
13634545673 3
13634541215 3
18845404906 3
13796359318 3
13634542099 3
13634544226 3
13836607801 3
13903682411 3
13836663086 3
13846137253 3
13634543965 3
13945459451 3
13512648758 3
13836653166 3
13704864311 3
13634544826 3
13512647671 3
13946449009 3
13634541985 3
13945468008 3
13836640778 3
13634545910 3
13634544583 3
13803656622 3
13846155736 3
13846161438 3
13512646538 3
13634541352 3
13504697317 3
13512640029 3
13512649331 3
13634543929 3
13846155067 3
13634545359 3
13634540087 3
13634542923 3
13512649359 3
13945485778 3
13512649591 3
13946449061 3
13846176983 3
13946400088 3
13836666839 3
13836655218 3
13846191760 3
13704547366 3
13845404961 3
13836615831 3
13945465112 3
13845457767 3
13845419287 3
13845401708 3
13945464653 3
13846197530 3
13803654850 3
13846189266 3
13634545200 3
13603697345 3
18204542622 3
13904546508 3
13845473178 3
13704543015 3
13796351717 3
13836645961 3
13846193984 3
13846193251 3
13846167689 3
13945461460 3
13946400956 3
13846163910 3
13504545118 3
13836644695 3
13504546383 3
13504541015 3
13846172966 3
13504543693 3
13603695166 3
13946407679 3
13846131961 3
13845405010 3
13845402632 3
13904547066 3
13836615161 3
13836654915 3
13845475281 3
13846165755 3
13603696577 3
13504543361 3
13836606170 3
13845476823 3
13704865353 3
13504540618 3
13946404365 3
13946451259 3
13504541918 3
13504542112 3
13845405587 3
13846196503 3
13512673288 3
13836644180 3
13704866978 3
13845472393 3
13836653036 3
13846162815 3
13803666979 3
13845413396 3
13903686387 3
13904544434 3
13704540734 3
13796353774 3
13903684774 3
13846181954 3
13603693134 3
13903683087 3
13903685284 3
13903682415 3
13903687501 3
13945497604 3
13903684980 3
13512664602 3
13836645879 3
13845473782 3
13836615381 3
13604865906 3
13604863309 3
13604863316 3
13604863312 3
13604863515 3
13604863319 3
13604864778 3
13846136053 3
13634545155 3
13836664672 3
13504543012 3
13946454288 3
13604546136 3
13945454035 3
13604542563 3
13504547883 3
13846165801 3
13946443086 3
13504541805 3
13704547603 3
13604547685 3
13803662355 3
13803664099 3
13803652135 3
13845412119 3
13512664147 3
13803652767 3
13603695211 3
13504542408 3
13845413599 3
13604545619 3
13904549499 3
13845411343 3
13845414437 3
13614695628 3
15804547577 3
13845404951 3
15804544361 3
15804542988 3
15804546578 3
15804541177 3
13836642096 3
13704862899 3
13555585492 3
13704864711 3
13836665343 3
13803655066 3
13903686413 3
13634545953 3
13634546079 3
13634540217 3
13512682244 3
13512648603 3
13604541856 3
13704543901 3
13504540688 3
13634540930 3
13796356797 3
13512649051 3
13846154153 3
13946455544 3
13555584326 3
13634545902 3
13634541785 3
13634545763 3
13512647137 3
13634542179 3
13846182129 3
13634543269 3
13846161870 3
13845473986 3
13845475220 3
13845475680 3
13846133766 3
13946427977 3
13946427988 3
13512645671 3
13796357667 3
13846187972 3
13512647012 3
13845450068 3
13846187679 3
13846182969 3
13846179744 3
13803666634 3
13945467543 3
13903683410 3
13803661314 3
13512681049 3
13946459644 3
13946429844 3
13803657966 3
13512649053 3
13946427966 3
13846185372 3
13846184944 3
13846185338 3
13512643085 3
13512646680 3
13845473275 3
13512648529 3
13512648636 3
13634544010 3
13796359093 3
13634547671 3
13836658159 3
13846147007 3
13836640775 3
13846164590 3
13846139722 3
13846175572 3
13504543422 3
13504543288 3
13845411911 3
13555583759 3
13846183867 3
13846135017 3
13945477192 3
13946452388 3
13846197876 3
13836658330 3
13846195157 3
13845402715 3
13555584682 3
13604549397 3
13846193020 3
13604549316 3
13836655163 3
13845418831 3
13846199190 3
13945472768 3
13603692988 3
13845473088 3
13836600628 3
13836656552 3
13836647667 3
13846194778 3
13836644365 3
13836647510 3
13836645269 3
13836654012 3
13836643575 3
13945461127 3
13836644193 3
13504544299 3
13604542630 3
13846176811 3
13945467836 3
13836664719 3
18845499088 3
13845408137 3
13512676510 3
13903680815 3
13836642866 3
13845402049 3
13836607386 3
13836643191 3
13512648598 3
13846181180 3
13846196061 3
13512688166 3
13946448883 3
13603698382 3
13946455166 3
13845472182 3
13903687895 3
13512686965 3
13846195448 3
13845453006 3
13904548060 3
13846137163 3
13803660185 3
13946440665 3
13803668772 3
13803669170 3
13512678081 3
13603692150 3
13603692165 3
13603692395 3
13603694365 3
13603694736 3
13603694073 3
13603694307 3
13603693587 3
13603693597 3
13946458161 3
13946451398 3
13946425976 3
13603695571 3
13512665233 3
13796356522 3
13846136133 3
13845415316 3
13512670920 3
13555583300 3
13946440996 3
13946448807 3
13946458737 3
13846162445 3
13904549989 3
13803668026 3
13603693808 3
13603691701 3
13836649889 3
13946445090 3
13946440662 3
13555586293 3
13946448353 3
13836666372 3
13946424388 3
13946449659 3
13555581380 3
13846167798 3
13634545361 3
13555581493 3
13945467007 3
13634546258 3
13634545791 3
13846136406 3
13634547618 3
13634547638 3
13846151565 3
13634547938 3
13946446425 3
13845406468 3
13512682435 3
13845408495 3
13512640376 3
13946450436 3
13512649601 3
13846169496 3
13836615542 3
13512649139 3
13512674940 3
13634545398 3
13803662497 3
13634547321 3
13796357753 3
13634543018 3
13845456465 3
13634543738 3
13846157465 3
13604544436 3
13504696469 3
13604544439 3
13846135543 3
13945476403 3
13945498497 3
13846185473 3
13704861479 3
13845416495 3
13836609486 3
13634543102 3
13846196650 3
13604545521 3
13946455801 3
13945474759 3
13603693720 3
13603692636 3
13845412922 3
13946459502 3
13846140898 3
13946458950 3
13603696957 3
13603695997 3
13512679193 3
13945455935 3
13946457217 3
13664541645 3
13512669389 3
13512670443 3
13946404396 3
13555582512 3
13603693837 3
13603694563 3
13603693675 3
13512669107 3
13512669197 3
13512669267 3
13946440315 3
13512672769 3
13603695215 3
13803663812 3
13945463378 3
13903683956 3
13945474399 3
13512675290 3
13603696976 3
13603693930 3
13846162688 3
13845454122 3
13704867105 3
13512678216 3
13704862559 3
13603696005 3
13803654646 3
13603697806 3
13603693806 3
13803658856 3
13946452150 3
13946458935 3
13603697179 3
13836654825 3
13946452698 3
13846181095 3
13512694821 3
13946458036 3
13836648782 3
13603693735 3
13946449530 3
13603697919 3
13846199906 3
13604547966 3
13945454699 3
13846141865 3
13946440212 3
13512674305 3
13946421306 3
13803656095 3
13603691659 3
13845402570 3
15946555091 3
13734544542 3
13734544822 3
13734547676 3
13734546983 3
13946457236 3
15946550663 3
13734543383 3
13674544366 3
13734543788 3
13945464360 3
13734545458 3
13555580790 3
13836601353 3
15945402632 3
13803655839 3
13846136444 3
13512679366 3
13512681899 3
13945499509 3
13614547999 3
13624655777 3
13674544510 3
13674546999 3
13644685888 3
13644685999 3
13846166317 3
13504547268 3
13803656380 3
13512661236 3
13846181628 3
13836648513 3
13946406650 3
13846192800 3
13555581496 3
13512679910 3
13846138780 3
13845453658 3
13903683768 3
13946404042 3
13845410107 3
13846194271 3
13946426691 3
13945485221 3
13512682971 3
13512685082 3
13846145829 3
13803661990 3
13604541246 3
13946456889 3
13946451807 3
13803654855 3
13846142519 3
13846145821 3
13904548839 3
13903682478 3
13946423480 3
13946457689 3
13803663776 3
13704541095 3
13845405214 3
13946457232 3
13946457281 3
13946457267 3
13946457736 3
13946454851 3
13946457219 3
13946457235 3
13946453818 3
13846195738 3
13704547058 3
13803667230 3
13946404622 3
13946456367 3
13946456438 3
13946456607 3
13946456679 3
13836602317 3
13904545803 3
13803662696 3
13846145411 3
13846172933 3
13803662466 3
13803666731 3
13796353099 3
13846184866 3
13803666831 3
13803663310 3
13836642581 3
13845452996 3
13845413105 3
13604546930 3
13946402199 3
13946458660 3
13845412711 3
13704541341 3
13846166267 3
13846142953 3
13946458386 3
13946427573 3
13512683448 3
13946459286 3
13512682092 3
13946458002 3
13904545331 3
13946450115 3
13946450383 3
13904547071 3
13803662156 3
13946450791 3
13946459163 3
13946459206 3
13946459378 3
13845454813 3
13803653991 3
13946458393 3
13946450773 3
13946459557 3
13946458893 3
13946458313 3
13946459171 3
13946454770 3
13946451223 3
13603694855 3
13846199202 3
13845476349 3
13946459707 3
13846157619 3
13946455870 3
13945455728 3
13946459316 3
15245453460 3
13846147566 3
13946450269 3
13946443218 3
13946440981 3
13604543032 3
13846139962 3
13946459529 3
13846154266 3
13803669267 3
13946459136 3
13946447079 3
13946458202 3
13946458879 3
13845451531 3
13945484299 3
13946450727 3
13796352722 3
13604543067 3
13634546322 3
13803653599 3
13946441977 3
13946447266 3
13846151658 3
13512666298 3
13603696161 3
13946450185 3
13946446531 3
13512673994 3
13604863336 3
13512674593 3
13796355366 3
13845476996 3
13845416785 3
13836601519 3
13512672546 3
13846174498 3
13845407031 3
13704547167 3
13664546571 3
13946449878 3
13664545587 3
13845415326 3
13604543084 3
13796353140 3
13946458631 3
13946426895 3
13846147845 3
13614695209 3
13946441159 3
13946405411 3
13796352400 3
13796353165 3
13796354665 3
13946401236 3
13946446836 3
13664543489 3
13664547020 3
13664545579 3
13836666756 3
13946446345 3
13846177621 3
13614695880 3
13504547603 3
13512694785 3
13504541856 3
13845474001 3
13504542802 3
13845475797 3
13846155978 3
13836647422 3
13846195518 3
13504547133 3
13846151768 3
13504543278 3
13512684625 3
13512694129 3
13704547019 3
13846162936 3
13845473421 3
13803666199 3
13946452163 3
13836654629 3
13604542612 3
13604541817 3
13704543110 3
13903680370 3
13664541717 3
13845475542 3
13846171469 3
13946442631 3
13803654946 3
13836646742 3
13664549355 3
13836643407 3
13664542010 3
13846167764 3
13512688946 3
13614695007 3
13846193872 3
13512647822 3
13604544949 3
13836656764 3
13604867040 3
13946443894 3
13512682679 3
13704543629 3
13845411279 3
13946424103 3
13555584452 3
13614691363 3
13664542078 3
13946422775 3
13836660899 3
13512661946 3
13664541199 3
13704545236 3
13846157960 3
13836660311 3
13604543590 3
13704545468 3
13664542598 3
13664541561 3
13504547807 3
13504547837 3
13664543746 3
13664543482 3
13614696123 3
13674549997 3
13512681463 3
13664546234 3
13614698880 3
13614697770 3
13664546119 3
13664543074 3
13664547770 3
13614692242 3
13946406661 3
13604868479 3
13946450153 3
13664546450 3
13504698028 3
13614541449 3
13664545940 3
13614697245 3
13614697214 3
13504699121 3
13555586465 3
13845473434 3
13664542771 3
13664545145 3
13614698833 3
13845472343 3
13845474453 3
13614541148 3
13614697646 3
13664542213 3
13664544497 3
13555582498 3
13836667364 3
13664545461 3
13836653874 3
13644684641 3
13946472755 3
13803657647 3
13704542310 3
