15846995564 3
13512677701 3
13845451185 3
13614690424 3
15245481396 3
15846990934 3
13604545704 3
15946551242 3
15246476055 3
13555584534 3
13945454265 3
13846175414 3
13836663494 3
15246476188 3
15845451334 3
15246476126 3
15145451364 3
15204542882 3
13946404251 3
13946443068 3
15245454663 3
15845457708 3
13845415901 3
15845454197 3
13846166064 3
15204541479 3
13803651093 3
13803664594 3
15045401124 3
15904542732 3
13836641754 3
15804543378 3
15145491019 3
15245486879 3
15145498980 3
15845401764 3
13704868330 3
15904542752 3
13512684154 3
13555593983 3
15245486002 3
15245486758 3
13845403583 3
15045411726 3
15245484950 3
13512670126 3
15845454292 3
13664543054 3
13903680587 3
13644683433 3
15945403095 3
13945475816 3
13604867714 3
13845474594 3
13845401490 3
15245457798 3
13644540264 3
15245451636 3
13845416094 3
15046460528 3
15245480503 3
15245481447 3
13945466745 3
13845400794 3
15845453615 3
13945450601 3
13946408672 3
18845494625 3
13624547434 3
15245488456 3
15245452592 3
15245452591 3
15245452528 3
13684546564 3
13845451094 3
15846992745 3
15245486654 3
15846992746 3
15245486126 3
13614690212 3
13946443979 3
15164518898 3
13512673204 3
15845401386 3
13555598265 3
13846134099 3
15245457386 3
13904546614 3
15846998807 3
13664541962 3
13945481934 3
13624542808 3
13704867036 3
13836664351 3
15945403735 3
15945403736 3
15945882911 3
13846184300 3
13504547977 3
15245485086 3
13845456204 3
13845404574 3
15245454322 3
13904546804 3
13846149063 3
15945401547 3
15245452661 3
13945480624 3
13803655708 3
13946424991 3
15245453488 3
13845402614 3
15245453216 3
13845412612 3
13634544194 3
13836651614 3
15245452991 3
13734545464 3
13555598251 3
13624545606 3
13504543821 3
15945404012 3
13684549882 3
13836655064 3
15846991848 3
13945487554 3
13644540224 3
13512684604 3
13846151734 3
15245482155 3
15946563773 3
15204540296 3
15946556841 3
15045413726 3
13624541908 3
15204544340 3
15045406634 3
13555582810 3
13734549660 3
13946402256 3
13644542034 3
13836668528 3
13945482827 3
13604540669 3
15845404145 3
13512664014 3
13644541243 3
13803651146 3
15245451101 3
13555595430 3
13512687614 3
15946553343 3
13836650084 3
13846155105 3
15046466984 3
15945881071 3
15046464654 3
15046464484 3
15945886164 3
15204540874 3
15945400684 3
15846993134 3
15246476597 3
13846195170 3
13846139037 3
13846174261 3
13512678459 3
13604865791 3
15245452399 3
15245452355 3
13846171240 3
13946458803 3
15904541024 3
13946427354 3
15845408063 3
15164519520 3
13603698121 3
15846991450 3
13945482355 3
13603692065 3
15045404504 3
13945499470 3
15245484175 3
15804543719 3
13644547081 3
15245453532 3
15846993514 3
15846995304 3
15145454657 3
15245485369 3
13846147438 3
15246480019 3
13846136754 3
15845401694 3
13684542382 3
13946425674 3
13512676217 3
15246477429 3
13644548697 3
15245481866 3
15046460194 3
15246480091 3
13945472964 3
13846190388 3
13604547384 3
13796351714 3
13512683934 3
15804545935 3
13845475783 3
15046498440 3
15045403472 3
15164514427 3
13836654114 3
13684542591 3
13604546404 3
13803656104 3
15245483815 3
15245487965 3
15245487967 3
15245487057 3
13903686072 3
15204549138 3
13846199264 3
15045402908 3
15046492708 3
13946404227 3
13846181078 3
15945884850 3
15845450781 3
15145459801 3
15904540746 3
15846995996 3
13803665570 3
13946401986 3
13704547652 3
15046491696 3
13704866506 3
13845402600 3
13803650403 3
15046490993 3
13845414368 3
13945457202 3
15945401312 3
13504541148 3
15245456823 3
13555585248 3
13664540420 3
13846145769 3
15245450988 3
15046463162 3
15804540795 3
13946421452 3
13664546884 3
13603691573 3
15946569638 3
15164518826 3
15904549155 3
13734540077 3
15145489996 3
13796353726 3
15145451258 3
18245486748 3
18245468633 3
15946569766 3
15145459678 3
15246460233 3
13945473180 3
15046495775 3
15946558599 3
15145487739 3
15245486252 3
13946444355 3
13836659813 3
13946445892 3
15845404207 3
15045415354 3
15045415364 3
13846153947 3
13846196847 3
15246470399 3
13945497734 3
13796355904 3
15904544525 3
13604865894 3
15204542818 3
15046469476 3
13734541924 3
13836650192 3
15804540564 3
15904543114 3
13946455468 3
13946453548 3
15946561878 3
13634542787 3
13904544303 3
15204548223 3
15845455380 3
13903682992 3
18845423939 3
13845404097 3
13555588033 3
13704860076 3
15145488677 3
13845470722 3
15845457721 3
15245481259 3
15845402361 3
15245483243 3
15046465204 3
15845455708 3
15045403273 3
15245485642 3
15845455114 3
15145455455 3
13803656285 3
15245484503 3
15245484502 3
13512687194 3
15245452215 3
15904548670 3
13604545054 3
13512673494 3
13704545907 3
15145455584 3
15245487484 3
13512682622 3
15904549120 3
13904544710 3
13946459208 3
15245486004 3
15845457902 3
15245489322 3
15245453736 3
15245453392 3
15046490124 3
15046490134 3
13512649473 3
13512646494 3
13734545533 3
15245480772 3
15946567600 3
13604549275 3
13512667294 3
13846195185 3
15245459454 3
15046495158 3
15046499149 3
15245484667 3
15145451939 3
13704540097 3
15845400754 3
15045400714 3
15245454066 3
15046491026 3
13946427805 3
13904544952 3
13664541084 3
15245486162 3
15846995778 3
15245484899 3
13945454475 3
13903686754 3
13846134018 3
13624548239 3
13904544290 3
13604863419 3
15245486724 3
15046493364 3
13945457965 3
13836602241 3
15845453576 3
13836605613 3
13945460623 3
15045410198 3
13846133489 3
13512681529 3
13803663792 3
15845403664 3
13504541992 3
15245454033 3
15845403393 3
13512665768 3
13512673174 3
13903680331 3
13555582896 3
15045410403 3
15845453964 3
15245483983 3
13704864845 3
13664546274 3
15245451730 3
15945883230 3
15946551727 3
13796352428 3
15046462578 3
13796355442 3
13624542007 3
15164507888 3
15245486745 3
13555597003 3
13904546524 3
15245459024 3
13945472496 3
15145459832 3
13644540968 3
15145459831 3
15245486960 3
13803650348 3
15845450604 3
13512665531 3
13555597223 3
13664545084 3
15045403162 3
15145451840 3
13945464731 3
13614691256 3
13664548731 3
13603699934 3
15246483385 3
13604543544 3
15246475889 3
13846136886 3
13946445568 3
13603697213 3
13946458427 3
13734541562 3
13836650414 3
15846991507 3
13946455297 3
15246484009 3
15245482908 3
13846158410 3
15245489395 3
15246484028 3
15204545580 3
15246484037 3
15246484301 3
13836664079 3
15046465704 3
15945882904 3
15246483508 3
15246483510 3
15245488626 3
13846133443 3
13512677847 3
13704549632 3
15246477795 3
15204547931 3
15246477578 3
15246477867 3
13803659063 3
13836649425 3
15246485923 3
15245452285 3
15945885616 3
13946443354 3
13836655307 3
13836652012 3
13555594269 3
13836659471 3
15246484482 3
13846177303 3
13946459254 3
13845457184 3
13846139064 3
13945489020 3
15204542920 3
15246484533 3
13504697201 3
15845456338 3
13614699854 3
13803663347 3
13664547694 3
13512667921 3
15204547867 3
13624549071 3
13945468781 3
13796352969 3
15246473708 3
13624549148 3
15204540577 3
15945882099 3
15904540804 3
15245453214 3
15946563034 3
15246472336 3
13903684716 3
13504543779 3
15204542802 3
13946443915 3
15946562080 3
13846147850 3
15904546014 3
15246473517 3
15945402373 3
13512679143 3
13836667960 3
15246473151 3
13603693274 3
15245487985 3
15846995158 3
13555592674 3
13846157311 3
15045410355 3
13512675466 3
13684541834 3
15045402569 3
13704865480 3
13836615729 3
13664540349 3
15245482832 3
15245480672 3
13945465038 3
15245487322 3
13803662754 3
15845407411 3
13664545017 3
15845400249 3
13846157217 3
15204542655 3
13624543398 3
13846157196 3
13845412537 3
13512696588 3
13664547688 3
15245458630 3
15904540188 3
15846999160 3
13624542930 3
13945478970 3
15904546628 3
13624545698 3
13512685136 3
13604865101 3
13555598531 3
13796352561 3
13512694559 3
13846181187 3
15245627888 3
13945482730 3
15204540527 3
15046495475 3
15204543550 3
15245450998 3
15245450900 3
13846175681 3
15204541312 3
15046462890 3
13555593637 3
13846182708 3
13846181708 3
13674549699 3
13504541661 3
13946449633 3
15045411687 3
13945484216 3
15204543967 3
13624542583 3
15046490939 3
13836615443 3
13704860334 3
13644684988 3
15045403389 3
15804542638 3
13836660780 3
13945498936 3
13946403560 3
13903682860 3
15845402145 3
15946552701 3
13945475938 3
13644544256 3
13704864551 3
13644546112 3
13846197196 3
13664547556 3
13664547749 3
13684546312 3
15046468922 3
13512662627 3
15804546987 3
15204542635 3
15204548267 3
13512672158 3
13704542746 3
13836601433 3
15245482333 3
13945481626 3
13803651992 3
15204540285 3
15945400899 3
15845405849 3
13836608716 3
15045410178 3
15945885264 3
15046493864 3
15245452117 3
13846185420 3
15245487868 3
15246479971 3
15945400874 3
15046492064 3
15945404320 3
15246474246 3
13644549219 3
13946459956 3
15946563734 3
13684546620 3
13555594326 3
13603693393 3
13845477360 3
13803651216 3
13803651258 3
15945881189 3
13846141386 3
15245480990 3
15804540924 3
15245482366 3
13704865976 3
15045405278 3
15945404897 3
15945883435 3
15845401214 3
15245484388 3
13945479607 3
15045408584 3
15046469114 3
15845451384 3
15246474677 3
13512647914 3
15204544471 3
13845471807 3
15245484355 3
13946474101 3
15945885852 3
15946564877 3
15945883391 3
15946553081 3
15946553092 3
15946553093 3
13704865268 3
15804542900 3
13512646694 3
15804543050 3
13836646904 3
15246475949 3
15246475946 3
15246473563 3
15246479043 3
13945453736 3
15246479040 3
15046495903 3
15246479031 3
15246479030 3
15246479027 3
13624542851 3
13512682903 3
15145450268 3
15846995281 3
15145455139 3
13845403518 3
15945401143 3
13555593293 3
15904543214 3
15245453705 3
15945882934 3
15945882954 3
15846991554 3
15046461964 3
13704540671 3
15045406124 3
18245473965 3
15246478478 3
13555595263 3
15246472939 3
15845452269 3
15845454994 3
18845483877 3
13734544232 3
13845417033 3
15045411216 3
18845483977 3
13644540658 3
15846995484 3
15204544419 3
13946473668 3
13512677001 3
13845471884 3
13903684940 3
15246465108 3
13946420310 3
15845455304 3
15245454028 3
13946421706 3
15046490074 3
15045407684 3
15245454004 3
15204541659 3
15046461220 3
13803665505 3
15245452888 3
13504544978 3
15246478220 3
13644541041 3
13512674525 3
13512680854 3
15245484390 3
15045407214 3
15246479906 3
15804545662 3
15045400684 3
15046461974 3
15245454113 3
15246472738 3
15246475568 3
15046493354 3
15246479218 3
15204541996 3
13734544791 3
13846162512 3
15245482453 3
15246478224 3
13624549507 3
13845410649 3
15845451284 3
15845452691 3
15246479559 3
15045411452 3
13734540071 3
15045405131 3
13846140028 3
15246479517 3
15246479667 3
15845401124 3
13512683383 3
13664540582 3
15245483287 3
15245453739 3
15245483285 3
15246473500 3
15204540985 3
13604543734 3
15246478654 3
13803650982 3
15246476009 3
15246474860 3
15246476005 3
15145454335 3
13945470968 3
15245489533 3
15246472652 3
13836641826 3
15945883668 3
13634547656 3
13945461355 3
15046461384 3
15945883967 3
13945461124 3
15145452084 3
15845401254 3
15246474588 3
15046461214 3
15245485933 3
15045418860 3
15904543634 3
15246479052 3
15246479530 3
15246478544 3
13734543257 3
15246479839 3
15246478579 3
15246479912 3
15145453214 3
15046490387 3
15246473557 3
13664540379 3
15164514367 3
13604541833 3
15246473585 3
15246473543 3
15245482721 3
15904547732 3
15245481527 3
13845411703 3
13614690061 3
13704869804 3
15145493313 3
13945488418 3
15246473633 3
13604548743 3
13644548506 3
13644541598 3
13845450894 3
13945482507 3
15204541441 3
15204547950 3
13512647803 3
13945482437 3
15145494355 3
13845409453 3
13946424864 3
15246482633 3
15145459731 3
15145487689 3
15145456649 3
15945882189 3
13803652594 3
15245487633 3
13846171093 3
13836654022 3
15246498315 3
13796359661 3
13836642825 3
15204541752 3
13846177327 3
13846183074 3
15246490749 3
15204545840 3
13604546192 3
15246497889 3
15245484159 3
13603696548 3
13644549998 3
15046492579 3
13555594578 3
13846158742 3
13846159247 3
13555593114 3
13946458694 3
15204545739 3
15845407973 3
15246483777 3
13846145034 3
13846175734 3
13836604379 3
13836658372 3
13846175609 3
13845413361 3
13555593832 3
15246474643 3
13674549954 3
13846198214 3
13845408063 3
15164515386 3
15246498334 3
13803665844 3
13945470226 3
15246473436 3
13946423403 3
13603691982 3
13945480295 3
13945457045 3
15245452236 3
15246497996 3
13624549124 3
15246476850 3
13836660845 3
13836660925 3
15246498425 3
15245451789 3
13945471354 3
13946420471 3
13846195094 3
13946401176 3
13946408643 3
15246478523 3
13945488794 3
15845409540 3
13604866919 3
15045417604 3
13512677938 3
13512677602 3
15946566445 3
15246498386 3
13846158294 3
15246498393 3
15246498720 3
15845406836 3
15246498941 3
15246498721 3
13704862604 3
13836642057 3
15245489903 3
15845458403 3
15246497388 3
15246475608 3
13845415129 3
13836664330 3
15946554872 3
15045417754 3
13734549845 3
13604547003 3
15164514533 3
13512667346 3
15245453607 3
15245453606 3
15845455758 3
13945479814 3
15945883593 3
15246471212 3
13512661589 3
15246471313 3
13845404608 3
13604548734 3
15246477677 3
15246478349 3
15246478347 3
15246485991 3
13845470764 3
15946559248 3
13904548493 3
13836658094 3
15245453985 3
15245459030 3
13946402696 3
15164511635 3
13734543599 3
13845476974 3
13903683694 3
15046467819 3
13796351620 3
15204545390 3
13674549895 3
13614548409 3
13512665041 3
15045410061 3
13504543775 3
15945889268 3
15246476500 3
15246477533 3
13504549379 3
13945472598 3
13836643657 3
13644543610 3
13836653034 3
13644544854 3
13836653304 3
13512675464 3
13624542604 3
15245481121 3
13555598148 3
13684548523 3
13644546584 3
15904543532 3
13845415060 3
15904542546 3
13644540185 3
15245488818 3
15245488787 3
13803661025 3
15245489191 3
15245489688 3
13603699126 3
13603699207 3
15204545036 3
13803668365 3
13846148873 3
13846149336 3
13846149378 3
13846199070 3
13644545785 3
13803653641 3
13946421143 3
13512674853 3
13803668689 3
13846192473 3
13946400231 3
15164510786 3
15245456343 3
15245456349 3
13734540965 3
15245456342 3
15245456506 3
13836651135 3
13945485606 3
13603693109 3
13904544503 3
13845401749 3
15245424888 3
13704860990 3
15245405999 3
13846165168 3
15046465626 3
15845403131 3
15845402305 3
13845454167 3
15204546111 3
13704545782 3
13555596146 3
13555587308 3
13946448115 3
13846183495 3
15145487159 3
15046493688 3
13504542132 3
15045405792 3
13946421029 3
13644545884 3
13846196385 3
15204543293 3
13845479083 3
15204544381 3
15046469765 3
13945465468 3
13946474292 3
13504543526 3
13512686104 3
15204548752 3
13604868103 3
13946458634 3
13946458902 3
13504549125 3
13604863324 3
13604868446 3
13504698350 3
13946408353 3
13946409150 3
15204543899 3
13512699574 3
13946459135 3
13796352680 3
13946424412 3
13664549656 3
13512649210 3
13664549686 3
13512649493 3
13664549707 3
13734546151 3
13684548113 3
13624548589 3
13846189544 3
13674549495 3
13846148060 3
13846191131 3
13946428393 3
13946428606 3
13946429550 3
13846179497 3
13846179505 3
13846179576 3
13846138979 3
13946409546 3
13946409695 3
13946409707 3
13946449130 3
13845415087 3
15245423999 3
13512667159 3
13946428745 3
13946474131 3
13664545388 3
15046464200 3
15246477707 3
13946405647 3
15045405284 3
13704861161 3
15246471515 3
13846145994 3
13945465614 3
15945883482 3
13945465684 3
15145450648 3
13512688046 3
15245457679 3
13846175068 3
15246473450 3
15046494064 3
15204545629 3
15945881494 3
15945881524 3
15945885106 3
15946560503 3
15946561904 3
15245459055 3
15246476599 3
15845450204 3
13846187907 3
15245487703 3
13684546594 3
15246476573 3
13684546659 3
15245488991 3
15246477813 3
15246479198 3
15946556909 3
13846187224 3
15246476680 3
13845416250 3
15045407464 3
13664549037 3
15946550964 3
15246476001 3
15246476117 3
15045417534 3
15246476949 3
13846160384 3
13846162100 3
15246477706 3
15946558468 3
13945472334 3
13684542862 3
15245481054 3
15164516554 3
15045404980 3
15945887324 3
13704860193 3
13704869363 3
15804546404 3
13704862074 3
15946551656 3
15045410024 3
13903680625 3
15145455577 3
13904544991 3
15204543157 3
15204544603 3
13704866150 3
13836600547 3
13504543286 3
13704866260 3
15204548797 3
15846997393 3
15204548798 3
13946421214 3
15945882772 3
15045409264 3
15246478511 3
15164512804 3
15245480642 3
15246489266 3
15145455294 3
15246489292 3
13512687881 3
15164514686 3
15246489784 3
15246489785 3
13845403654 3
15246489765 3
13644546120 3
13704544205 3
13946452160 3
15845457058 3
13704548075 3
13555595214 3
15946560976 3
13603695783 3
15845453729 3
15246490773 3
13604546206 3
15246490800 3
13796353086 3
13603695760 3
18845499948 3
15246490085 3
15246490825 3
15246495903 3
13946450834 3
15246498665 3
15246495642 3
13684543560 3
15046464005 3
13946429454 3
15246498608 3
13945474381 3
13945472362 3
15164516001 3
15164512231 3
15204544466 3
13644544433 3
15246491072 3
15904540554 3
15246491088 3
13512698260 3
15246475981 3
15245457089 3
13845456244 3
15246490040 3
15246495128 3
15945402994 3
13945486561 3
13836651509 3
13624541966 3
15045404634 3
13512687101 3
15246477433 3
13903686289 3
15845400252 3
15164513885 3
13836661634 3
13946450706 3
13846158914 3
13504542075 3
15246478846 3
15246478847 3
15145454374 3
15145454274 3
15804547074 3
13555595909 3
15145458974 3
13512668737 3
15046494227 3
13624652078 3
15904545328 3
15845402993 3
15145452534 3
15204548468 3
13512677185 3
15204544805 3
15204540073 3
13512686515 3
15245487536 3
13803656110 3
13846194476 3
13512680646 3
15945880929 3
13846194426 3
13512680595 3
15246473494 3
15164515666 3
15246476797 3
15246483868 3
15245488360 3
15046495220 3
13684540756 3
15904548449 3
13836641361 3
13846182104 3
15846990450 3
15945886544 3
13846159961 3
15164500666 3
15246476590 3
15246476542 3
15246476398 3
13945484693 3
15045401504 3
15204543994 3
13904545190 3
15945881225 3
15246476838 3
15204545004 3
13664549495 3
15945885340 3
15846995506 3
15246479800 3
15246476912 3
13624547520 3
13846160034 3
15245489048 3
13845403828 3
13504549206 3
15045409096 3
13946455191 3
13664543890 3
15904548680 3
15804545276 3
13624548385 3
15164510036 3
13946400583 3
15246480490 3
13704543561 3
15245485656 3
15945403320 3
15845455839 3
13803667310 3
13845402131 3
13945463115 3
13604541741 3
13512682737 3
15804542482 3
13634547068 3
15804547942 3
13634547223 3
15046496839 3
13634547247 3
13634547425 3
13704867251 3
13704866481 3
15046496392 3
13604541464 3
13504541570 3
13504542246 3
13846144308 3
13734543120 3
13664549061 3
13845451359 3
13946455962 3
13734541687 3
15804541687 3
13846175056 3
13846186957 3
13614690620 3
15164511106 3
15846990572 3
15164511139 3
15804542632 3
15164511132 3
15846990579 3
15045406100 3
15245458070 3
15245458017 3
13604542856 3
13846187547 3
13846166725 3
13846156529 3
15204547546 3
13504546469 3
13604866407 3
13604866126 3
13604866420 3
13836607572 3
13796351384 3
13614696525 3
13846178391 3
13512689166 3
15204544388 3
13846150356 3
15045419268 3
13846184928 3
13644548177 3
13644549577 3
13846135893 3
13845453428 3
15204549165 3
15204549167 3
15204549169 3
15145489836 3
13845416406 3
13846148067 3
15904549508 3
15946569200 3
13512666974 3
13614543259 3
13946407174 3
13845417742 3
15145499633 3
15145499655 3
13846182772 3
15204540298 3
13845416526 3
13945472060 3
15046467319 3
15045417072 3
15045417073 3
13603692479 3
13945482810 3
13704545758 3
13846159161 3
15145459280 3
15145459391 3
15904547270 3
15204541091 3
15204541463 3
13945463308 3
15204544916 3
13836601737 3
13803656554 3
13903681212 3
13555590262 3
13846179368 3
13846179590 3
13904545918 3
15846999947 3
13512682954 3
15145459691 3
13504541488 3
13946402440 3
15046490355 3
15045410612 3
13946473299 3
13614692199 3
13704866684 3
15204542168 3
13846159750 3
15164514189 3
13945475306 3
15845400343 3
15204543466 3
15046461910 3
15145451066 3
13512662874 3
13946400267 3
15045406670 3
15204540411 3
13946453978 3
13603695094 3
13946455949 3
13904547578 3
13684549326 3
15145452590 3
15046494549 3
13684549359 3
15804545417 3
13512667542 3
13846192260 3
13836655623 3
13614698992 3
13904546788 3
13512647915 3
15804546314 3
15245488846 3
15164510164 3
13803657079 3
15045415949 3
15246472688 3
15246460766 3
15246460972 3
13796359784 3
15246460980 3
15164512024 3
15945881764 3
15246460925 3
15904545899 3
15246460768 3
15246460769 3
15246460940 3
15246460921 3
15246460811 3
15246460681 3
15246460866 3
15246460815 3
13796357104 3
15246460809 3
15246460911 3
15246460978 3
15246460930 3
15246460949 3
15246460932 3
15246460928 3
15246460933 3
15945885646 3
13946443415 3
15246460857 3
15164519750 3
15246477477 3
15246460936 3
15246460929 3
15246460931 3
15246460923 3
13846176193 3
15246460706 3
15246460711 3
15045400311 3
13504543125 3
15246460716 3
15246460705 3
15246460717 3
15246460721 3
15246460715 3
13644548659 3
13846170816 3
13664545124 3
15804541490 3
15946568242 3
15804548298 3
15164511934 3
15046466418 3
15246479333 3
13846139507 3
13624546492 3
13624546592 3
15045409813 3
15164514660 3
15904547107 3
15045413155 3
15245488086 3
13946446922 3
15145487834 3
13946445902 3
15846998157 3
15946552447 3
13624541533 3
13603693676 3
13504699994 3
15046460086 3
15045419910 3
13846175305 3
15245488059 3
15245488136 3
13624549163 3
13512661094 3
15145451869 3
15946562085 3
13845416098 3
13845407658 3
13845452808 3
15845404934 3
15045413050 3
13946403804 3
13836603255 3
15145455480 3
15246476505 3
13846181189 3
13614699325 3
13704546022 3
13664549774 3
13614541124 3
15246495326 3
18249247251 3
15245485177 3
15046495434 3
13836647990 3
15246495541 3
15204544074 3
15145499400 3
15945884074 3
13836600316 3
15245488910 3
15145498911 3
13604547350 3
15845457260 3
15246498586 3
15204541609 3
13504547440 3
15245452694 3
15246498756 3
15246498759 3
13946445037 3
15245484472 3
15246498704 3
13946422802 3
15245487504 3
15246498781 3
15145455122 3
15246477324 3
13845478096 3
13845470441 3
13624549260 3
13945474976 3
13846194674 3
15246477215 3
13603692048 3
15246475429 3
15164518948 3
13644541584 3
15245488850 3
15845455124 3
15245488851 3
13946425751 3
13846150784 3
15204544475 3
15945402205 3
13684549772 3
15245489908 3
13845459409 3
13846198956 3
13512689391 3
13903687369 3
13945494434 3
15246470088 3
18804543065 3
13684549732 3
13836660136 3
15246476087 3
15945881634 3
15945401634 3
15945881624 3
13836665306 3
13846173980 3
13946474517 3
15246479721 3
15246474582 3
15145454609 3
13845470864 3
15246480435 3
15804540634 3
15246480459 3
15846990854 3
13904547214 3
13946408283 3
15904549857 3
15204545664 3
15946552358 3
15245483006 3
13603694379 3
18249247702 3
13512694612 3
15046495187 3
13614693653 3
13845407894 3
15245451213 3
15245482990 3
13803652184 3
15845401932 3
13512648717 3
13664545426 3
15245489089 3
13634547784 3
13664541026 3
13803651861 3
15045410318 3
13504543236 3
15245483773 3
15245480488 3
15245480211 3
13603692434 3
15246467121 3
13644542604 3
15245484928 3
15245480591 3
13845452411 3
13704867730 3
15845406296 3
13704867612 3
15045419267 3
13846199961 3
15245450857 3
13845418615 3
13945455051 3
15946562699 3
13946422085 3
13664549806 3
15046491393 3
15046491675 3
13903688512 3
13903683218 3
13512670817 3
15045403401 3
13846193912 3
13796351510 3
13945466306 3
13846195436 3
13846169250 3
13512671855 3
13836605038 3
13946472283 3
15245455978 3
15046462989 3
15045403668 3
15145489817 3
15045401284 3
15946566805 3
13512679703 3
15245494999 3
13945483462 3
13836647878 3
13614696859 3
13946454701 3
15245405666 3
13845410921 3
15946553396 3
15245459575 3
15245459330 3
15245459331 3
13624544258 3
13624544178 3
13684546642 3
13704540729 3
13846189635 3
15046465871 3
13604547550 3
15245459278 3
13704540736 3
15164517716 3
15245459258 3
13796357465 3
15204548782 3
13704543904 3
15045419297 3
15045419195 3
15045419227 3
15845455363 3
13945463830 3
15946557955 3
15245459758 3
15845403552 3
15145456177 3
15245459230 3
13512674719 3
13604867120 3
13604546346 3
13604546312 3
15845459209 3
15845458592 3
15046460321 3
15145489314 3
15046468535 3
15845405356 3
15845409933 3
15945401958 3
13845413539 3
15845400337 3
15845453987 3
15204548959 3
15945884298 3
13624544977 3
13614690354 3
15945889455 3
15145489408 3
13504697285 3
15845400517 3
15245459159 3
13945499270 3
13512670926 3
13604541616 3
15245459135 3
15245459105 3
15245459107 3
15045411834 3
15245459108 3
15245459152 3
15245459122 3
15245459121 3
15245459126 3
15245459168 3
15245459127 3
13846155321 3
13512683026 3
13624547220 3
13803659411 3
13903684249 3
15845453758 3
15145491431 3
13845413202 3
13846130267 3
15804543676 3
15046498923 3
15046498920 3
13846166824 3
13803653523 3
13634540038 3
13846197990 3
13664542388 3
13664542699 3
13836645737 3
13684540134 3
13945462204 3
13845411982 3
13836656804 3
13845473299 3
13846190177 3
13634540349 3
13634543049 3
13845413804 3
13846197904 3
13803667881 3
15245487097 3
15046468487 3
13946440129 3
13704861775 3
13684541574 3
13614699681 3
13734548512 3
13945486074 3
15145499432 3
13845402248 3
13846161556 3
13845470082 3
13512647904 3
13945456264 3
13945461536 3
13946444196 3
13803655254 3
13845406116 3
13604544893 3
13846181620 3
15045402620 3
13555590336 3
13634545487 3
13512671274 3
15245452159 3
15246476768 3
15845455585 3
15045401146 3
15946556267 3
15045410832 3
15246470698 3
13555585829 3
15246476568 3
15246476578 3
15246476686 3
13946459562 3
15164516256 3
15245485114 3
13836650343 3
13836650310 3
13504540029 3
13836650887 3
13836608946 3
13846198436 3
15804544094 3
13634542072 3
13836654113 3
13734543314 3
15046495940 3
13946402340 3
15046460704 3
15204544184 3
15164514543 3
15045415800 3
13644540171 3
13512646946 3
15945880870 3
13836652772 3
15164516223 3
13664542870 3
13846143714 3
13796352254 3
13634541256 3
13644549774 3
13845452372 3
15246476770 3
13846144664 3
15846996917 3
13904544214 3
13846139406 3
15245487569 3
15246498497 3
13684540585 3
13512674877 3
13945464924 3
15246498849 3
15245453809 3
13845419680 3
13836647958 3
15246498863 3
15246498869 3
15246498872 3
13704862561 3
15246498563 3
15845409547 3
15945884084 3
15046493694 3
13946429864 3
15164518353 3
13946421034 3
15904540654 3
13846184504 3
13845408330 3
13796358776 3
15245489603 3
13945474154 3
15046495404 3
15164514850 3
15246479653 3
13846154941 3
13624654006 3
13512674131 3
13504544101 3
13946405064 3
13836604073 3
13836663718 3
15804548043 3
13845474684 3
15245488391 3
13836660550 3
15046497077 3
13836660310 3
15804546607 3
13945471925 3
15245485814 3
13946447699 3
13846175945 3
15245481830 3
13845402024 3
15045411279 3
15946552008 3
13836662629 3
13945479054 3
13846159451 3
15246477768 3
15204545746 3
15204545748 3
15945881164 3
13704867364 3
15204545749 3
15246473150 3
13704868691 3
13945481811 3
15246482004 3
13946459246 3
13604867138 3
13945468626 3
15246482254 3
15845403114 3
13504547350 3
13846140048 3
15246481315 3
15246480538 3
13903685714 3
13604547867 3
15145452689 3
15246472370 3
15246474211 3
15046491994 3
13614697215 3
15046495504 3
15845456304 3
13674549680 3
13704869646 3
13846135256 3
13845400364 3
13634547764 3
13846145694 3
15846992026 3
15846991951 3
13512673694 3
13846134106 3
15946565228 3
13803653764 3
13504698138 3
13846152214 3
13946455983 3
13904544664 3
13704541174 3
15946550711 3
13845476764 3
13946407115 3
13634542425 3
13512687833 3
13555597627 3
15045417285 3
15045417631 3
15845406191 3
13846136902 3
13624545467 3
13946407542 3
13512677511 3
13846195586 3
13734544067 3
15045407444 3
15046466943 3
15846990279 3
15846990287 3
15945882318 3
13836656746 3
15846990309 3
15046495890 3
13845453893 3
13836656413 3
15904544954 3
13846156218 3
13734549528 3
15046462685 3
13512683129 3
13846172292 3
15945886835 3
13946425708 3
13734543251 3
13614696994 3
15946568589 3
15245492888 3
15145457458 3
15804543709 3
15845401182 3
15245455810 3
15245455950 3
15046491309 3
13624543651 3
15245455955 3
13946458907 3
15145456520 3
15145456521 3
15204541738 3
13836658096 3
13846140740 3
13704864510 3
13644545117 3
13512648164 3
13845403709 3
15245455766 3
15946561126 3
15245450376 3
13803666267 3
15245459651 3
13684547873 3
15204542825 3
13836605831 3
13845472519 3
13704862873 3
15204542418 3
15045418461 3
13684548891 3
13684547652 3
13846156023 3
13945466743 3
15845404202 3
15845404235 3
13684548788 3
13604540349 3
15845404246 3
13846138998 3
13946403619 3
15245459100 3
13846196843 3
15245488111 3
13555586312 3
13704547185 3
15204545307 3
15245450707 3
13946441266 3
15164516389 3
13684549466 3
15845406653 3
15164516996 3
13846166932 3
13512666414 3
13903687435 3
15204546022 3
13512688355 3
13846186241 3
13846149691 3
13684544650 3
13684542630 3
13903687505 3
13704866146 3
15945887050 3
15945887032 3
13684545370 3
13684542923 3
13904546542 3
13644546257 3
13684542973 3
13684543042 3
18245462467 3
13684544920 3
15945887089 3
13604542939 3
13684544257 3
15945887109 3
13644548455 3
13946406759 3
15845457015 3
15204547633 3
13684544326 3
13684545139 3
13945456637 3
13946426749 3
15845456563 3
15845456268 3
15204547557 3
15245463999 3
13704542632 3
13946456063 3
15804540571 3
13555584900 3
15904547837 3
13684546873 3
15904546976 3
15245450303 3
15945887667 3
13664547469 3
15845450975 3
13945487721 3
13945459471 3
13664547401 3
15204546992 3
15945402190 3
15946567816 3
15945402247 3
15845456083 3
13684546035 3
15046496928 3
13604864168 3
15846995965 3
13684546290 3
13684543910 3
13803657952 3
15904544523 3
13664546442 3
13614697602 3
13946446091 3
13846141638 3
13946457285 3
13903684797 3
13846156935 3
13846146762 3
13945476097 3
13846176755 3
13904546075 3
13904547165 3
13946447522 3
13684547049 3
15946550549 3
15804544918 3
13846190051 3
15145457581 3
15145457582 3
13945489201 3
13846134162 3
15945404986 3
13624542966 3
15145489876 3
15046460140 3
13846165629 3
13845453137 3
13796352760 3
13945470961 3
13945468590 3
15045408733 3
15845408611 3
13946404161 3
13512670907 3
15945885369 3
15804542505 3
13846177343 3
13734541577 3
15204546634 3
13604546339 3
15846995447 3
13624547907 3
15245451770 3
13644541024 3
15245451771 3
13734547221 3
15045406709 3
15204542082 3
13836664627 3
13845475634 3
15845402385 3
13603693264 3
13604863101 3
15045404298 3
13903689096 3
15845455895 3
15946552487 3
15204542079 3
15245485510 3
13836659397 3
13734545100 3
13803661775 3
15245485608 3
15946551538 3
13555591095 3
18249238891 3
15046497338 3
13512664055 3
13945460484 3
15845452757 3
13846170397 3
13836647574 3
13845472704 3
13704548381 3
13512646504 3
13836653784 3
13634541591 3
13614692764 3
13555586629 3
13946422013 3
13946445750 3
13684541795 3
13796355424 3
13845456964 3
15804544836 3
13684541631 3
13664542811 3
15046461880 3
13836654292 3
13846146620 3
13845450524 3
13555594170 3
15045419223 3
13836656019 3
13734542274 3
15845454765 3
13945481562 3
15045409426 3
13684541941 3
13684541946 3
13836655634 3
13684541853 3
13512676351 3
13684541845 3
13846182250 3
13845471471 3
15245487075 3
13946420673 3
15046462243 3
15045407860 3
13904547784 3
15245455518 3
13512644376 3
15164517843 3
15164517731 3
15245625678 3
13945488786 3
13945473834 3
13945473864 3
13946407122 3
13846180603 3
13555594410 3
15046463755 3
13845450541 3
15845453610 3
13604863500 3
15045407821 3
15045407738 3
13846187141 3
13555596276 3
15245487299 3
13845456588 3
13504696188 3
13512663816 3
13945451954 3
13836604722 3
13945452056 3
13704540031 3
13845416284 3
13603696127 3
13845417915 3
13845451584 3
15245487137 3
13803650967 3
15245487807 3
15245487815 3
13704862964 3
13836653774 3
13684547622 3
13945456411 3
13634540384 3
15846995873 3
13946443920 3
13945465197 3
13512675384 3
13945463646 3
13555581373 3
15245485911 3
15246476858 3
15046466144 3
15245459005 3
13845450273 3
15245459023 3
15204544815 3
13664547867 3
13903689650 3
13946471189 3
13946429547 3
13845455068 3
13504544202 3
13614692827 3
15245451578 3
13836643982 3
13803663382 3
15145459784 3
13684544294 3
13803653802 3
13644541239 3
15845401758 3
13836640275 3
15845400484 3
13603699436 3
13624540146 3
13674549502 3
13803662180 3
13512676254 3
13512677217 3
13945483911 3
15046499089 3
15145451269 3
13684542902 3
15164515726 3
13604867339 3
15945888492 3
13836642635 3
13845457385 3
13945484014 3
13644544575 3
13846188784 3
13846141069 3
15204542474 3
13512641620 3
15846995924 3
13846180504 3
13846162819 3
13946407372 3
13946426327 3
13846186610 3
13504546034 3
13846140214 3
13704546621 3
13836607159 3
15204544926 3
15046466216 3
13945499591 3
15946554719 3
13846133837 3
13846134027 3
13634542490 3
13796354412 3
13803664328 3
15204544778 3
13846144690 3
15945884586 3
13555594349 3
13845414594 3
13845454734 3
15246478931 3
15045400908 3
13803669782 3
13846198901 3
13846163640 3
13845406728 3
13846198712 3
15246498668 3
15145492477 3
15246498660 3
15845407268 3
15246498669 3
15246478932 3
15046460858 3
13903684207 3
13946401564 3
13945454376 3
15246476016 3
15245452271 3
15145453794 3
13836644335 3
13846198978 3
13684541289 3
13836650901 3
13836643174 3
13846150404 3
13946455614 3
13846143354 3
15246482899 3
15945885933 3
15204545330 3
13836666094 3
15804546138 3
15046467686 3
13512665403 3
15946554797 3
15204545719 3
15246480616 3
13512683549 3
13704541771 3
15246477890 3
15946552377 3
13836665402 3
15945404424 3
13796355569 3
13904548376 3
13903682034 3
13836662114 3
15045410902 3
13836640354 3
13904544884 3
13846194377 3
13836655854 3
13904544484 3
15245487554 3
15246468625 3
15245485166 3
13846131550 3
13903687949 3
13803668864 3
13704544934 3
15945880849 3
13624540795 3
13803667620 3
15245455610 3
13846180943 3
13803667631 3
13604546394 3
13624540945 3
13555587390 3
13836647913 3
13836667612 3
15245455120 3
18249240702 3
13512677196 3
15045417709 3
13846181032 3
13604540812 3
13836657290 3
13604540862 3
13555580433 3
13512677073 3
13845455163 3
13845414989 3
15804540765 3
13664543666 3
13604866951 3
13845416210 3
15245482296 3
13845416845 3
13512682763 3
13512683192 3
13644540058 3
13614690696 3
13836650518 3
15845400262 3
15904545483 3
15845400261 3
15946561181 3
13846159280 3
15845404596 3
13512685166 3
13644543606 3
13946423953 3
13614696328 3
13604543895 3
13846175670 3
13845410527 3
13803650932 3
15804546231 3
15804546235 3
15804547042 3
15045417392 3
13945457412 3
15045417457 3
13734543611 3
15046493558 3
15245409666 3
13846156849 3
15845454771 3
13704546644 3
13604542071 3
13803667260 3
13604865770 3
13604865776 3
13836644615 3
13946408486 3
13604541160 3
13604541955 3
15845451197 3
13803662814 3
13846146712 3
13846146721 3
15164516813 3
13845412629 3
13555591405 3
13555596533 3
15045417685 3
13734544139 3
13555598467 3
13604544260 3
15045417658 3
13734545443 3
15046497360 3
13624542183 3
15845409766 3
13604865439 3
13946445759 3
13903681648 3
15046492447 3
13624543997 3
13946443910 3
13734541211 3
13846145423 3
15945889179 3
13624541956 3
18804542276 3
13845470347 3
15846993911 3
15046463258 3
15046463032 3
13845454867 3
13734542407 3
13803666030 3
15804543972 3
13836647353 3
15245455057 3
13903680696 3
13555590819 3
15204548945 3
15845407822 3
13946452849 3
13845401721 3
13624547951 3
13846136484 3
15846999059 3
13845404232 3
13644547954 3
13836669204 3
15046491528 3
15245488567 3
15245458696 3
13946405134 3
15946567965 3
13796350865 3
13512685807 3
13836640264 3
15245483296 3
15245454559 3
15145458100 3
13684546584 3
13845405094 3
15046495131 3
13846156294 3
13684546534 3
13836667794 3
13845476284 3
13512671398 3
15245486864 3
13614697114 3
13504541350 3
15245486239 3
15245484676 3
13803662978 3
13836654134 3
13903682778 3
13634540071 3
13946453171 3
13845402063 3
13845401182 3
13846195006 3
15045411991 3
15904542957 3
13704541992 3
13946403466 3
13946421550 3
15904540850 3
15046495884 3
15145451334 3
13555595747 3
13512647010 3
15046465136 3
13846156186 3
13845403652 3
13684544929 3
15145451009 3
13603696186 3
13945473711 3
13796353818 3
13836651620 3
15845453703 3
13803666311 3
18204540018 3
15246463732 3
13846143353 3
18745454755 3
18714542727 3
15046461588 3
13846175050 3
15145451222 3
13512688553 3
18245478567 3
13704548190 3
13614695314 3
15045419433 3
13796353969 3
15946559182 3
15246466766 3
15204543988 3
18245481526 3
18724224521 3
18745451377 3
13704861090 3
18745453598 3
13674544908 3
15046499219 3
15145499202 3
13845401934 3
13846166397 3
13512683904 3
13803663541 3
13946400313 3
13704549691 3
13903684854 3
13684546775 3
13945471585 3
13903687925 3
15204545894 3
13946472603 3
15246494229 3
15946556702 3
13796352552 3
13945458845 3
18724219066 3
18745459473 3
18724220597 3
13634547458 3
15845453944 3
13946443167 3
13512684295 3
15246461251 3
13946474044 3
18714541950 3
13512676487 3
15145499475 3
15246479966 3
18745466972 3
18745473167 3
13803664209 3
13803653507 3
13803663522 3
13734541068 3
18714543006 3
13836604194 3
18724215064 3
15804545449 3
13846193437 3
13704541109 3
18724224956 3
13512646405 3
15045405048 3
15846997756 3
13836660516 3
18245479959 3
13845455947 3
13946428891 3
18245459376 3
15045404690 3
13836603396 3
13946427416 3
13903681507 3
15846997708 3
15246476891 3
13603691767 3
15145452063 3
15245453130 3
15046467377 3
13664540058 3
13512660320 3
18745453908 3
18745471579 3
18724227020 3
15145488323 3
15846993991 3
13946401985 3
18724226318 3
15846997795 3
15846997796 3
13946429078 3
15846997737 3
18245478844 3
13846144719 3
13945475003 3
13555591864 3
15246461494 3
13614699938 3
13945452357 3
15145495866 3
13604548101 3
13684549644 3
13704548607 3
18245491869 3
15145451223 3
18245491877 3
15246468516 3
18245491890 3
13836645570 3
15045413848 3
13624549161 3
15145452861 3
13604868134 3
18745450116 3
15845452745 3
15145452675 3
13604549362 3
13684541202 3
15145489658 3
13846152317 3
15945885938 3
13512674945 3
15204541905 3
15845451459 3
13614696191 3
13614699395 3
15045412676 3
13903682707 3
18724544799 3
13512685296 3
13846140537 3
18245481933 3
13946455913 3
15246489830 3
13846194539 3
15246485773 3
15145453685 3
18724542400 3
18245471602 3
18745499768 3
18245471603 3
13704867329 3
15245482230 3
13704545852 3
18724543508 3
13512684405 3
15246499726 3
13845479051 3
13945465263 3
15904544198 3
15246481359 3
13904544436 3
15164512686 3
13946443199 3
18724543530 3
15845455660 3
13845415953 3
13836647289 3
15145490985 3
15045405464 3
13512684790 3
15946562729 3
18245455061 3
13512644914 3
13846146829 3
15046499051 3
15245453355 3
18245472358 3
13846147905 3
18745476325 3
15246480822 3
15204546498 3
18245487985 3
13845415135 3
13946422696 3
13846165660 3
13512680826 3
15145456924 3
13512647312 3
13836607051 3
13704867443 3
18245456163 3
13846192726 3
15904546878 3
15845453086 3
13704862326 3
18245450959 3
18245450958 3
13845451152 3
13846163730 3
13603691648 3
15804540669 3
13644545731 3
13845472717 3
13846161708 3
18204548512 3
13504540173 3
13836661496 3
13904549692 3
18745458842 3
18724225716 3
18204540738 3
15045400244 3
18245482668 3
13624547040 3
18245479218 3
13704865053 3
13845475463 3
18745492933 3
18249253383 3
13945480960 3
15946555934 3
13946450434 3
18245480262 3
13803650461 3
18245484468 3
18204544348 3
13512664771 3
15164512771 3
13903688375 3
13836654092 3
18324540740 3
18745454219 3
18245487648 3
13845405622 3
13846171636 3
18745499413 3
15246490918 3
15246483119 3
13846164427 3
13945467792 3
18245487960 3
13634545501 3
18245456492 3
13614691959 3
13846171392 3
13614698971 3
13846173425 3
18745497741 3
13664543348 3
18724542438 3
13946450059 3
18745496675 3
15045400469 3
13684542256 3
13946443580 3
13604865549 3
13603698646 3
18245450637 3
15846997731 3
15214663322 3
15904545380 3
15046491025 3
15845455000 3
13604868167 3
13512646132 3
15145499368 3
13946448923 3
18714547968 3
18245480993 3
18745464562 3
18845486544 3
18249824877 3
15845408159 3
18745450629 3
18245478123 3
13644542569 3
13684542030 3
15804544793 3
18745467685 3
18245489022 3
18745467630 3
18245489055 3
18724544288 3
15164513903 3
15204540245 3
13512688419 3
18245476589 3
13836643090 3
18245488930 3
18745476479 3
13604543424 3
13846169490 3
13512666963 3
13836649681 3
18745468526 3
18745468492 3
13945466447 3
13845470969 3
13644542202 3
13836607459 3
13845403715 3
15946556072 3
13604543499 3
13845457243 3
13836644908 3
13846175995 3
15046468482 3
13555595905 3
15045419572 3
15246496141 3
13512699171 3
15164512599 3
15214663311 3
13946472450 3
13904547460 3
15845407417 3
15214663587 3
18745459393 3
18245479255 3
13624543396 3
13946444033 3
15246484755 3
13634540836 3
13684548301 3
13634540702 3
13664540317 3
13684545076 3
13846192974 3
13664548304 3
13945453863 3
13634547358 3
13846195901 3
15845454512 3
15246489430 3
15246495242 3
13555583924 3
18724227670 3
15164517392 3
15945883260 3
15845458450 3
18245482606 3
13846135086 3
13846180662 3
13803659772 3
13704547397 3
15046494453 3
18245453081 3
13846157967 3
13846164067 3
18245482661 3
18745478382 3
13734541912 3
13836647287 3
15145496149 3
18745481467 3
15845456973 3
18845418823 3
15164515785 3
15904540418 3
18245454104 3
13634540105 3
15946559783 3
18204548105 3
13614691152 3
18204545733 3
15904548208 3
18745458346 3
15164519128 3
15164513093 3
15045400853 3
15845402877 3
18245487658 3
18249246661 3
18745489689 3
13555595032 3
13704862891 3
13734545160 3
15846996298 3
13734543683 3
15046465363 3
13946403879 3
13604547863 3
13845403385 3
13614699587 3
18745463050 3
15045405993 3
15045400672 3
18745470058 3
13845412367 3
13946457675 3
13614698051 3
15845403153 3
13624540944 3
13684540878 3
15245451817 3
15904549074 3
13704860797 3
18245480613 3
14794547567 3
18245488050 3
15164516846 3
18745484721 3
13846179603 3
13945468417 3
13704542374 3
18724210699 3
15145499516 3
18745466450 3
15246469311 3
13846160756 3
18245464306 3
15845452639 3
13512667876 3
18745473225 3
13704548030 3
13845405316 3
13734549165 3
15046493735 3
15145497374 3
15946569020 3
13504547059 3
13555599745 3
13614695967 3
15804548965 3
15245483779 3
13845406445 3
15204543377 3
15246478388 3
18724545527 3
18245467044 3
13846165330 3
18245478392 3
18249262192 3
15246490953 3
13512680116 3
18745454830 3
15045418884 3
15246463634 3
13604867128 3
15246461266 3
13555581769 3
15945887633 3
13845409919 3
15246473530 3
13846147067 3
15845454181 3
13845451611 3
13644544206 3
18724214130 3
15846997702 3
15846997703 3
13803662420 3
13836654394 3
15145487705 3
15164512158 3
18245480644 3
18845490055 3
13845476513 3
13846169538 3
15045407726 3
13945465129 3
13846143919 3
13846144968 3
18724225565 3
18245474418 3
18245474478 3
13555587794 3
13664544982 3
13734544608 3
13512664036 3
18745489337 3
13846132506 3
15804540078 3
13845453612 3
13846198743 3
13945464481 3
13946422514 3
15945889562 3
15945886428 3
18724546135 3
15246469073 3
15204540178 3
15245482178 3
18724217565 3
13846180047 3
18245484809 3
15846997697 3
13845416195 3
13555580938 3
13614544439 3
18745469861 3
18745480630 3
13836652087 3
18204548329 3
13845407601 3
13634543439 3
13846161466 3
18245472088 3
18804543553 3
13846192540 3
15245450724 3
15804541273 3
13945497991 3
15246464769 3
13845453709 3
13504545306 3
13604540985 3
13603691389 3
15145494896 3
18845401828 3
13803669513 3
15046490838 3
15145452151 3
13946440965 3
13903686025 3
13904544476 3
15946561711 3
15246481783 3
13846150036 3
13946451090 3
13904545704 3
13845416551 3
13945487551 3
13603697344 3
18745475575 3
15046465895 3
18845481124 3
18745463720 3
15246462251 3
13624652811 3
13945481036 3
13796350117 3
18745455862 3
18745455861 3
13624542758 3
13644546560 3
15246499360 3
15845402067 3
13945475126 3
18845418173 3
15245452406 3
13512686865 3
13836657705 3
13946449115 3
15145493667 3
15945400052 3
15246481580 3
13684545868 3
13512678346 3
13846183285 3
15045405509 3
13946473464 3
18245491882 3
18745482916 3
13624542337 3
13504548595 3
18245479233 3
18245455827 3
15045415814 3
18245464034 3
13845458590 3
13634541846 3
15045411085 3
13846156584 3
13946425535 3
13504540776 3
15946550843 3
13803662115 3
15046491544 3
15946564409 3
13946457500 3
13846161950 3
13903688947 3
18245496004 3
13846158578 3
13512688052 3
15045408450 3
13946409237 3
13604548331 3
13803663362 3
18245451506 3
13684540150 3
13846185875 3
18249263446 3
13846147432 3
13512666295 3
13845412576 3
15145489778 3
14794545076 3
18745498350 3
13836659476 3
13946425136 3
13603693140 3
13512670506 3
15204547450 3
13803650076 3
15946560134 3
15904549084 3
13846180736 3
13555580502 3
13796356648 3
15245485449 3
13704543647 3
15845452291 3
13903688912 3
18249235444 3
15145457774 3
13624548910 3
18245474366 3
13945471652 3
18245488581 3
15145490579 3
13512698832 3
18249242300 3
18245463535 3
18245475538 3
13846149425 3
18245457127 3
13603696466 3
18245475858 3
18245477900 3
18204545786 3
18245479677 3
13504545283 3
18245474581 3
15945881498 3
18745458234 3
13803665743 3
15845407350 3
13946452215 3
18724227859 3
18745459048 3
15145498327 3
18845418663 3
15246499616 3
15164519775 3
13674544425 3
15145457609 3
13846143129 3
13604545685 3
13504540284 3
15945887264 3
18245458075 3
18245473688 3
13624543414 3
13796359668 3
13845474503 3
15145452250 3
13946442182 3
18245478187 3
13846162747 3
13555583807 3
13836668791 3
13512643376 3
13603692043 3
18724543278 3
13836668796 3
15845455212 3
13555591459 3
18245480288 3
18845418066 3
15046498799 3
15945881095 3
13664542552 3
13555585924 3
13684541331 3
13846135998 3
18245496008 3
13555597652 3
18204540830 3
18245472328 3
18245472586 3
13624545892 3
18245475346 3
13684544778 3
13604547473 3
13904547300 3
13845472984 3
13604863046 3
18204540408 3
18245482456 3
15145488036 3
13946422072 3
18724545589 3
13904544653 3
13836653832 3
13512664160 3
13946454849 3
13836650470 3
15045418887 3
13846174990 3
13945459313 3
13845470389 3
13836604085 3
13846185942 3
18845418982 3
13946421173 3
13704863559 3
15804543599 3
15145493882 3
13846133011 3
13644549192 3
15045404582 3
15945884434 3
13836652132 3
18245471881 3
18745454633 3
13846130881 3
18245479358 3
13624542182 3
13644549454 3
13504547019 3
13946446270 3
18245457330 3
15246492098 3
13845417338 3
13664540037 3
18724218716 3
15245480544 3
13644684134 3
13945457519 3
13664549414 3
13624542634 3
18745467827 3
15945885803 3
18204541628 3
18845418996 3
15946562004 3
13644544805 3
18204541591 3
18745493933 3
13704869050 3
14794548060 3
18745497478 3
13845416362 3
15846998625 3
18204544936 3
18745486211 3
18204542690 3
18714541993 3
18249235488 3
18249235411 3
13803650557 3
15246479975 3
15246489504 3
13504699825 3
15246476218 3
18245452716 3
15214664223 3
15246489392 3
13845454160 3
15845404551 3
13945476912 3
13836646289 3
15046491975 3
15845452625 3
13846152831 3
18245477766 3
13845470475 3
18245477910 3
13836650464 3
13846148585 3
13845458903 3
13836645361 3
18724548386 3
13504541319 3
15846999729 3
15846999820 3
15145493806 3
15945403897 3
18245476634 3
15245485804 3
13904546093 3
13604863806 3
13945472448 3
15245450912 3
15846996692 3
13945485812 3
15145492184 3
18245466955 3
18745452042 3
13604865236 3
13845473835 3
13604543907 3
13644547294 3
13946420213 3
15145489023 3
13555596910 3
15245488442 3
13796351204 3
15904543793 3
13614699586 3
13664542184 3
13846139300 3
13603694814 3
13512661753 3
13903684685 3
13846187961 3
15046464214 3
15945880976 3
15164514954 3
18245484895 3
18245473022 3
18245469114 3
18745468893 3
13846139651 3
18724228094 3
18724545576 3
13903682609 3
18245482344 3
18249821612 3
13946442180 3
13555588905 3
15245454683 3
13704541936 3
15246482557 3
15145459260 3
13603697975 3
13704869503 3
18245469017 3
18245481654 3
13945489004 3
13846130039 3
18745497799 3
15246466040 3
18745494011 3
13946444835 3
13946451776 3
15045415373 3
18714541995 3
13945450962 3
13604549519 3
13846142114 3
13644548342 3
15046492239 3
13684546469 3
13704540950 3
13664541161 3
13845408383 3
15046492628 3
15845409984 3
13504544832 3
13903681957 3
18245457897 3
18245482981 3
18245482982 3
18245456485 3
15245481531 3
18245472869 3
13644547897 3
18204540712 3
15945889855 3
13512674879 3
15204546598 3
13903685054 3
13555590160 3
13555598726 3
13836661033 3
15245452339 3
13624542877 3
13946444326 3
13946444867 3
13614698219 3
15245482170 3
18245478401 3
15145494558 3
13845456452 3
18245484968 3
18204549075 3
15045405489 3
18245463699 3
13945487885 3
15804548141 3
13945464311 3
13846149335 3
15245455576 3
13803661771 3
13836655755 3
13555590166 3
13836606556 3
18724545525 3
13836600067 3
13946471452 3
18245477907 3
18245483578 3
18245477921 3
18245455852 3
13836608001 3
13796350566 3
13734546712 3
18204542764 3
15845450053 3
13836645668 3
15246476084 3
18745461034 3
15045419864 3
18714541969 3
18724541321 3
15245455441 3
13846132917 3
18745474732 3
18245481798 3
13946459306 3
15904546648 3
13846138653 3
13512668251 3
18745499109 3
13644684295 3
13555580014 3
18845418716 3
15204545990 3
13603691746 3
13946442890 3
15845459745 3
15946555239 3
13945455957 3
13845410726 3
13846183359 3
13946422700 3
15846999791 3
15246469761 3
13946450901 3
15246499337 3
13704541764 3
18245472248 3
13946409543 3
13945484793 3
15246464105 3
18204544005 3
18745468565 3
18724222803 3
15046493379 3
18204546699 3
13945483399 3
15946566125 3
18204540739 3
18204542340 3
15945888194 3
13704868012 3
15945888294 3
15145458968 3
13604864775 3
15846992002 3
18724220581 3
18714541956 3
13704544418 3
13945480075 3
13504540009 3
13604544357 3
15845450009 3
13512681269 3
13836653340 3
13836669440 3
18745493969 3
13845417618 3
15846990838 3
13604868182 3
13555596697 3
15246470664 3
13946455004 3
18245465337 3
18245450905 3
13846160925 3
13846147658 3
18245456452 3
18724545538 3
18724545534 3
13624545361 3
18745487894 3
18745467515 3
13945453587 3
18245464699 3
18245465499 3
18745467716 3
18745467791 3
18745467660 3
18245489683 3
18245477167 3
18745467783 3
18745467587 3
18745467628 3
13945455521 3
18745467708 3
18745467665 3
18245477168 3
18745467681 3
15214665018 3
18745467687 3
18745467650 3
18745467705 3
18245465019 3
13846196919 3
18745499160 3
18745467976 3
18745467959 3
18745467939 3
13836668606 3
18245450626 3
18204540390 3
18245472209 3
18724540978 3
18745479879 3
13555582404 3
18745467623 3
18745467729 3
18745467697 3
13555598591 3
13512661771 3
18245450836 3
13836609570 3
18245469329 3
15246461454 3
18245465457 3
13512667747 3
13845473156 3
18724228707 3
13614693709 3
15845455959 3
15945882360 3
13836667218 3
15214668414 3
13945461267 3
18245499123 3
13664545798 3
13946429833 3
18745454178 3
18245482600 3
15045406679 3
15246484508 3
13836666920 3
18845418995 3
15246489665 3
13946452667 3
13614699220 3
18245488328 3
18245477551 3
13684547563 3
13803655887 3
15246499200 3
15804544391 3
13846177724 3
18204541085 3
15946556095 3
13945486899 3
15904543212 3
13946455238 3
18745455609 3
15945400053 3
13555585441 3
18724211744 3
18245477919 3
18845498268 3
13846146331 3
18745471464 3
15145450205 3
18245481711 3
13604549323 3
18245483768 3
15045413581 3
18724545991 3
13504698471 3
18724545827 3
15845400553 3
18724228863 3
18724545881 3
18724545882 3
13704545752 3
18245457445 3
15204543807 3
15804540862 3
15245455272 3
15804540338 3
13803669236 3
15845408502 3
13644548234 3
18724220035 3
13846135587 3
15845459282 3
18745497867 3
18204545572 3
13704867511 3
13845413103 3
18245489685 3
13945458776 3
13846143115 3
18245455795 3
13836609176 3
13845407366 3
15214662029 3
18724222708 3
13836668701 3
15945888406 3
13845451501 3
13903686278 3
18745467759 3
13634540127 3
13846178461 3
15845451097 3
15145454542 3
13624549342 3
15246477881 3
18745465763 3
13836642589 3
18245475655 3
15164516912 3
13803650467 3
15804545675 3
18245471913 3
18245488844 3
13555598320 3
13512643571 3
15246492066 3
13903681972 3
13604549319 3
13836602517 3
15946569682 3
13512698421 3
18724223452 3
13604545045 3
18245452125 3
15245451825 3
15046462433 3
13946456715 3
13504698116 3
13945471751 3
13904544793 3
13704863252 3
13555595906 3
13555598162 3
15045405637 3
15846998894 3
15946568199 3
18245461688 3
13845410592 3
18204541766 3
13684542067 3
13704546814 3
15846997083 3
15245488408 3
13504546155 3
13504698484 3
13604868847 3
13846151662 3
18245456482 3
13946420264 3
13644540605 3
15145494027 3
13664545569 3
13836658315 3
15846997096 3
13512687774 3
13946474411 3
18745480019 3
18204545795 3
18245488456 3
13846174619 3
13903686002 3
13846155261 3
18724545893 3
15045417978 3
15046464959 3
18245452209 3
13512699942 3
13504697022 3
15145450222 3
15145456267 3
13512687883 3
13674549187 3
13946426615 3
15145490107 3
18204549662 3
15946558683 3
18204549663 3
15204543654 3
13846159379 3
13846159313 3
15145488185 3
13555594543 3
13803663774 3
15804540699 3
18745457526 3
15245450231 3
18724546192 3
13945466963 3
13555590984 3
13836609073 3
15045401163 3
18245479033 3
13624542021 3
18245479278 3
13734543296 3
18245482988 3
13603699117 3
13846187828 3
13945451038 3
13845415127 3
15046498636 3
15204546933 3
13836655296 3
13803651945 3
13796353812 3
15046491611 3
13803665372 3
13614694186 3
15946560316 3
13512646677 3
18745453133 3
15804543629 3
18724545851 3
15046490332 3
13946409813 3
13845408517 3
18204545855 3
13512687936 3
18245457422 3
13903684430 3
18745461483 3
18745498086 3
13846190095 3
15164512319 3
13846132768 3
13846142993 3
18204541254 3
18204540791 3
15246475321 3
13845400614 3
18245477774 3
13946426388 3
18245474433 3
15245482129 3
13945463623 3
18724211836 3
13846147464 3
18204547002 3
13604546848 3
13836645703 3
13845454096 3
15946551317 3
15804548979 3
15946565950 3
15845451759 3
18724545853 3
13836646262 3
18204541971 3
15245489670 3
15164517122 3
18745485875 3
13644544988 3
18745490072 3
13846144749 3
18204548324 3
15164514654 3
15145458074 3
18245458060 3
13904549094 3
18724226565 3
18724228655 3
15145497266 3
13846177005 3
18245479899 3
13846141252 3
15245459977 3
15246486575 3
15046492116 3
18204545718 3
15245451160 3
13846145578 3
13555595732 3
13846180629 3
13604540962 3
15046467915 3
13704548757 3
13946424786 3
18724545790 3
15046496304 3
15145492097 3
13555598671 3
13845401132 3
13555592565 3
13846185034 3
18245465638 3
13624547667 3
18714542120 3
15246484437 3
15946560270 3
13674544394 3
13512682795 3
18724545862 3
18204545791 3
13555599729 3
15145454024 3
13945461796 3
13555597984 3
13845475674 3
18204540880 3
18245463434 3
18724545417 3
18724546306 3
13946440386 3
18745455442 3
13845473202 3
13846160132 3
18745461648 3
18245457457 3
13846147485 3
15246493123 3
15845455719 3
15804543357 3
18204540500 3
13845474025 3
13555586373 3
18204549314 3
13903685936 3
18724219165 3
13903687855 3
18245478286 3
15045410222 3
13512672072 3
13504549194 3
13846145295 3
13836652397 3
13904547978 3
13945475867 3
13903688959 3
13836608831 3
15246462749 3
13946457680 3
13664548044 3
18245464624 3
13836605574 3
15946554912 3
13512675749 3
13846149657 3
15846997230 3
18745491867 3
13846161586 3
15245452150 3
15214666908 3
18745459585 3
13946455245 3
15145499568 3
13846190163 3
13945451653 3
13512662191 3
18245455056 3
18745454424 3
18204540969 3
18724216227 3
15904541848 3
15845458271 3
13512675137 3
15246461259 3
13512672063 3
13512666509 3
15246493080 3
13796354969 3
13704542143 3
15845401610 3
13664546264 3
18724214565 3
13664548995 3
18245455089 3
13945463625 3
13945485331 3
18745463884 3
18724541998 3
13945463160 3
13945453750 3
13604866517 3
18714545166 3
13634540885 3
15946554616 3
18245479759 3
13836605764 3
18245479811 3
15945885698 3
15246477596 3
18245458039 3
15945886942 3
15145489670 3
15204547028 3
13946440874 3
15045403022 3
15214663554 3
13555020024 3
13836664369 3
13803663031 3
13846186986 3
13734546009 3
18245459690 3
18204549272 3
15145488109 3
13704547206 3
18724226133 3
15045403037 3
13836642027 3
13604864205 3
13734543127 3
15246461257 3
18204548264 3
15245455145 3
13946447867 3
18745473195 3
13945482359 3
13803667494 3
18745476800 3
18245464654 3
13836652914 3
15164515852 3
18245474233 3
15145487314 3
18245471808 3
18745461481 3
18245468198 3
13836608064 3
13846142006 3
15846999010 3
13845406898 3
13803669964 3
18745499060 3
15845459089 3
13603697480 3
15946555931 3
15164515340 3
13512671273 3
13845455268 3
15946555170 3
13704868423 3
15946560750 3
13604542830 3
13664547818 3
13903688430 3
15845454460 3
18724541978 3
18724213968 3
13664546965 3
18245463637 3
13614699881 3
18714541400 3
18745453187 3
18745451205 3
18245474618 3
15245489930 3
18245450755 3
18245450756 3
18245450758 3
18245450760 3
18245450768 3
18245450769 3
15904546818 3
13945482343 3
13945464159 3
15246467447 3
15846998871 3
18724227187 3
18745468863 3
18245450782 3
18245450785 3
18245450839 3
18245450852 3
18245450853 3
18245450861 3
15245483870 3
13945450344 3
13604549652 3
18745455521 3
18204540218 3
13614692370 3
18245450870 3
18245450871 3
18245450883 3
18245450887 3
18245479028 3
18245450890 3
18245450891 3
18245450896 3
18245450897 3
18245450899 3
15045416166 3
18245450900 3
18714543254 3
13836646004 3
13945451264 3
13945456443 3
13845404932 3
13664547627 3
15246476739 3
13555597767 3
13604543674 3
13845400965 3
15904548659 3
13945467609 3
13846188329 3
15246466365 3
15946560165 3
18245473656 3
18245474016 3
18745461495 3
13946474530 3
18724212039 3
18845403537 3
18245452714 3
15045406694 3
15246467936 3
13946421910 3
18845499905 3
18245475398 3
13846172817 3
13945474780 3
18245483393 3
18245483392 3
15145454594 3
18245450709 3
15904543254 3
18204546567 3
13845409673 3
15904548229 3
15046490900 3
13836657643 3
18745468696 3
13604545917 3
18245471658 3
18745485292 3
13846186515 3
13512662755 3
18204548416 3
18245454848 3
18245478678 3
13803651580 3
18745467657 3
18245477626 3
18245450910 3
13903687764 3
13836646092 3
13846151665 3
18845414438 3
18245465677 3
13946428806 3
18745461980 3
15245482357 3
13684548436 3
15246461995 3
18245457629 3
13704869100 3
18245461324 3
18245481616 3
13704861865 3
18745467522 3
18204543588 3
18245479646 3
13845409432 3
13903683987 3
13504546605 3
18845499956 3
13803665761 3
18245479608 3
18245463278 3
13796355236 3
13796351637 3
18245488118 3
18204549108 3
13504545872 3
13846141335 3
15145453810 3
18245488288 3
15904542110 3
18245488200 3
13512673822 3
18745467658 3
15145490973 3
18245450722 3
18204540718 3
15845451162 3
15804548100 3
15204540100 3
13945451070 3
13555593663 3
13504543826 3
13504543829 3
15946554973 3
13504699509 3
13504699239 3
18724223225 3
15245457930 3
13604540719 3
13945479554 3
18745457848 3
13555595410 3
13603699576 3
13845455869 3
18245474288 3
18245474088 3
13846198772 3
18745467867 3
13846170941 3
13734543939 3
13704543985 3
18745467673 3
18245450066 3
15945880234 3
18245488033 3
13903688386 3
18745499002 3
18745468830 3
18204549468 3
18245461331 3
13512694037 3
18245462764 3
18245475806 3
13846176793 3
18324548066 3
15204540052 3
13836661957 3
18245481456 3
13684546235 3
15145494560 3
18245453924 3
18245474648 3
18245483398 3
18204549455 3
18245456223 3
18245488830 3
18245477686 3
18745467785 3
18245454496 3
18845499928 3
13555595674 3
15246488650 3
13644549307 3
18245479660 3
15245450869 3
15804547743 3
13904545408 3
18245483386 3
18245483325 3
18724227867 3
18245483382 3
18245483378 3
18245483375 3
15246463007 3
18245483313 3
18245483307 3
13945453881 3
18245479377 3
18204540522 3
18745467865 3
13734545138 3
15214661230 3
15145457560 3
13603695497 3
13512644160 3
13846196917 3
15845451262 3
13796350575 3
18745462938 3
13904548048 3
13603694169 3
15845451587 3
13946444824 3
15946556534 3
18724227746 3
13803668023 3
13803660523 3
13845458021 3
15845405645 3
13512682710 3
13704540504 3
15246475779 3
13903682665 3
13945470030 3
13904547785 3
18245487800 3
13555587433 3
18204546874 3
13512699072 3
18245477772 3
18245476604 3
13845416924 3
18245461383 3
13846152328 3
13704544901 3
13684540968 3
13946444202 3
18204542155 3
13904545890 3
18745455671 3
15245458392 3
13946471817 3
13836663589 3
13836663873 3
15214668058 3
15246492808 3
13845470103 3
13845409326 3
13845408995 3
18245483395 3
13845478684 3
18745463480 3
13803650697 3
15845455583 3
13845408633 3
15946555806 3
15804549864 3
13803669730 3
13845400909 3
13704861841 3
18204549615 3
13836646638 3
15046465717 3
15804545358 3
15045408400 3
13704545330 3
15804549513 3
18245450545 3
13946457909 3
18245478789 3
13512643645 3
13845413966 3
13946424987 3
13704869686 3
13644542917 3
13624542443 3
13512647490 3
13946450095 3
18745481536 3
13945478238 3
13796351698 3
13604863747 3
13945451102 3
18204543439 3
15245489227 3
14794548926 3
13803657029 3
13846144897 3
15145492141 3
18845403309 3
15145452746 3
18724216554 3
18745461592 3
15246492150 3
18245497998 3
15846990449 3
13734544764 3
18245458577 3
18249821892 3
13945488004 3
15214669102 3
13684548385 3
15145455171 3
13803658319 3
15945889831 3
13946442965 3
13555597116 3
13945480059 3
18745466520 3
13512678891 3
15845402312 3
13946451169 3
15946564316 3
13512667228 3
13512667238 3
18745467859 3
13664547536 3
18245476787 3
13845400043 3
13512648495 3
13614693677 3
15245453387 3
13845410050 3
15145499750 3
18245474317 3
18245483878 3
15945880084 3
15945884826 3
13836609756 3
15214660519 3
13512644010 3
13644542307 3
15145488269 3
13836605430 3
15845454614 3
13555592533 3
13845457471 3
18245471668 3
15846997215 3
15245451983 3
13846172670 3
13846136842 3
15945881220 3
13945483944 3
13614544197 3
15046463083 3
13603699584 3
15046498759 3
13836658859 3
13845412487 3
15245451176 3
13734540023 3
18745493701 3
13704544080 3
13845414608 3
15045417949 3
15145494762 3
13614694992 3
15714667374 3
13504547325 3
13512645996 3
13644542126 3
18245474100 3
13846178184 3
15945883820 3
13946422660 3
18204542059 3
15045400129 3
15045414874 3
13846191932 3
13836665220 3
15046465558 3
18245479366 3
15045404636 3
13845408650 3
13803663739 3
13903688640 3
18245479297 3
18204546943 3
18745467819 3
18245450939 3
18245450929 3
13504544268 3
18724545565 3
13512668353 3
15845401917 3
13845457837 3
13945454403 3
13634540119 3
18245478509 3
15246477377 3
18745467870 3
13604545136 3
13846136195 3
13846165036 3
18245456769 3
15045400407 3
13512663477 3
13846196003 3
15145455632 3
13846197760 3
18245456697 3
18245484600 3
18724222859 3
13803659236 3
13904546498 3
18245477069 3
18245477056 3
18245477057 3
18245477053 3
15246466213 3
13555599218 3
15046466645 3
15046466631 3
15046466541 3
18724222885 3
15904541680 3
13836667920 3
18245473865 3
13845474774 3
15045400312 3
18204542654 3
18845410287 3
13836603001 3
18714546582 3
15845403679 3
15245489354 3
13684549684 3
13946449255 3
18745481166 3
13555599596 3
13845472357 3
18245481655 3
13512681089 3
18245488332 3
18245481668 3
15214660518 3
15845452348 3
15145452541 3
15846990256 3
13846193458 3
13624540034 3
18245481330 3
18245481338 3
13664548208 3
18245481298 3
18245473235 3
13512668065 3
13644545853 3
13664540866 3
13945463601 3
18249256399 3
18745493115 3
13512649178 3
18724545148 3
18714546516 3
15145497193 3
18724545145 3
15045400775 3
15246465009 3
13846140359 3
18245497026 3
13846147985 3
13946400310 3
13512682151 3
13845408192 3
13845419760 3
18245476539 3
13704541028 3
18745499519 3
15145497011 3
18249244997 3
15945403102 3
13624544788 3
18724543080 3
15246487139 3
13555582604 3
15804542571 3
15246493216 3
14745680938 3
13604542373 3
18249244578 3
13946428326 3
13945470750 3
13704867438 3
13624546881 3
18245466122 3
15945881762 3
18249245166 3
13684541799 3
18245483252 3
18245468094 3
13946425235 3
13845454652 3
18249247272 3
13836659965 3
13846173363 3
13836655282 3
15845454529 3
13946455051 3
13555596932 3
18745472683 3
13634545362 3
18245497877 3
18745472269 3
18245455157 3
15246488476 3
18745495408 3
13555596336 3
13634545461 3
18245487005 3
18745475707 3
18249241068 3
18249241058 3
18845410323 3
18724217353 3
13504549202 3
13836649569 3
13945471500 3
15145491195 3
13603693585 3
18245459387 3
13614692685 3
15845405839 3
15046465324 3
18249242018 3
15245481476 3
15804548185 3
13512680269 3
15046492113 3
13845452978 3
15164517648 3
15245459978 3
13945467748 3
13846167940 3
13796354940 3
18724222344 3
13644548413 3
13555582753 3
13644541044 3
13845477217 3
18745465836 3
15845451989 3
13512699707 3
13614692842 3
15845458553 3
13846164723 3
18249235967 3
18724543340 3
18249254500 3
13946448095 3
13846181858 3
13845473886 3
18249244506 3
13704863537 3
13512671947 3
13504697858 3
15204543707 3
13904546724 3
15846995444 3
13845457954 3
18249265751 3
15046465088 3
13836609440 3
15245457215 3
13614693413 3
13946456424 3
13512673461 3
15245482328 3
13903683349 3
13684549876 3
15046490521 3
13704866151 3
15164511987 3
13945462141 3
15204542025 3
13846145973 3
15846990288 3
18745488383 3
18245482518 3
18845410306 3
18845424343 3
13512669016 3
15245453326 3
13846191623 3
15946568229 3
13836644886 3
15246462509 3
18724212374 3
18845418316 3
13845451155 3
15145492151 3
18745475779 3
18745480354 3
15246499983 3
13803661671 3
13634541673 3
13846168505 3
15946558550 3
15245457405 3
13674544157 3
18245453308 3
13945481102 3
18745457013 3
13803659826 3
13845417388 3
13836666120 3
13512640210 3
18245458925 3
18745483839 3
13512684003 3
15245480399 3
18745472848 3
13846179151 3
13684546990 3
13836649147 3
18249241511 3
18249241522 3
15145457483 3
13512643040 3
18245489045 3
13504549659 3
13644541275 3
18249236126 3
18245475485 3
18245474071 3
13504547616 3
18204542016 3
15945887671 3
18745452965 3
15246466787 3
15145498697 3
18249266766 3
13945481131 3
18249266077 3
18249266988 3
15046491300 3
18724210017 3
15045407644 3
13796350160 3
15164518377 3
15045415399 3
15045408477 3
15246486915 3
13664540917 3
18245484388 3
18204541759 3
18245482692 3
15946554769 3
15946562931 3
13846153635 3
15845457108 3
18249826855 3
18245455338 3
13704862664 3
13674544151 3
18845481977 3
13664547918 3
13845474301 3
15204546058 3
13604542993 3
15845451679 3
15845408931 3
15045407337 3
15845405933 3
13634543659 3
13803668586 3
13846156379 3
13846132012 3
13803658757 3
15845409806 3
15145452729 3
15046491303 3
13664543793 3
13512647675 3
18249268698 3
13555598113 3
13512689812 3
13512645843 3
13734545543 3
13614692393 3
15246461230 3
15946555782 3
15946558956 3
18245458690 3
18724216032 3
15945886103 3
18249241120 3
13704544393 3
15245451277 3
15845409400 3
15245455376 3
13845410124 3
13846146595 3
13946442097 3
15045401451 3
15946568366 3
15946564284 3
18249268588 3
15804543387 3
13846164665 3
15046467775 3
18245491800 3
15246464708 3
13836606102 3
18249822086 3
13946423241 3
18204549778 3
15846995543 3
18245481523 3
15145495511 3
18724221905 3
13904548385 3
15945400410 3
15046492495 3
18324543732 3
18204540480 3
18804545770 3
18245489123 3
15846996937 3
15846997139 3
13836650963 3
13512640095 3
15804541749 3
13512678103 3
18249240955 3
13704549371 3
13846140885 3
18245492388 3
13946456050 3
13512671974 3
13846177325 3
13845413448 3
13846177851 3
13836659445 3
13945488651 3
13555597493 3
15246491336 3
18249820333 3
13836668134 3
15846991023 3
18249253378 3
13674549447 3
18245493970 3
13512672289 3
13945471947 3
18249235941 3
15946568335 3
13946443206 3
13603691115 3
13504541941 3
18249242289 3
13903687134 3
18249829191 3
13946445343 3
13684544939 3
15845452747 3
13624546335 3
13512676381 3
13945451152 3
15945404418 3
15246479942 3
15246463515 3
18304540123 3
18745478776 3
18245492626 3
18249245356 3
15145490002 3
13946409982 3
18249258377 3
15945880642 3
15046460580 3
13555593199 3
15045407269 3
13846174564 3
15845403668 3
15245453090 3
18249252367 3
18845427711 3
18249269286 3
13946450660 3
13624543459 3
18724228447 3
18249255800 3
13614546518 3
13555590805 3
15845404403 3
18245459707 3
13945454246 3
15845451383 3
15145498401 3
13644541954 3
13836603458 3
13803658762 3
18245493885 3
18245491797 3
18245473964 3
18745460358 3
15246460141 3
18249254665 3
15245458426 3
13846196630 3
18304540099 3
13846157332 3
18745473325 3
13664546047 3
18845400800 3
13836661561 3
13836653835 3
13846161917 3
18724543819 3
18249828677 3
18245473372 3
18245473382 3
13684543668 3
13644542896 3
18245496875 3
15804544847 3
18845498357 3
15945404859 3
18245491816 3
18249243820 3
13845479305 3
18249243859 3
15204540226 3
18249242032 3
18204547383 3
13836600957 3
18249249303 3
15246463761 3
13734548335 3
18245491550 3
18745465838 3
15246467203 3
18249829811 3
13803666093 3
18245493855 3
13946459276 3
13946458916 3
13803656512 3
15045414479 3
15845401078 3
18745460952 3
18745466892 3
15204540679 3
13836656995 3
13846150725 3
13796350899 3
13846180288 3
13512699607 3
13644543288 3
18245455303 3
13846173687 3
15046492939 3
13945461869 3
13946423768 3
15246477509 3
13946448976 3
15214668868 3
18745498432 3
18249251533 3
18745473269 3
15145488785 3
18245483533 3
15804549039 3
13846138550 3
18245477030 3
18745465454 3
18745456327 3
13512660376 3
13504698394 3
15214661022 3
15946568389 3
13734543001 3
13604541787 3
13803659469 3
13684542649 3
13836658894 3
13504698319 3
15246488077 3
15246485523 3
13836651780 3
15246467761 3
15245452859 3
13704861312 3
13555590302 3
13734541130 3
18724216859 3
18249265686 3
13504540303 3
13504541212 3
18745465611 3
15945889907 3
15804546272 3
13836650303 3
18745478799 3
18714545556 3
13664542828 3
18745475922 3
13946424466 3
18304540858 3
13846181755 3
13946402741 3
18245493433 3
18245479778 3
15046464055 3
13674549819 3
13845452201 3
18845494530 3
13512668683 3
18724225558 3
18724543559 3
15946553816 3
15846990508 3
15846991268 3
13624543983 3
13836649480 3
15246473548 3
13945473481 3
18249244855 3
13664546241 3
13603695733 3
13803660673 3
13845402357 3
13946455945 3
15204549006 3
15845459001 3
18249237168 3
13945480929 3
15145491972 3
13624541979 3
13846145157 3
18804548278 3
13903687011 3
15946568735 3
13945466283 3
18249241628 3
18249241629 3
15945403934 3
15846998992 3
15046469367 3
18245456850 3
18245477651 3
15245488951 3
18245470321 3
13644542049 3
15164510881 3
18245472195 3
15246494980 3
18249242866 3
18245498970 3
15164515087 3
18724219070 3
13512687750 3
18249256300 3
13604540916 3
15946567636 3
15246485882 3
18249269331 3
13945470094 3
13846195132 3
15245481213 3
18724221556 3
13836641061 3
18714544401 3
13845478512 3
13644542279 3
13512685049 3
18745462957 3
13846147757 3
13555584308 3
13846158489 3
18724218726 3
18245479130 3
15246499881 3
13796352343 3
13704867708 3
13945456958 3
13846183633 3
13845450910 3
13704549517 3
18745486272 3
13836643086 3
13803668286 3
15045417607 3
15246477895 3
15145492315 3
13512699075 3
13946447587 3
13946474496 3
13836641002 3
13604546601 3
13945451776 3
13555598741 3
13845450930 3
15214660481 3
18745462324 3
13945498130 3
18745490337 3
18249235249 3
15945881291 3
13845473545 3
18204547182 3
18249236557 3
13845476883 3
15945882995 3
13846130023 3
13846147281 3
15946562193 3
15946552283 3
18249238311 3
13644544920 3
13946453882 3
13704543315 3
13603691413 3
13803656038 3
13846138614 3
13945460910 3
15045418250 3
13512643608 3
15946550907 3
15946564130 3
15214662883 3
13904546162 3
15214665291 3
15246472356 3
13836664010 3
13846131966 3
18745452511 3
18724215353 3
18249246076 3
13845412861 3
15045419633 3
18249254386 3
13836652846 3
13846177934 3
15164512338 3
18745495430 3
18249247244 3
