18845499388 3
13836607303 3
15804546945 3
13846147572 3
13945459719 3
13836667921 3
15804540933 3
15946565639 3
15946566433 3
13634547040 3
13845456428 3
13836650926 3
13846140439 3
13946400971 3
13634540718 3
13512647746 3
13512687683 3
13946426316 3
13846172866 3
13512675957 3
13512664822 3
13845459021 3
15804542147 3
13845412610 3
13845414485 3
15946567977 3
15946561933 3
15804544845 3
15804546475 3
13836647870 3
13836642156 3
13946473458 3
15804540452 3
15804549098 3
13845475591 3
13644544774 3
15145496845 3
13846160332 3
13512680671 3
15046492343 3
15904540358 3
13846140402 3
13704546799 3
15904542864 3
15904540557 3
15904540169 3
13603691176 3
13604541240 3
13845403534 3
13945484959 3
13846166610 3
13796350411 3
13846151996 3
13946451501 3
13846157548 3
13845404695 3
13555597743 3
13946458765 3
13504542004 3
13946474855 3
13845404129 3
13845450753 3
13846160529 3
13836649298 3
13704860817 3
13614691795 3
13836650503 3
13846170554 3
13845454051 3
13845414066 3
13836651129 3
13845454967 3
13512698300 3
13903681773 3
13946474180 3
13512662970 3
13555592418 3
13512645450 3
13504542122 3
15904540703 3
13704867266 3
13512681636 3
13945483700 3
13946457198 3
13945461168 3
15904541478 3
15904542498 3
15904546133 3
15904546933 3
13512685856 3
13846144260 3
15904546551 3
13846136937 3
13846190823 3
13704543711 3
13836669194 3
13512670336 3
15804548188 3
15804548788 3
15804549898 3
15946568088 3
15946569678 3
15804548998 3
15804548778 3
15804549345 3
15804548558 3
15804548118 3
15804548699 3
13846185737 3
15804548399 3
13903680648 3
15804543580 3
15804548158 3
13846130975 3
15804546689 3
15804541006 3
13946424878 3
15804540301 3
13846144705 3
15804542880 3
15804542189 3
15804542558 3
15804541126 3
13555592525 3
15804545177 3
15946567345 3
13846154159 3
15804547717 3
15804542016 3
15804548321 3
15804544966 3
15804540404 3
15804540509 3
15946561616 3
15804544440 3
15804541996 3
15804545887 3
15804543505 3
13836647147 3
15804543486 3
13946442050 3
13946474600 3
15804544338 3
13846176098 3
13674544168 3
13644684883 3
15804547293 3
15804547955 3
15946567955 3
13603697372 3
13845457252 3
15804542400 3
15804544306 3
15804544278 3
13664545157 3
13624542020 3
13555594618 3
15804545807 3
13846198150 3
15804546920 3
13945450348 3
15804543796 3
15804545986 3
13846131873 3
13674547823 3
13512681717 3
13945462068 3
13946423757 3
13846154728 3
13846154421 3
13603693883 3
13704864468 3
15804546908 3
13946427822 3
15804547027 3
13846147718 3
13512648993 3
15946561943 3
15946563347 3
15804543430 3
13846146716 3
13836643101 3
13846144830 3
13946425936 3
13604864704 3
15946561422 3
13904544544 3
13946422143 3
13603692433 3
13845416820 3
15804542020 3
13624542121 3
13846182904 3
13704865560 3
13946423521 3
13846167636 3
15804547230 3
15946567832 3
13945476438 3
13846163833 3
13946448884 3
13846151608 3
15804542153 3
15904541699 3
15904543577 3
13512644103 3
13604549865 3
13946420169 3
15904546269 3
13846142740 3
13846170129 3
13946423019 3
15945400610 3
15904546521 3
13555583971 3
18845425265 3
15946562022 3
15904544219 3
15946560668 3
13946456998 3
13604866697 3
15804540570 3
13946455725 3
13846177197 3
15946567628 3
15945403434 3
13946441158 3
15946567879 3
13803658981 3
13946447044 3
13614544577 3
13614692614 3
13614544055 3
13614695454 3
13803657087 3
13946429599 3
13664545685 3
13644684580 3
13664541932 3
13946425991 3
13846162554 3
13644684781 3
13836668729 3
13846154691 3
13946456818 3
13644684160 3
13614696802 3
13614696681 3
13614541509 3
13836643300 3
13946442608 3
13614541190 3
13946426619 3
13946427671 3
13512672061 3
13796351084 3
13946406954 3
13946407125 3
13946426885 3
13614541959 3
13644684583 3
13946404681 3
13512698342 3
13614699725 3
13946456601 3
13946447287 3
13614695818 3
13903687331 3
13903681582 3
13846134915 3
18245498642 3
13946404641 3
15804541855 3
15804540506 3
13846142180 3
15946562672 3
18245498643 3
15804547078 3
13946458080 3
13846167001 3
13945461579 3
13803654933 3
15804542287 3
13512673779 3
13836650298 3
13946440121 3
13604546622 3
15804544276 3
15804547856 3
13664541955 3
13512663839 3
13846156578 3
13624544784 3
13846152879 3
13846196794 3
13845407620 3
13504696966 3
13512666768 3
15804543790 3
13946409887 3
13512664008 3
13504696685 3
13836615226 3
13946459128 3
13684546464 3
15804542779 3
13945482616 3
13845452166 3
15946567166 3
13664547260 3
18845422575 3
13945465526 3
15946564657 3
15946563815 3
15804543866 3
13845477619 3
15946561467 3
13946426648 3
13946421526 3
15804540418 3
13512680639 3
13846176170 3
13945485224 3
13946443087 3
15804542881 3
15946566161 3
13836641797 3
15946562839 3
13945455162 3
15946560252 3
13512648056 3
15945889338 3
15804543478 3
15804545760 3
15804544889 3
13946449879 3
15946563122 3
15804547899 3
13846146226 3
13846135507 3
15804541639 3
15804544547 3
15804544418 3
13803660592 3
13946426553 3
13946400837 3
13836640280 3
13836606414 3
13946403268 3
13946445432 3
13946452772 3
15804547988 3
15904543226 3
13512674434 3
13845401765 3
15804547818 3
13846145665 3
15804543025 3
15946561478 3
13512675534 3
15804547987 3
15946566781 3
13846130236 3
15804541696 3
13846130967 3
13946473900 3
13946442639 3
15804544467 3
13845471905 3
13846153871 3
13634545101 3
13604868795 3
13512673061 3
15946564775 3
13512640220 3
15946566716 3
13836640920 3
13846190440 3
13946451488 3
13803651499 3
13945462015 3
13644546151 3
13946426075 3
13614694300 3
13614699735 3
13644545465 3
13684541557 3
13684546256 3
13684541089 3
13624541282 3
13644544388 3
13555582061 3
13846135639 3
13624547191 3
13624546797 3
13624546651 3
13614694877 3
13614694866 3
13624543221 3
13846150182 3
13684546350 3
13684547343 3
13684544068 3
13836648956 3
13945459053 3
15804541236 3
15804544445 3
13555586987 3
13846197233 3
15804543323 3
15804542948 3
13704549765 3
18745478278 3
13704540562 3
13644544482 3
13644544556 3
13624542540 3
13704549076 3
13624543998 3
13684546948 3
13604866498 3
13644545756 3
13644544379 3
13684543809 3
13684544518 3
13644541264 3
13684549645 3
13512698059 3
13644544363 3
13644543460 3
13603697667 3
13624546836 3
15045403557 3
13624547267 3
13624544299 3
13684541345 3
13644547147 3
13634545322 3
13836648207 3
13624542939 3
13624543431 3
13644541349 3
13624541656 3
13644548077 3
13846194272 3
13504546423 3
13684543747 3
13946426703 3
13624545806 3
13684543801 3
18245496640 3
13624543683 3
13644541123 3
18745457037 3
13684542241 3
13684542104 3
13644543791 3
13624547347 3
13624541746 3
13644542814 3
13644540606 3
13624549797 3
13684540707 3
13644542999 3
13644684669 3
13845403635 3
13624540588 3
13684540388 3
13684540101 3
13946403855 3
13704548131 3
13624541222 3
13644540333 3
13624549994 3
13614695868 3
13634544242 3
13624547000 3
13624547958 3
13684541678 3
13512675285 3
13684542678 3
13614692911 3
13684549567 3
13614695878 3
13684548383 3
13684548678 3
13512676675 3
13664546466 3
13624547436 3
13644684611 3
13684540030 3
13614695927 3
13684548845 3
13624545129 3
13845456003 3
13624542865 3
13555580339 3
13946447833 3
13664543754 3
13614696602 3
13614541639 3
13624546405 3
13846164082 3
13624544454 3
13624545868 3
15246473740 3
13614544365 3
13644684528 3
13624542169 3
13946405035 3
13624541749 3
13644684133 3
13664545833 3
13614692778 3
13624542567 3
13946426047 3
13624546421 3
13624542032 3
13624542287 3
13624541465 3
13624543516 3
13624545954 3
13644684329 3
13846156366 3
13624541929 3
13624544738 3
13624543513 3
13624545956 3
13624545695 3
13904548822 3
13684549768 3
13624542690 3
13624549889 3
13624547493 3
13845410180 3
13624542494 3
13644544566 3
13624546123 3
13624542743 3
13624543145 3
13624547719 3
13624546210 3
13846132711 3
13624542148 3
13624547504 3
13624541814 3
13624544661 3
13624543269 3
13624543523 3
13624544908 3
13624541343 3
13846133743 3
13644549646 3
13846161490 3
13946443832 3
13946424137 3
13624543625 3
13624540321 3
13624541818 3
13624542937 3
13684544466 3
13846188211 3
13624546178 3
13624541317 3
13644541191 3
13644543659 3
13644544700 3
13603699895 3
13836650291 3
13684547369 3
13684542266 3
13684543301 3
13504542611 3
13614691991 3
13846166368 3
13624545742 3
13704544327 3
13624545744 3
13846145752 3
13644547364 3
13644543947 3
13846191751 3
13836607884 3
13504540550 3
13846162046 3
13684542446 3
13504548569 3
13644548764 3
13644541440 3
13624545616 3
13684543314 3
13624542204 3
13684542757 3
13624541105 3
13684547305 3
13624541021 3
13684545518 3
13644546960 3
15245481685 3
13624545767 3
13644545512 3
13644542120 3
13624545379 3
13845402494 3
13624545228 3
13684544448 3
13684546960 3
13846167973 3
13684541080 3
13624548066 3
13644542429 3
13684543597 3
13624548166 3
13624542578 3
13624548051 3
13684544451 3
13846166759 3
13684544478 3
13644546155 3
13684545188 3
15045415197 3
13903681663 3
13644546636 3
13644544538 3
13945461273 3
13945463952 3
13512667591 3
13845405979 3
13845472330 3
13845476971 3
13845476802 3
13836665923 3
13644545569 3
13644685688 3
13836662940 3
13684546249 3
13644546500 3
13684547030 3
13684542793 3
13644546061 3
13684542039 3
13624546128 3
13846171380 3
13624545073 3
13644542960 3
13644544761 3
13644541955 3
13624541926 3
13664543254 3
13555592589 3
13845406012 3
13644545508 3
13796355170 3
13644547107 3
15804547685 3
13846152664 3
13674544056 3
13946441243 3
13846199703 3
15946561450 3
13846141077 3
13845402877 3
15946564521 3
13845455764 3
13674549518 3
15804544636 3
15946565058 3
13904549188 3
18845412609 3
15946560560 3
15946563393 3
15946563880 3
13836653722 3
13644541019 3
13512685040 3
13845405090 3
13684544330 3
13684546929 3
13604866540 3
13512665244 3
13644541332 3
13604867406 3
13684542775 3
13704543068 3
13644546739 3
13664543860 3
13644544759 3
13846134955 3
13946423095 3
13644543370 3
13644547027 3
13704542611 3
13704547968 3
13684545043 3
13504544146 3
13836665812 3
13946424580 3
13946426753 3
13946451181 3
13836663902 3
13946426695 3
13946453989 3
13846174724 3
13846176145 3
13512665243 3
13684547441 3
13704546451 3
13684547415 3
13946406548 3
13846175668 3
13512664492 3
13836601073 3
13836601093 3
13684541741 3
13644547912 3
13903687473 3
13946441416 3
13644541602 3
13946441880 3
13684547028 3
13684542008 3
13684547917 3
13512675881 3
13644547570 3
13845404898 3
13846174500 3
13946422600 3
13903683957 3
13946425998 3
13846141648 3
13684545099 3
13684547277 3
13684547299 3
13845452955 3
13664545987 3
13512671737 3
13512677468 3
13846195017 3
13846196815 3
13512667798 3
13846137346 3
13946447600 3
13946441756 3
13946447820 3
13846175605 3
13512686322 3
13946441505 3
13644542698 3
13684542377 3
13684546638 3
13903685856 3
13644546298 3
13845451425 3
13684545758 3
13846136585 3
13845472078 3
13644544595 3
13845472141 3
13946424017 3
13684543632 3
13845403873 3
13845404026 3
13846135806 3
13946422743 3
13946448503 3
13644545467 3
13946444226 3
13512686916 3
13946452844 3
13836615073 3
13846171587 3
13644543276 3
13624547424 3
13684542426 3
13845459085 3
13624542370 3
13624543687 3
13684545960 3
13614691608 3
13684547464 3
13946458728 3
13624546591 3
13624542406 3
13644545345 3
13684547741 3
13845477332 3
13644542288 3
13903680523 3
13604540596 3
13624542841 3
13624544669 3
13624542885 3
13684545291 3
13604540257 3
13684545471 3
13644542934 3
13684546274 3
13684544231 3
13836607324 3
13846155245 3
13803665750 3
13644544947 3
13845475811 3
13845476839 3
13684542495 3
15164517207 3
13684547284 3
13684546994 3
13644543720 3
13644541610 3
13644543305 3
13684546055 3
13684545397 3
13684545731 3
13684548458 3
13945486283 3
13634547610 3
13604540387 3
13684543905 3
13624543392 3
13684541098 3
13644544348 3
13684544988 3
13624542004 3
13624543586 3
13903685261 3
13945461121 3
13624540036 3
13624542748 3
13624546889 3
13684547948 3
13945460779 3
13644546093 3
13644547486 3
13684544030 3
13624545771 3
13644543475 3
13644542416 3
13803650987 3
13644541154 3
13624546140 3
13624544089 3
13845401813 3
13836651504 3
13624547624 3
13644546141 3
13644541724 3
13796356477 3
13624546604 3
13644546037 3
13555584325 3
13644545294 3
13846153499 3
13555585273 3
13846163658 3
13644542738 3
13803663712 3
13684545637 3
13624545955 3
13624544911 3
13684547372 3
13624541058 3
13624541793 3
13624542166 3
13624544505 3
13684547625 3
13684541967 3
13644541511 3
13624545122 3
13624541764 3
13624543524 3
13624542842 3
13624545634 3
13846163964 3
13846181079 3
13684543519 3
13846186139 3
13624543403 3
13846198130 3
13684542883 3
13624547011 3
13624543268 3
13624541048 3
13684546646 3
13624541861 3
13624547433 3
13644543081 3
13624542907 3
13684542655 3
13644542419 3
13644543406 3
13644544037 3
13945451312 3
13644545819 3
15804544886 3
13846176880 3
13846177760 3
13644542618 3
13644549765 3
13684542339 3
13684542517 3
13684545853 3
13684543817 3
13512667295 3
13836663447 3
13684543471 3
13624542533 3
13555584489 3
13644541636 3
13904544913 3
13684546823 3
13604864181 3
13644548338 3
13845471053 3
13684548910 3
13903680541 3
18724217815 3
13555592312 3
13644547686 3
13644548606 3
13644548575 3
13684545918 3
13704541114 3
13644540518 3
13504542900 3
13644545219 3
13684541218 3
13845406522 3
13504547499 3
13644540676 3
13684545398 3
13644548781 3
13644548681 3
13684546598 3
13644548328 3
13684545129 3
13644549037 3
13704548731 3
13836615178 3
13946443155 3
13946446995 3
13946445203 3
13504547151 3
13504546653 3
13846162058 3
13946453533 3
13704543391 3
13604541139 3
13946453828 3
13674549076 3
13624542839 3
13504549835 3
13945471911 3
13624547900 3
13684545842 3
13684547829 3
13845403767 3
13644546627 3
13504540265 3
13624544182 3
13614544817 3
13624546655 3
13624547107 3
13684541896 3
13624547475 3
13644546144 3
13945471345 3
13845473095 3
13644548261 3
13803661482 3
13614692915 3
13836604989 3
13845475976 3
13803661928 3
13644542072 3
13614696085 3
13644549946 3
13512698031 3
13845452957 3
13674545637 3
13674546180 3
13644540719 3
15164511060 3
13644548711 3
13644549937 3
13674542775 3
13644548909 3
13845455973 3
13644549236 3
13644548273 3
13644549953 3
13624541221 3
13644549721 3
13644540140 3
13614697881 3
13644544432 3
13684546543 3
13846152656 3
13624542309 3
13644540960 3
13836607160 3
13946448721 3
13846142697 3
13504546907 3
13624548292 3
13644540636 3
13904544582 3
13644540558 3
13644548030 3
13644548476 3
13946451795 3
13644549928 3
13836604875 3
13846170577 3
13903689977 3
13684548221 3
13644549609 3
13644549543 3
13684549100 3
13644548843 3
13644548991 3
13704541910 3
13604540311 3
13846131901 3
13904546787 3
13644543557 3
13504547010 3
13512681468 3
13644546349 3
13704544506 3
13904544104 3
13644547387 3
13946444072 3
13946404508 3
13846185989 3
13624541630 3
13946450778 3
13946453185 3
13946424989 3
13512684769 3
13946451801 3
13903682531 3
13504544196 3
13945476562 3
13684541903 3
13504546185 3
13512687021 3
13512674686 3
13946402550 3
13945488949 3
13704542036 3
13644547939 3
13684546842 3
13644546020 3
13604544162 3
13946402478 3
13644542156 3
13946404143 3
13512663909 3
13946406746 3
13846141559 3
13946403498 3
13684542421 3
13684543642 3
13644542734 3
13846141742 3
13604542865 3
13504544247 3
13846192561 3
13846133396 3
13504545964 3
13684547807 3
13946402981 3
13684546796 3
13846131035 3
13512663075 3
13704543531 3
13946454801 3
13946454792 3
13946454791 3
13836653347 3
13684543069 3
13704546581 3
13624544782 3
13836607446 3
13512662059 3
13512663296 3
13512663762 3
13644542617 3
13644541756 3
13512666253 3
13684545121 3
13504541571 3
13512664737 3
13946404487 3
13512661148 3
13512681577 3
13846146040 3
13846145818 3
13903687388 3
13614697504 3
13846192274 3
13946455811 3
13846141558 3
13946447763 3
13903681195 3
13904546238 3
13846141749 3
13604547498 3
13904546323 3
13903681173 3
13904546395 3
13845471299 3
13604544828 3
13846173659 3
13904545071 3
13684546574 3
13904547378 3
13704545684 3
13946441278 3
13946444671 3
13684544886 3
13504546092 3
13614691689 3
13684546526 3
13614696528 3
13614697013 3
13945472782 3
13614696530 3
13684542616 3
15245481275 3
13644548789 3
13644543678 3
13946442420 3
13644547006 3
13903682629 3
13684544161 3
13946459024 3
13684541552 3
13903686479 3
15204546854 3
13946447886 3
13684548793 3
15946563809 3
13684544669 3
13704542642 3
13644544393 3
13846152186 3
13846153038 3
15046499419 3
13903682870 3
13903685951 3
13684541815 3
13614544394 3
13903687923 3
13644541228 3
13903683503 3
13624549179 3
13846156337 3
13903686027 3
13946421398 3
13684544800 3
13946427308 3
13644544688 3
13624540635 3
13624549439 3
13624540657 3
13624540798 3
13624540232 3
13614699816 3
13624549873 3
13624549600 3
13946425765 3
13624540437 3
13624549270 3
13846137249 3
13644542377 3
13644545077 3
13644547188 3
13846147526 3
13644548630 3
13504542342 3
13624544644 3
13644546566 3
13644546399 3
13946459885 3
13704867642 3
13644549013 3
13684547977 3
13624548900 3
13624549053 3
13624540322 3
13946451239 3
13946424917 3
13946455089 3
13624549515 3
13903685263 3
13704545970 3
13512677676 3
13644541130 3
13512672162 3
13644544930 3
13624549928 3
13614544903 3
13664542831 3
13624549622 3
13624549921 3
13946402844 3
13512674721 3
13946422572 3
13504544704 3
13684546899 3
13512665711 3
13624548990 3
13846144366 3
13704544233 3
13624548020 3
13614696464 3
13624549479 3
13644542566 3
13614699007 3
13512698062 3
13945478950 3
13684546060 3
13644687807 3
13684545362 3
13704545586 3
13664543856 3
13512671159 3
13704543767 3
13644546820 3
13614541978 3
13644542906 3
13644545218 3
13846132037 3
13803663258 3
15145492418 3
13704546543 3
13845456538 3
13624545855 3
13644548284 3
13614698355 3
13664540901 3
13644548741 3
13634545154 3
13624545038 3
13512694091 3
13624547539 3
13624545376 3
13946447589 3
13674544028 3
13644540142 3
13644540742 3
13644548745 3
13945455516 3
13836615782 3
13512667387 3
13674544633 3
13845402372 3
13644546159 3
13644545659 3
13644547880 3
13614697403 3
13644542182 3
13684543814 3
13512685221 3
13684543854 3
13644546851 3
13684544157 3
13836661289 3
13684547569 3
13624541245 3
13846164844 3
13836661715 3
13845473012 3
13512671005 3
13624546006 3
13624546556 3
13614541683 3
13664546801 3
13614549132 3
13634542608 3
13614541877 3
13555587096 3
13684543288 3
13624659101 3
13684547156 3
13624659302 3
13945467001 3
13634541924 3
13512680667 3
13674544511 3
13845477739 3
13945466932 3
13704867117 3
13512672772 3
13903686729 3
13845457886 3
13836644778 3
13845453106 3
13846166603 3
13555582450 3
13836603713 3
13945464369 3
13664548530 3
13644549025 3
13684549138 3
13624544085 3
13684547409 3
13845407786 3
13684548551 3
13846145259 3
18714540977 3
13684549252 3
13644548928 3
13644549135 3
13684548642 3
13555580120 3
13644548497 3
13704540133 3
13644549175 3
13644546290 3
13846177226 3
13704546801 3
13684549589 3
13684540279 3
13684549853 3
13664548108 3
13644543953 3
13624546590 3
13946454313 3
13846184138 3
13945472325 3
13684549829 3
13684549307 3
13504697996 3
13644549497 3
13644540767 3
13644548109 3
13684548839 3
13684548669 3
13684549385 3
13684540956 3
13684549637 3
13684548836 3
13684548022 3
13684540529 3
13684549127 3
13946453452 3
13684548160 3
13684549515 3
13684540701 3
13684540869 3
13684549510 3
13684540663 3
13684549302 3
13684540571 3
15046465279 3
13684540931 3
13684548252 3
13684540381 3
13684548922 3
13684540650 3
13684540953 3
13684548453 3
13684548097 3
13684549165 3
13946456847 3
13684549022 3
13684548474 3
13684549953 3
13684540513 3
13684549013 3
13684540610 3
13845401265 3
13845456122 3
13684548823 3
13664541325 3
13674544346 3
13674544348 3
13684548317 3
13946455157 3
13846175938 3
13674544010 3
13555588195 3
13674544185 3
13664548517 3
13512644423 3
13512644757 3
13512644810 3
13674544198 3
13684548792 3
13945454099 3
13664540634 3
13674544436 3
13904549717 3
13674544096 3
13803664759 3
13674544369 3
13512684097 3
13603697227 3
13674544387 3
13614691629 3
13684540865 3
13604864146 3
13945463488 3
13664545647 3
13845413203 3
13846176886 3
13674544105 3
13945451979 3
13845417080 3
13845453425 3
13845413797 3
13634541744 3
13803654847 3
13704542882 3
13674544260 3
13803654785 3
13512647219 3
13512647205 3
13634541649 3
13945497952 3
13684549525 3
13945462418 3
13845451029 3
13803667756 3
13604868135 3
13845472609 3
13945497980 3
13945461249 3
13803652021 3
13603695153 3
13704545650 3
13603691378 3
13845411531 3
13803662339 3
13684549470 3
13614698242 3
13803667866 3
13512679818 3
13704548907 3
13846137806 3
13945455916 3
13845406558 3
13604548432 3
13845418958 3
13945487730 3
13836647955 3
13512684946 3
13803664185 3
13846182665 3
18249238492 3
13845455099 3
13836642935 3
13836648488 3
13845417574 3
13624544203 3
13796350731 3
15246494539 3
13836668654 3
13512685951 3
13555593789 3
13512699959 3
13846151353 3
13704867855 3
13704865198 3
13704863210 3
13704867006 3
13704863608 3
13704867660 3
13504696617 3
13704869857 3
13704546029 3
15904540444 3
13555598884 3
13555599949 3
18845483779 3
13555593930 3
13555592922 3
15904545696 3
15904542727 3
15945400987 3
15945402528 3
13555595126 3
15904543949 3
13555599917 3
15904540011 3
13555599499 3
13555599118 3
13555593533 3
13946472731 3
13845455523 3
13555599818 3
13555598917 3
13555594698 3
15946563737 3
15904542157 3
13555594116 3
15904543963 3
13555593332 3
13555599926 3
13845403016 3
13555599477 3
13845452323 3
13796359048 3
13555598500 3
13555593667 3
13555599100 3
15904543210 3
13845455393 3
13796350478 3
13846155563 3
13555593966 3
13555593201 3
15945400699 3
13555599948 3
13555599927 3
13555599001 3
13555592979 3
13846149471 3
15904545033 3
13555593661 3
15904547817 3
13555593171 3
13555592560 3
13555593968 3
13555597380 3
13555596754 3
15904547869 3
13555595908 3
13555595533 3
13512665340 3
13555592602 3
13512649585 3
13846149760 3
13846149196 3
13846149629 3
13846149820 3
13846149828 3
13555597768 3
13796352832 3
13803663981 3
13603696759 3
13796352806 3
13946427339 3
13803663877 3
13644542992 3
13604547107 3
13846131906 3
13946406692 3
13846162739 3
13603693878 3
13603691009 3
13603697578 3
13945461768 3
13836606890 3
13945463670 3
13845415994 3
13945467181 3
13945482084 3
13624547676 3
13684540267 3
13945480303 3
13904547920 3
13845454890 3
13846155439 3
13555586213 3
13512647761 3
13903683051 3
13945482091 3
13904546900 3
13904547488 3
13846156012 3
13803669755 3
13945451842 3
13604544380 3
13945454877 3
13945457261 3
13512685872 3
13945482599 3
13904548234 3
13904547567 3
13845413330 3
13846185557 3
13512642221 3
13512646878 3
13604547897 3
13845405521 3
13846146577 3
13504549627 3
13614695076 3
13945485398 3
13845419918 3
13836603162 3
13846137393 3
13846143514 3
13845412117 3
13903682280 3
13604544851 3
13946406884 3
13946404491 3
13946445101 3
13846194689 3
13846185683 3
13946424113 3
13846184814 3
13946401381 3
13945475425 3
13946455889 3
13555582475 3
13946402526 3
13614692727 3
13836645899 3
13945461557 3
13836646602 3
13836643401 3
13946445659 3
13946404668 3
13846173972 3
13903681575 3
13845416207 3
13846194687 3
13512673318 3
13904544235 3
13946444504 3
13603691949 3
13603697045 3
13945455347 3
13846142301 3
13845414259 3
13846192517 3
13845413905 3
13903687279 3
13903683137 3
13903686596 3
13504543005 3
13946444983 3
13836646404 3
13945471289 3
13946401648 3
13704543796 3
13512683689 3
13604545221 3
13512682312 3
13704545124 3
13836601367 3
13664549338 3
13945486284 3
13555586295 3
13836646651 3
13946404022 3
13945465991 3
13634541844 3
13945461169 3
13846180749 3
13604544376 3
13704545278 3
13604541812 3
13945461736 3
13903687768 3
13946406820 3
13836643386 3
13945467742 3
13555583904 3
13846154669 3
13604541710 3
13504699399 3
13903686310 3
13512699831 3
13684546869 3
13946453625 3
13845415412 3
13845455873 3
13803651695 3
13846165026 3
13846156292 3
13846155635 3
13803655493 3
13846155540 3
13512687861 3
13512686191 3
13796354045 3
13512666747 3
13845474371 3
13845476120 3
13845476051 3
13846132773 3
13704543729 3
13945458911 3
13846192207 3
13846135007 3
13845407955 3
13945487872 3
13903683203 3
13846173907 3
13946403582 3
13604542572 3
13803660987 3
13904545878 3
13945464913 3
13846185700 3
13704543972 3
13512665018 3
13846177763 3
13512665181 3
13846177958 3
13846193083 3
13846190558 3
13845456639 3
13634546133 3
13945456861 3
13836660360 3
13945488963 3
13555582422 3
13555584663 3
13846134731 3
13946458658 3
13846164662 3
13846173918 3
13945465359 3
13555583695 3
13512661856 3
13803664332 3
13803651283 3
13624546677 3
13803661334 3
13803666248 3
13946445156 3
13836641029 3
13512684030 3
13946453928 3
13704544068 3
13796353972 3
13945468655 3
13604541377 3
13945471870 3
13846133991 3
13555588149 3
13846141851 3
13796355755 3
13803653309 3
13836606097 3
13504543771 3
13555596060 3
15904542658 3
13846192681 3
15904541988 3
15945402003 3
13846181619 3
13555594522 3
13836664905 3
13946421727 3
13946472592 3
13634546697 3
13903683756 3
13945452381 3
13836605390 3
13904548951 3
13604868156 3
13946456377 3
13836664116 3
15945402277 3
13945465450 3
13796358425 3
13555596887 3
13555590897 3
13555599702 3
13604866671 3
15904549939 3
13644684166 3
13644546776 3
15904549956 3
13664540384 3
13945497816 3
13664549802 3
13624542882 3
13624543113 3
13624543773 3
13684544374 3
13674544822 3
13674544836 3
13684549272 3
13555599699 3
13836645687 3
13836644825 3
15945404271 3
15246486578 3
15904546589 3
13845413904 3
13945481287 3
13796358075 3
13512684663 3
13555595433 3
13846141425 3
13512643559 3
13845417706 3
13555599530 3
13803662359 3
13664542989 3
13555592765 3
13946406425 3
13803657259 3
13512684055 3
13846160284 3
13946454123 3
13845416090 3
13796357575 3
13846151272 3
13512684288 3
13845416828 3
13512688665 3
13512686900 3
13845412209 3
13845415761 3
13555595640 3
15904546288 3
13846146041 3
13555593781 3
13555596766 3
13845475251 3
13555597599 3
13555596975 3
13555592736 3
13555597637 3
13555596968 3
13555599873 3
13604547700 3
13512668475 3
15904546998 3
15904543777 3
13555595457 3
15945400078 3
15904545081 3
13555598058 3
13836658191 3
13555599807 3
13555595288 3
15945401950 3
13555596318 3
13555595952 3
13555597700 3
15904545498 3
13555595458 3
15904545998 3
13555593007 3
13945461766 3
15945400600 3
15945404120 3
13555593345 3
15904541365 3
13555592553 3
13803657599 3
13704544534 3
13555593186 3
13555592641 3
13555595630 3
13555598520 3
13555594421 3
13796358723 3
15945402413 3
13555592822 3
13555597803 3
15904547661 3
13512645874 3
13555592712 3
13555592679 3
15945401787 3
13555596981 3
13512666022 3
13555597157 3
13555590509 3
13945470996 3
13846164195 3
13555597463 3
13555592400 3
13555595730 3
13555595319 3
13555595526 3
13555593153 3
13946448925 3
13555598508 3
15945403282 3
13555593923 3
13555595736 3
13555599820 3
13555597315 3
13555599806 3
15904546800 3
13555597956 3
13644546788 3
15904542808 3
13555597613 3
13555593654 3
13684546467 3
13603693876 3
13704543388 3
15945402102 3
13555595782 3
15945403337 3
13555590585 3
13555592699 3
13555592364 3
13555593477 3
15904547716 3
13555598522 3
13555595745 3
13555593446 3
13555597057 3
13555597316 3
15945401138 3
15904544881 3
13945453804 3
13555598968 3
13555596656 3
13555597006 3
13644541488 3
15904543337 3
13555595237 3
15945403330 3
13555594236 3
13904547190 3
13555593744 3
13555595851 3
13846164353 3
15945404347 3
13555592475 3
13555592474 3
13555595701 3
15904547216 3
13555597937 3
13555595589 3
13555593922 3
13555596088 3
13836663185 3
15904549030 3
13904548612 3
13903681440 3
15904544341 3
13555596542 3
15904542721 3
13555594381 3
13555595675 3
13555596540 3
13845471004 3
13555597112 3
13903682332 3
13555595743 3
13555594927 3
15904543690 3
15945402952 3
15904541928 3
15945401459 3
13555592574 3
13946474802 3
13555599272 3
13512666242 3
13555594968 3
13555595600 3
13945487823 3
13555593536 3
15904545312 3
15904546790 3
15904545435 3
15904541620 3
15904543009 3
13946427367 3
15904549766 3
13624544965 3
13674544306 3
13846153047 3
13684547153 3
13555593601 3
13664542050 3
15945404701 3
13945474526 3
13946471079 3
15904546525 3
13555596944 3
18845481399 3
13845455169 3
18804549195 3
13614699326 3
13945416777 3
13945419999 3
13684547212 3
13624542771 3
13803651719 3
13836665713 3
13945461852 3
18845481500 3
13504541952 3
18249265782 3
18249252760 3
13644543956 3
15214669913 3
15045408915 3
18745468023 3
13845475266 3
15946563780 3
18249250329 3
13836650391 3
13624540715 3
13555592523 3
18724210307 3
18745466407 3
18724545337 3
15804545585 3
15245486846 3
13845408461 3
13684545052 3
18745469040 3
18724215601 3
15245487923 3
13846174538 3
13946429815 3
13945481195 3
13945481373 3
13945470738 3
13945484068 3
13845458916 3
13845458673 3
13845458569 3
13845454170 3
13945479981 3
13945489818 3
13845454817 3
13945479689 3
13945472660 3
13945474077 3
13945470131 3
13945475570 3
13945462839 3
13845459501 3
13604865005 3
13734540181 3
18245483665 3
13945481063 3
13803662568 3
13846159538 3
13836609695 3
13846160158 3
13846188197 3
13945462997 3
13846188223 3
13846156369 3
13846188242 3
13945477233 3
13796358571 3
13836661866 3
13945480787 3
13845472292 3
13945451883 3
13945455765 3
13845418825 3
13845418620 3
13845417097 3
13845411568 3
13845453938 3
15804543226 3
13846156259 3
13684544505 3
18245453518 3
18745474978 3
18745484942 3
13836667912 3
13836652174 3
13836652644 3
15145498610 3
13512640305 3
13634544769 3
18249245435 3
13512674261 3
13512674558 3
13846136456 3
13512662581 3
13504697003 3
13946460222 3
13846199328 3
13504698206 3
13846166894 3
13945450084 3
13846133172 3
13512678336 3
13846136090 3
13512676280 3
15846995105 3
18724229908 3
15145450633 3
15845403859 3
13512673517 3
13704541271 3
18845483093 3
15845454850 3
15904544621 3
13512669665 3
13904546150 3
13846172129 3
13945473233 3
13836605516 3
13836644692 3
13846157045 3
13836655485 3
13836653335 3
13836605587 3
13845470083 3
13845471315 3
13845451336 3
13845455586 3
13845478352 3
15945883980 3
13836640322 3
15046497307 3
15845459126 3
15846994476 3
13946424637 3
13945497894 3
15904546417 3
18845418032 3
18245497815 3
18724215188 3
13734542025 3
15246487509 3
18724211847 3
18745494902 3
18245478551 3
13946406913 3
13846193346 3
13644546483 3
18245455806 3
13946424835 3
18249824258 3
13836607938 3
13836608191 3
13836608252 3
13836608794 3
13836609069 3
13836609998 3
13512661550 3
18724228123 3
13796354205 3
18249264789 3
13512674621 3
13604867804 3
15246486679 3
15245480171 3
15046491310 3
13845450109 3
13845450678 3
13845450706 3
13845450881 3
13845451126 3
13845451188 3
13845451233 3
13845451500 3
13845452168 3
13945471896 3
18249254233 3
15246483368 3
15164510105 3
15164518287 3
15045411334 3
13644544955 3
13846172323 3
18245466458 3
15246476621 3
13845416525 3
13946414748 3
18845414828 3
18745452193 3
18204544712 3
13845404076 3
13644547728 3
13512668909 3
13624546538 3
15045409509 3
15145452519 3
15246461205 3
13903689700 3
13614697700 3
18845423434 3
13846134426 3
13945487219 3
18845480003 3
15946561973 3
15046466782 3
13846153652 3
15845402663 3
13846180170 3
13555582138 3
15245486755 3
18724216295 3
13734541055 3
13512676908 3
13614696589 3
15904548017 3
13614544558 3
13664547695 3
13614693546 3
15904548972 3
15904548973 3
13734541401 3
18845481770 3
13946405940 3
15904540285 3
15145491091 3
18724223018 3
18845407180 3
13512641180 3
15846994065 3
13846158441 3
13796359911 3
13945498506 3
13846157351 3
13846165386 3
18845427775 3
15804540636 3
13512648915 3
13945476837 3
18845498768 3
15845459650 3
18845404986 3
13945476590 3
18845406825 3
15046467282 3
18249265373 3
18249254642 3
18249269908 3
18845423409 3
18745451412 3
18745455958 3
18845400207 3
13734549383 3
18204544985 3
18204542837 3
13512644130 3
13664542610 3
13504548792 3
13846136858 3
13603692932 3
13946443462 3
18845409921 3
15214661962 3
15945884503 3
18804544945 3
13836648093 3
18249250185 3
13734541808 3
15046469996 3
18249239991 3
18745467749 3
15246464400 3
15845458633 3
15046496531 3
15204544595 3
18845412427 3
18724544245 3
18245456892 3
18845423498 3
15046464378 3
13846164486 3
13846196483 3
13945485527 3
13603698208 3
18745475358 3
13634546963 3
13945460169 3
13945454467 3
13704866352 3
13946447118 3
15246480363 3
18745486413 3
15046460653 3
13704547050 3
13846141713 3
15046461607 3
13803667925 3
18745493434 3
13555592384 3
15804541159 3
18249242495 3
13846140543 3
18249242496 3
13945464342 3
13845415152 3
18324540697 3
15804546990 3
18845418769 3
18249246306 3
13614699817 3
18745455770 3
18745496638 3
15946565859 3
13846180756 3
13734543943 3
13836641055 3
13845415990 3
18249237160 3
18245476686 3
13945452987 3
18845494768 3
18245477696 3
15804541965 3
18845403511 3
15945889596 3
18745496414 3
18724549885 3
13512688739 3
15246472326 3
18245456112 3
13846170606 3
18845423837 3
15145498135 3
15045400377 3
13624545680 3
13836655890 3
15145493848 3
18745457118 3
15145490737 3
13846168710 3
13512698913 3
13512641958 3
18245475893 3
13512678127 3
15804548825 3
18845400246 3
18249267838 3
13845407287 3
18845484566 3
18245452415 3
13512685546 3
18724225607 3
15946569659 3
18745471171 3
18204541645 3
13803660281 3
15245489780 3
18745495877 3
13846166092 3
18745468305 3
18845485577 3
18724227644 3
18724229562 3
13946401838 3
18245469050 3
15145458336 3
18745450363 3
18724222144 3
15046464631 3
13803655577 3
18845491785 3
18845418303 3
13634546483 3
15945889665 3
15246474508 3
18804543997 3
15945885292 3
13846183673 3
13634545128 3
13946453603 3
13644545041 3
13512644339 3
13624548893 3
18714540334 3
13634542710 3
15904540229 3
18245498997 3
13664540912 3
13664541801 3
13664545713 3
13512660082 3
15214669709 3
15846993885 3
15246484288 3
18845421611 3
13845412849 3
15904541356 3
13555593772 3
18845480825 3
13845407661 3
18724541982 3
13644542533 3
13845419567 3
18245459208 3
13846130144 3
13512643401 3
18249240091 3
13836644165 3
18845405801 3
18245455191 3
13946456541 3
15046465859 3
15145457407 3
13624546835 3
15904546273 3
13845411635 3
13512673304 3
15904546348 3
13512676575 3
15945886418 3
13946447397 3
13836652724 3
13946446722 3
15045407002 3
15245455671 3
13946456239 3
13634546904 3
15164518207 3
15904543295 3
13603696146 3
13836643658 3
13846143431 3
15245481668 3
13684541425 3
15845457440 3
13504697811 3
13603696796 3
15245475999 3
15845454200 3
13603697067 3
15046464010 3
13846186338 3
13634546962 3
15046492346 3
13634546951 3
13684547371 3
15046491808 3
15946553665 3
15245622666 3
13603697507 3
15045417448 3
15046497022 3
13603697660 3
15245480718 3
15245484775 3
13734546541 3
13734546352 3
15245455150 3
13684547642 3
15045417746 3
13945477344 3
13734547301 3
15245455729 3
13734547240 3
13846157040 3
15045417726 3
13604547041 3
13512687604 3
15246495365 3
13846157615 3
15045417952 3
15045405820 3
15245455959 3
13846156632 3
13604866087 3
13614690204 3
13734540034 3
13734546573 3
15046464349 3
15245455176 3
13803651838 3
15945881805 3
15245480768 3
13845476679 3
13512682975 3
15145457807 3
15845407162 3
15045417780 3
13512663764 3
13512667322 3
13604867419 3
13604867487 3
13604867246 3
15046462468 3
15804547825 3
13512676865 3
13512676965 3
13604547598 3
15046467352 3
15046466042 3
18204543898 3
15245456313 3
13512649431 3
15245456318 3
15946560900 3
15045417363 3
13684547854 3
13946447936 3
13555590264 3
15946557305 3
13803666146 3
13946457026 3
15045417583 3
13684541454 3
13684547934 3
13684541794 3
13704543836 3
15204547207 3
15904547473 3
13614698912 3
13846171258 3
13512687964 3
15045408708 3
13704860224 3
13803665604 3
15046462839 3
15046462840 3
13803651614 3
15946550516 3
15046462902 3
15046491709 3
15945402240 3
13604541374 3
15245485696 3
13644541764 3
15946550778 3
15945883089 3
15945881978 3
15945881381 3
15245484097 3
15245484098 3
13504545754 3
15245455595 3
13624546738 3
13846182599 3
13555588628 3
13704867883 3
13684540934 3
13512642520 3
15046461856 3
13604865524 3
15945882386 3
15246463616 3
15245485581 3
15245481141 3
13512666734 3
13604543742 3
15945402893 3
13512641658 3
13803663794 3
15245455115 3
13604863266 3
15245487657 3
13624549151 3
13644546334 3
13504540096 3
13945481074 3
13664543938 3
15245486827 3
15046495275 3
13846183499 3
15045408278 3
13803655433 3
13946424209 3
13512681455 3
13946424259 3
13845415354 3
13845415414 3
13945455143 3
13664549094 3
15804544081 3
15046490665 3
15046491336 3
15245453707 3
15145450409 3
15845451440 3
13614698052 3
13734541661 3
15804545304 3
13512680410 3
15845453932 3
15845401935 3
13734542834 3
13803654210 3
15164514955 3
15245454542 3
15846996774 3
13846155163 3
13512670445 3
13836660121 3
13624547804 3
15845405974 3
15046461064 3
13624544995 3
15245454278 3
15804543724 3
15145453804 3
15046490380 3
13836662570 3
13845402519 3
13945478826 3
13684546484 3
15046464683 3
13512645368 3
13945475884 3
15046465354 3
13504544656 3
15245454600 3
15046460664 3
13945481094 3
15245453899 3
13846133595 3
13512684080 3
13845452811 3
15046495874 3
13644544550 3
13845412622 3
13846183303 3
13945452595 3
13845412909 3
13945485516 3
13836663704 3
13946404978 3
15245453205 3
13504540669 3
13945485158 3
15245453428 3
13845454002 3
13946400848 3
15245453356 3
15145455764 3
13846184167 3
15045408658 3
15904541909 3
13845450049 3
13846134005 3
13945467172 3
13946447570 3
13846186958 3
13846186967 3
15804541132 3
13846151874 3
13846156424 3
18804548353 3
13903687248 3
15245486866 3
15845402318 3
15204546170 3
15904543118 3
13946441853 3
15245488322 3
13664543164 3
15846990591 3
15245455949 3
13846170247 3
13555596084 3
13945480663 3
13845456894 3
13845450174 3
13846137327 3
13945473252 3
15245486266 3
13846170042 3
15045411120 3
15804546504 3
15045411186 3
13664546354 3
13846175007 3
13945474009 3
15245458633 3
15945882799 3
13796353864 3
18845401920 3
13945451784 3
15945880415 3
13945480181 3
13512681794 3
13836651894 3
15245451717 3
13846151039 3
13846144383 3
13734540734 3
13846148730 3
15246457888 3
13512682957 3
15246460948 3
15245481267 3
13845418004 3
15245483804 3
15246460908 3
13945487193 3
15246460915 3
15845407114 3
15246460998 3
13803657154 3
15246460682 3
15246460938 3
15046494514 3
15246460997 3
15246460918 3
15246460939 3
15246460633 3
15246460876 3
15246460880 3
15246460656 3
13704547287 3
13836607619 3
15246460658 3
15246460937 3
15246460636 3
15246460670 3
13624540487 3
15246460657 3
15246460947 3
15246460855 3
15246460648 3
15246460645 3
13644547440 3
15246460920 3
13846135878 3
13704548412 3
15246460831 3
15045406231 3
15245488683 3
15945882342 3
15245485729 3
13603691084 3
15164513610 3
13946403944 3
13946474917 3
15845409664 3
13846145918 3
15946552421 3
15164519687 3
13945461603 3
13945452143 3
13684548842 3
13604546272 3
15846999396 3
13945474474 3
13604865100 3
13555593690 3
13512672259 3
13946450188 3
13555585406 3
15904543297 3
13836609101 3
13846150954 3
13836640347 3
13836642137 3
15846991638 3
13555587490 3
13946404929 3
15046460534 3
15045418639 3
15045418652 3
15204545731 3
15204545732 3
15246477369 3
13504541495 3
13845479319 3
13836608921 3
13664540603 3
13945461817 3
13836653908 3
15145495266 3
15145491805 3
13512689563 3
15204543240 3
13512648194 3
13604866496 3
18714542549 3
13846159079 3
13945455399 3
15946564134 3
15245482861 3
13946454836 3
13512668532 3
18845418233 3
13945452241 3
13512648267 3
13624548320 3
13836661944 3
13903684720 3
15246479730 3
13945471954 3
15145453780 3
13846182984 3
15846994534 3
15804547545 3
13846139401 3
13946442317 3
13512678024 3
15904540504 3
13836608741 3
13604543185 3
15845451842 3
15946554189 3
15164518534 3
13903686503 3
15246470123 3
15946568241 3
13846162354 3
15246482350 3
13945489443 3
15246481490 3
13846134366 3
15945883438 3
13512648362 3
13836660130 3
15245452241 3
15245487739 3
15846999564 3
13803665208 3
15246481501 3
15246482206 3
13836648019 3
15246470345 3
15204540854 3
15246470303 3
15246481631 3
13846135374 3
15804544484 3
13846135334 3
13945456504 3
15245481887 3
13846133402 3
13846154622 3
15145451677 3
13664540725 3
13614690855 3
13803667434 3
15945883640 3
13664546284 3
13845478547 3
15945885386 3
15245484041 3
13845455604 3
15845401451 3
15245480715 3
15245482348 3
13803656337 3
15804548658 3
15245487176 3
15945886190 3
15904547741 3
13803657157 3
13796356798 3
15045409476 3
15945403911 3
13512673599 3
13946447564 3
15245456584 3
13604864894 3
15245487116 3
13604864764 3
13945450884 3
15245488050 3
13945484438 3
13734544374 3
13704864954 3
15245484417 3
13803650900 3
15804541337 3
13846147323 3
13512667479 3
13704540012 3
13845455124 3
13946456769 3
13846157904 3
15046495665 3
13512660027 3
13644541260 3
13946444402 3
13846167672 3
13644545080 3
15245484546 3
13603695159 3
13836615233 3
15245451206 3
13604543194 3
13704862866 3
15245451205 3
13846197636 3
13846133348 3
13512667727 3
13555594033 3
15245451139 3
13836666974 3
15245451252 3
13603694518 3
13614696816 3
13945463639 3
15145489569 3
13555590170 3
13634544955 3
13945477518 3
13803651006 3
13846140535 3
13846190769 3
13845409511 3
15846991887 3
15164511978 3
18249236099 3
18245499258 3
15046463363 3
18724227972 3
15045402846 3
13624542231 3
15045414011 3
15245453725 3
13946451345 3
15945888114 3
15246470688 3
15246479378 3
15245453740 3
13946445263 3
13836660734 3
15946562084 3
15845401349 3
13624545747 3
15245453878 3
15804545014 3
15245482105 3
13704864415 3
15846995864 3
15845459495 3
15245452457 3
15246474077 3
15045406077 3
15164516050 3
15945889026 3
15046468225 3
15946563834 3
13664543102 3
15904542649 3
15246472937 3
15046467748 3
13846196757 3
15946554025 3
15145456098 3
15245453534 3
13512647940 3
15046460224 3
15246475824 3
15246475834 3
15246474992 3
15946559659 3
15246452222 3
15804543911 3
15245487635 3
15246471717 3
15845457331 3
13945473013 3
15246472275 3
13624540348 3
15245482883 3
13945468223 3
15145452854 3
13946423981 3
15245483702 3
13845401947 3
15245486684 3
18724544136 3
13504548767 3
13845475112 3
15046461934 3
13603694134 3
15245489961 3
15245483226 3
15245486810 3
15845403994 3
15845404994 3
15846990304 3
13512694408 3
13946402851 3
15045403299 3
15846998217 3
13945455828 3
13846181236 3
15245483595 3
15204540608 3
15245452260 3
13836640071 3
15245453419 3
13846146981 3
13946401616 3
13946427309 3
13845455809 3
13803653727 3
13644544424 3
15204545431 3
15245486949 3
15245485760 3
15946554877 3
13504544249 3
15245486366 3
13845479785 3
15145454361 3
13836663384 3
13664541080 3
13634547713 3
15845450517 3
13846196772 3
13846162154 3
15245486855 3
15245486186 3
13512661301 3
13664543370 3
13946406451 3
13704547065 3
15145458669 3
13946451387 3
15245486500 3
13704866370 3
13845406724 3
13704547963 3
13803661594 3
15204547412 3
13845404894 3
15845402746 3
15845403549 3
13945456395 3
15046496141 3
15045414038 3
13704542896 3
15046490885 3
13634542546 3
13945483676 3
13634544517 3
13946447977 3
15804541668 3
13945463955 3
13512699078 3
13846152150 3
13803653442 3
15245451607 3
13603693773 3
15046461300 3
13946452799 3
13946402783 3
15246460895 3
15246460818 3
15246460823 3
15246460820 3
15246460819 3
15246460822 3
13846149273 3
15246460586 3
15246460581 3
15045410609 3
15246460539 3
15246460885 3
13946409124 3
15246460530 3
15246460535 3
15246460531 3
15245485299 3
15246487367 3
15046463509 3
15164511225 3
15245457709 3
13846142671 3
13604542023 3
15164512504 3
15945883431 3
15045415534 3
13904544996 3
13946404858 3
15145450818 3
15245485670 3
15145455569 3
15045413224 3
15845455749 3
13903688914 3
15945883123 3
15145491016 3
15246495088 3
13796357522 3
13846184607 3
13945485014 3
15246498686 3
13624543117 3
15845458833 3
15945889219 3
15245488419 3
13845416474 3
15145493577 3
15245459446 3
15246496768 3
13684540018 3
13946400206 3
15045407824 3
13555592003 3
13512680597 3
13614696031 3
15945402486 3
15945881134 3
13945454479 3
13846183578 3
13684540568 3
15246478100 3
13846141714 3
15246467999 3
13845454784 3
13684544533 3
15845457465 3
13704541227 3
15245452687 3
13946445230 3
15245481416 3
15946554576 3
13845411647 3
13846159223 3
13846181347 3
15245455514 3
13504548437 3
13945477850 3
13846145814 3
13796355282 3
13836645715 3
13512668614 3
13704862624 3
13945479431 3
15046467464 3
13846154143 3
13945452037 3
15946551349 3
15245485350 3
13836663978 3
15046495395 3
13836665570 3
13634546244 3
15946552119 3
13704865264 3
13846175783 3
13512698304 3
15204545547 3
15845409554 3
15246478835 3
13512687980 3
13512672041 3
15246478863 3
15246478924 3
13704545936 3
13512667176 3
13512669851 3
15246480847 3
15245483224 3
15245485259 3
13684549820 3
13836663414 3
15246471616 3
15246478704 3
15945884133 3
13946453014 3
13845458743 3
15204543804 3
15246480905 3
13946448348 3
15204540464 3
15246480910 3
15246480915 3
13946441004 3
15246470189 3
13734544639 3
15904549671 3
15145499449 3
15246482442 3
15845456004 3
15246481951 3
15246478963 3
15204544952 3
15246479113 3
13644546605 3
15846994970 3
13945460330 3
13846155886 3
13555581413 3
15164517963 3
15246484881 3
15164517751 3
15164517783 3
15245452315 3
15246482186 3
13946453088 3
13512647627 3
13903685254 3
13903681647 3
13836643554 3
13945481484 3
15904543504 3
13846191028 3
15046467134 3
13512688073 3
15045408812 3
13836663652 3
15246481873 3
15246485023 3
15046496904 3
15246485041 3
13836658534 3
15245484811 3
15245484805 3
13945464944 3
15045415478 3
15246479182 3
13945468526 3
13796359814 3
13555593693 3
13803661774 3
15045405794 3
13512689145 3
15246481849 3
13604540580 3
13555585225 3
13945483794 3
13945485627 3
13512689303 3
13946422734 3
13946409540 3
13512682717 3
15846996675 3
13603698353 3
15946551481 3
13846174783 3
13604546202 3
15246478964 3
15045404593 3
15904549144 3
15246485162 3
13846183254 3
13504699382 3
15246477180 3
15246485181 3
18745465830 3
13704542523 3
13845470814 3
15246483181 3
15945404964 3
13604863763 3
15204542974 3
13734549122 3
15904549413 3
15145493360 3
13734542478 3
13846196748 3
13614698543 3
15204549185 3
15204549197 3
15245487111 3
13836640626 3
15245456514 3
15245456511 3
15045417089 3
13846193909 3
13504696096 3
13555595852 3
15204543282 3
15245496888 3
15045406498 3
13555580809 3
13904547083 3
13903687932 3
13796356127 3
15045406031 3
15046466747 3
13946447719 3
13803667232 3
15145456675 3
15045406731 3
15804546392 3
13903686241 3
15204546443 3
13845417940 3
15145456844 3
15845407195 3
15164516327 3
13836646033 3
13704867508 3
18304549426 3
15164516349 3
13803666703 3
13836647040 3
13803666459 3
13836651968 3
13803666136 3
15164516358 3
13604547915 3
13836656621 3
15204540081 3
13836656702 3
15164516360 3
13836656730 3
15945886801 3
13704867959 3
15046497526 3
13512676509 3
15904549097 3
15204540303 3
15904549036 3
15245485173 3
13512644892 3
15046461422 3
15246478817 3
13734544895 3
15246472100 3
15245453750 3
15804542117 3
15246473680 3
13845405594 3
15246474323 3
15245453910 3
15245453708 3
15245453769 3
15845406029 3
15246472104 3
13945455320 3
15045407854 3
15846995204 3
15045408276 3
15246470505 3
15045408296 3
13845450824 3
15046491274 3
15246474384 3
15046491964 3
15845455184 3
15845401814 3
13734541203 3
15046498712 3
13555597681 3
13836651527 3
13945482011 3
13946442096 3
15164518959 3
13604863185 3
15245458302 3
13634541051 3
13512643436 3
15846993964 3
13836601706 3
15904543718 3
15845452924 3
13945459479 3
15804545924 3
13803657310 3
13734542281 3
15045411813 3
13946423803 3
13946405060 3
13512674322 3
15245486756 3
15245486576 3
15045403849 3
15245486813 3
15245486548 3
15245486509 3
15245484671 3
15204544416 3
15245455305 3
15946559966 3
13836641736 3
13664541188 3
13846191997 3
15845458780 3
15145489619 3
15845400454 3
13803667184 3
15904546340 3
13845407952 3
15845456283 3
13846198137 3
15845455272 3
15245486300 3
13836663374 3
13664541198 3
15245486811 3
13836663354 3
13946424368 3
15214660005 3
15245486987 3
15845454552 3
13664541352 3
13946420838 3
15245480765 3
13846154873 3
13644683933 3
13845472814 3
13796354634 3
15245480807 3
15045411718 3
15245486973 3
13684546787 3
15804547992 3
15245458071 3
13845472254 3
15145487303 3
13946409575 3
15804548836 3
13845450478 3
13614697825 3
18304545208 3
15845452766 3
13664541692 3
15245451615 3
15145489526 3
15145489527 3
13845452814 3
15045413649 3
13555590307 3
13644545474 3
13803660533 3
15245454533 3
15246487473 3
15945884984 3
15246486108 3
13614696827 3
13836656429 3
15246480422 3
13644549209 3
13614697895 3
15846998246 3
15945887884 3
15245488000 3
15846994485 3
18845418496 3
15246491857 3
15164515216 3
15046495464 3
15246492207 3
13512683674 3
15246491982 3
13624548364 3
15846999013 3
13903686162 3
13836642471 3
15246473268 3
15904547345 3
15046469983 3
15245459608 3
15046469960 3
15904548123 3
15245459708 3
15246475777 3
15945886910 3
13836643720 3
15945404826 3
15245459765 3
15246477471 3
15804540074 3
13903689039 3
15164518635 3
15245453563 3
13512682901 3
13946449612 3
13512689583 3
15046465174 3
13946426642 3
13846153264 3
13555598216 3
15245458535 3
15045413314 3
15245458563 3
15245458605 3
13664540534 3
13836660198 3
13846131765 3
13555592907 3
13946472177 3
15145451784 3
15245455304 3
13512660258 3
13512660528 3
15245488756 3
13512670578 3
13604865127 3
13846141624 3
13846195054 3
13945480184 3
13664544909 3
13846135161 3
13846149694 3
15164519951 3
15045413134 3
13704549083 3
15845404852 3
13684548995 3
15946569793 3
13846168434 3
13945453794 3
13846138724 3
13836605387 3
15245488334 3
15145455203 3
15845451046 3
13903682759 3
15946561094 3
15245488774 3
15145454284 3
18724215018 3
15246475944 3
13846161774 3
13836601202 3
15846993164 3
15945882599 3
15246477980 3
13946450535 3
18724541878 3
18845486105 3
13555580104 3
13512683708 3
13555582479 3
15046495077 3
15246499281 3
15246499688 3
15804546816 3
13946428261 3
15246499883 3
15246499631 3
13846144307 3
13836663208 3
15804546262 3
15945886174 3
13603697621 3
15246499668 3
13504547044 3
15246499918 3
15246499929 3
15246498978 3
15246478787 3
13803660737 3
13803660710 3
15804541894 3
15245452108 3
15145495467 3
13845402382 3
18714542243 3
13945470431 3
13946429154 3
15246464646 3
13734544338 3
15246499566 3
15246499245 3
15046498641 3
13604546046 3
13604546047 3
18845481089 3
13734541878 3
15145452554 3
13836653915 3
13903685144 3
13846177544 3
13904544392 3
13603694311 3
13836655548 3
13512669951 3
13945485782 3
13512681400 3
13674544108 3
15046468477 3
13555594804 3
15046460995 3
15246495899 3
15046462636 3
13796350929 3
13803653953 3
15946555043 3
15246497599 3
13803653342 3
15246496477 3
13846130289 3
13846148354 3
15245489008 3
13684542645 3
15946554975 3
13664541991 3
13684549890 3
15045410568 3
18249261796 3
15945403769 3
15045411624 3
15845403911 3
15204543730 3
13836660815 3
13555584216 3
13512699676 3
15045400966 3
15046498516 3
15046495195 3
15164519308 3
15946558755 3
15045419238 3
15946568755 3
13946443743 3
15245459198 3
13836654800 3
15945885651 3
15145487670 3
15204543901 3
15204548906 3
15204548907 3
15145454987 3
15204543437 3
13945482093 3
15946557664 3
13846181373 3
13946450061 3
13604866648 3
13512683503 3
13555595349 3
15204546951 3
13803657196 3
15046497703 3
15164516453 3
15204546961 3
15164516378 3
15164516459 3
13846187216 3
13945482855 3
13555596145 3
15245456892 3
13555586502 3
15046466629 3
13945486375 3
15946557313 3
15164516493 3
13512670969 3
15145456757 3
15045407572 3
15804546445 3
15804546556 3
15045414684 3
13604866075 3
13604866152 3
15046497816 3
13644544923 3
15845406087 3
13836606243 3
13604866772 3
13836604389 3
15204547480 3
15946555116 3
13664546255 3
13836606143 3
13512681458 3
13946446420 3
13846196457 3
13704867466 3
13604867363 3
13604867369 3
13634546902 3
13634547571 3
13604867553 3
15046496585 3
13796354011 3
15845406962 3
15164515959 3
15945886947 3
13664549253 3
15245452904 3
15145454031 3
13664549002 3
13946401099 3
13614699218 3
13614698224 3
13664548804 3
13945463097 3
13903684153 3
13846199305 3
13604543570 3
15245481147 3
15945401564 3
13946448846 3
13846192757 3
13614699848 3
15045406534 3
15246472364 3
15245453565 3
15245453575 3
13845405314 3
13555593739 3
13555583536 3
15804545784 3
13704544975 3
15845457906 3
15204544995 3
13846177384 3
15245454665 3
15946554208 3
15245459018 3
13555586884 3
15145454610 3
13945485425 3
15804548353 3
15804545354 3
15845400194 3
13846181675 3
13946422251 3
15845400024 3
13614697204 3
15804541134 3
15245409777 3
15804542204 3
13512664260 3
13624545602 3
15846999243 3
15846992256 3
15245489855 3
15046494707 3
13945485249 3
13845403114 3
13945481004 3
13624548801 3
15204542643 3
13684546074 3
15245486122 3
13846190925 3
13945481124 3
15046466198 3
13504549517 3
15945886927 3
15245486322 3
13512648552 3
15164516011 3
15245486909 3
13512673854 3
13846187919 3
15846992267 3
15945401820 3
13836666893 3
15845452663 3
13845410556 3
13512671524 3
13603692622 3
13945454711 3
13504541031 3
15245451505 3
15164510029 3
13836640324 3
15164510025 3
15245451617 3
13796356904 3
13846158000 3
13803663550 3
13846150354 3
15245488181 3
15045411291 3
15245486577 3
13555598516 3
13845411712 3
15245481827 3
15245481826 3
13846172011 3
15246496448 3
15046496554 3
13845455430 3
15204541734 3
13684544469 3
13846165257 3
13946421187 3
13946457548 3
13945472505 3
13512643084 3
15204540274 3
15164511140 3
15246480700 3
15946560082 3
15246480800 3
13845419046 3
15245459071 3
15245458879 3
15145491021 3
15846994391 3
15145491032 3
15145491052 3
15904542915 3
13704863582 3
15145491093 3
15145491103 3
13945464292 3
15246498566 3
15845409164 3
15204544734 3
15246470666 3
13945481906 3
15246464678 3
15246464789 3
13624546083 3
13945475565 3
13846166004 3
13946423252 3
15045414071 3
13946456574 3
15246474476 3
15845403503 3
15214660077 3
13664545720 3
13846159434 3
15045402718 3
13946473579 3
15145457895 3
15945886692 3
13603691635 3
13846140624 3
13512670957 3
15246480166 3
15804546384 3
15246480202 3
15204540053 3
13614690072 3
15246470654 3
18249247092 3
15246482699 3
15246488487 3
15246480909 3
15045408790 3
15246486489 3
15246471188 3
13846188974 3
15246477465 3
13846168832 3
15246488876 3
15246488321 3
15904540434 3
13845458202 3
15904547556 3
15246486691 3
13846169134 3
15046499171 3
15246486588 3
15246484343 3
15246490340 3
15246493766 3
15246493767 3
15246488921 3
13603696184 3
15246490377 3
15204545618 3
13634544400 3
15246495688 3
15245459666 3
18724544700 3
15246489559 3
15246493708 3
15246490588 3
15046460678 3
13846189692 3
15845409369 3
15246490477 3
13796351012 3
13945480254 3
15246488033 3
15246488035 3
15245416999 3
15246490561 3
15246488969 3
15246488108 3
13836645201 3
15045407157 3
15164510855 3
15246490693 3
15246493841 3
13796358385 3
15246488396 3
15245454016 3
15246488599 3
15246486798 3
15246486533 3
15246488788 3
15246488787 3
13512678389 3
15245488107 3
15246487377 3
13604549205 3
15246487399 3
15246462106 3
15046467074 3
13624545984 3
13603698423 3
15246486929 3
15245489459 3
15246488578 3
15246486937 3
13846151950 3
15846994066 3
15246485471 3
13945458593 3
15246485353 3
18724547331 3
15246489166 3
15845401738 3
13945487598 3
13704540259 3
13555592702 3
18845484872 3
18845498902 3
13846145928 3
13836645710 3
13512694104 3
13946453767 3
15204540718 3
13624545424 3
13836648187 3
13846143980 3
13634545563 3
13945453105 3
13836615885 3
15145459248 3
13603699552 3
15804547669 3
13796356019 3
13634547357 3
13704866172 3
13555597051 3
15204547085 3
13836646260 3
13704547420 3
13555597406 3
15204547062 3
13845477692 3
13946407911 3
15845458905 3
13504544943 3
13903686971 3
15946566592 3
13836603069 3
13846136952 3
13903687226 3
13614541772 3
15164517487 3
13704547396 3
13845457535 3
15046496916 3
15046496940 3
13945483285 3
13846157752 3
15204545457 3
13512647842 3
15204546539 3
15204546122 3
13684549827 3
13836659104 3
13836608492 3
13512674950 3
13614699062 3
13555583828 3
13803657551 3
15946552258 3
15846994879 3
15946564606 3
15204542984 3
15945885674 3
15046497015 3
15945880881 3
15046493035 3
13846175722 3
15804540695 3
13946403852 3
15145451209 3
15245482395 3
15804545731 3
13614698348 3
13945453254 3
13836641837 3
15246472760 3
13903680511 3
13846137317 3
13512683156 3
13846137417 3
13634544580 3
13836641538 3
15164516077 3
13836644593 3
15145452404 3
13845475329 3
15845450594 3
13846152157 3
15046465064 3
15845404826 3
13512686358 3
13734544616 3
13734544626 3
13555583873 3
15946555700 3
13704867838 3
13512683726 3
15045400874 3
13603692937 3
15245452264 3
15945401187 3
13846177614 3
15204541892 3
13664543940 3
13504697204 3
15245487734 3
15804544601 3
13684542654 3
13704542646 3
13624549129 3
15845400924 3
13836644271 3
15046460324 3
13634545937 3
15245482479 3
15245451914 3
13704543453 3
15045415502 3
15145451954 3
13945487614 3
15046493884 3
13803650301 3
15164511542 3
15045400803 3
13836657464 3
15946566912 3
13614696098 3
13512677364 3
15945886101 3
13512677914 3
13684547626 3
15045417319 3
15245455424 3
13796356103 3
13684544898 3
13945486717 3
15245455426 3
15245486773 3
13614696276 3
15804546236 3
13846196225 3
13946407820 3
13664546178 3
13614696310 3
15045417349 3
15245455434 3
15846996051 3
15045417368 3
13846177769 3
13704545012 3
13614696625 3
15945886318 3
13946441791 3
15946567526 3
15945886376 3
15945886201 3
13664547328 3
15245487954 3
15245487956 3
15245487957 3
13845456395 3
15245487790 3
15245487791 3
13614697303 3
15945887258 3
13845477695 3
15204547451 3
13846157376 3
13845417156 3
15945887160 3
13624541539 3
15145459844 3
13945460167 3
15245455467 3
15245455470 3
13836663794 3
13845401314 3
15245455495 3
15804548985 3
15804549078 3
15245633666 3
15046499914 3
15804546079 3
13846141661 3
13836660215 3
15245456267 3
13836665120 3
13604865317 3
13836658589 3
15246475100 3
15246479134 3
13504543405 3
15046494384 3
15045417106 3
13555593256 3
13803652632 3
15045410393 3
15045416064 3
13803654756 3
15145457816 3
13845402285 3
15945885048 3
15246491817 3
15845457156 3
15245456394 3
15245452035 3
13846187274 3
15245452036 3
15246478251 3
13945481994 3
13845454544 3
15246485433 3
13684544568 3
13644542244 3
15164511194 3
13845403226 3
13684540805 3
13796359653 3
15164510654 3
13555595806 3
15046465847 3
13845456484 3
13846143168 3
15846996721 3
13846138224 3
13945475583 3
15245459722 3
18845423919 3
15145452526 3
15245487242 3
13504543928 3
13846171274 3
13704541603 3
13836641827 3
13512641926 3
13555592376 3
15046466565 3
13904545085 3
15204548360 3
13803668287 3
13803665965 3
13845400547 3
15804546859 3
15204547101 3
13604868104 3
13664549464 3
15246476075 3
13604868714 3
15246498288 3
13846160096 3
15246453777 3
15245481090 3
13604544259 3
15204543562 3
15204543561 3
13846197384 3
13846143171 3
18249247162 3
15945881824 3
13945469857 3
13512646128 3
13704867972 3
15246472694 3
13945450066 3
15204546594 3
13904548962 3
13664547991 3
13846186029 3
13904548735 3
13803650492 3
13845474717 3
15145499020 3
15245488864 3
13614693379 3
13846131689 3
15845450144 3
13684540499 3
13846149079 3
15045413984 3
13946421857 3
13846141056 3
13734543934 3
15246474418 3
15845402029 3
13512668917 3
13684544856 3
13846176194 3
15245488097 3
13846195760 3
13846170774 3
13504541374 3
15046465835 3
15164512764 3
13845473654 3
15046491048 3
13704549471 3
15945400348 3
13624544183 3
13836603653 3
15946554034 3
13512669429 3
13796355869 3
13946453651 3
15846994482 3
13946402942 3
13846172303 3
13664549374 3
15046492360 3
15164519387 3
13614699346 3
13504545985 3
15145451970 3
15246496521 3
15246472253 3
15164515040 3
15204542900 3
15846998279 3
13945474034 3
13946427104 3
13846197314 3
13903680918 3
13845400268 3
13846170424 3
15946564118 3
15946564117 3
13846174184 3
15946564116 3
15945401454 3
15246496325 3
15046491729 3
15946561833 3
13734541299 3
13903680948 3
15164511717 3
13734544559 3
13684547291 3
15164519625 3
13836643429 3
13845404359 3
15845459677 3
13603694905 3
13704865419 3
15245450608 3
15245450528 3
13846193651 3
15245450901 3
15046499004 3
13704544620 3
13624547891 3
13624540357 3
13846197469 3
13512685519 3
13734541427 3
13734542468 3
13734542473 3
13846196672 3
13734542746 3
15145458026 3
13734542822 3
13734542948 3
15145458028 3
13734543421 3
13734540770 3
13734541368 3
13734540919 3
13846187639 3
15245450386 3
15204548501 3
15204548561 3
15945882043 3
15046498236 3
13836655216 3
13555590501 3
13945463500 3
15904547244 3
15904541986 3
15945880329 3
13796359361 3
15945885610 3
13846138577 3
13512674464 3
13946423691 3
13604541698 3
15204548716 3
15204548849 3
13846161810 3
13846131830 3
15845404772 3
13836663556 3
15046498541 3
15204548741 3
18324543235 3
13846143076 3
13846199001 3
15145458326 3
15046497887 3
13945487388 3
13845411450 3
15204546255 3
13836653715 3
15245459606 3
15245459686 3
15245459639 3
15245459618 3
15245459665 3
15245459646 3
15245459687 3
15845450706 3
15204547677 3
15904546839 3
13845451490 3
15204543077 3
13684546220 3
15845405033 3
15204543676 3
13504545955 3
13945463019 3
13604867782 3
13803667750 3
13734546497 3
13684547368 3
15845407796 3
15845407517 3
15845407076 3
13803650780 3
13946456808 3
13512685535 3
13946446339 3
13946446049 3
13946456537 3
13946456779 3
15204541839 3
13555580352 3
13945471817 3
13846188506 3
13836600842 3
13836609657 3
13504549824 3
13614698976 3
13946454980 3
13845413751 3
15946553027 3
15245486701 3
15946553035 3
13836650380 3
13845400871 3
13845412330 3
15946553049 3
15945880871 3
15946551638 3
13512669416 3
15946552257 3
15246478790 3
13604545871 3
13903688954 3
13634542864 3
13704869535 3
13796358843 3
13946472970 3
13846194147 3
13846154681 3
13624543991 3
15845455684 3
15245484681 3
15245484682 3
15245485427 3
15145453694 3
13624542435 3
15045406204 3
15846990664 3
15245486823 3
15846990294 3
15845405924 3
15845400857 3
15845402024 3
15045400894 3
15145491766 3
13603697570 3
15846992254 3
15245485112 3
15845451904 3
13846192133 3
15045405034 3
15204542003 3
15245451804 3
15145452324 3
13946402516 3
13803661274 3
15245487074 3
13796353998 3
15045406654 3
15845402162 3
15845400554 3
15245488618 3
13555581527 3
15245482802 3
13604547684 3
15804542431 3
15046492534 3
13836651854 3
15145455664 3
15245451884 3
15145451764 3
15245481427 3
15145451384 3
15046460666 3
15245481428 3
15804545904 3
13903685516 3
13664545624 3
15046495708 3
15145451101 3
13734547632 3
13945457141 3
13836607346 3
13512647616 3
15245455337 3
15845451025 3
13845416480 3
13614697043 3
13803667968 3
15945887273 3
15204547481 3
15945886879 3
15045414761 3
13555587213 3
13614697738 3
13664542724 3
13945467329 3
13614697929 3
13846177651 3
13846177192 3
13614697597 3
15245487928 3
13604546360 3
15904547529 3
13803667457 3
13614697632 3
13614697962 3
15245487908 3
13945476290 3
15204547459 3
13614697695 3
15845456800 3
13644546439 3
13644546296 3
15045416951 3
15245487535 3
15045416953 3
15245487532 3
15245487531 3
13614694260 3
15245455439 3
13624547215 3
13803666439 3
15245455584 3
13946426743 3
13644547761 3
13634546460 3
13624547141 3
13555586873 3
13624547183 3
15245455461 3
13644686149 3
13624547202 3
13664546062 3
15904547005 3
15245455445 3
13604867883 3
15904547145 3
15245455617 3
15245455618 3
13704549890 3
13604863738 3
13946452868 3
15045410932 3
15164510961 3
13845412094 3
13946403900 3
15046491337 3
15164510182 3
13644545574 3
13946472816 3
13836604534 3
13846177484 3
13903686174 3
13836604504 3
15045403948 3
13836653754 3
13836644140 3
15145455567 3
13796353533 3
13845455487 3
15845456749 3
15245487724 3
13796354004 3
15904541703 3
15945886184 3
13603695946 3
18249828728 3
15246474983 3
15246460905 3
15245457818 3
15246460796 3
13846159694 3
15204545956 3
13945465441 3
13946425359 3
13945464181 3
15245489193 3
15245459097 3
15945884307 3
15245459079 3
15204543370 3
13614698750 3
15245459638 3
15246460881 3
13946402920 3
15246460775 3
13845402663 3
13803669174 3
15164510084 3
13846142079 3
15945884047 3
15946565194 3
13845412179 3
13803662061 3
13734545790 3
15046494438 3
15945403254 3
13945478926 3
13945483832 3
15164514805 3
15246478011 3
18845409612 3
13704863158 3
13624548690 3
15245483724 3
13624547586 3
15246491607 3
13845410954 3
13945480763 3
15204545967 3
15245455316 3
13644542068 3
13704544374 3
15145450645 3
13946451727 3
13846158140 3
13845452604 3
13945470192 3
15246476734 3
15804548069 3
13512679572 3
15164515635 3
13904544244 3
15245451585 3
15245451581 3
15246476418 3
13945487940 3
13946404382 3
13614697112 3
13603696992 3
13836607713 3
13684541634 3
13555587398 3
13945467104 3
13803666386 3
13945467414 3
13644540733 3
15164516366 3
15946554082 3
13604864053 3
15246492281 3
15246475829 3
15246460868 3
13704869824 3
13946409024 3
13704869401 3
13845419084 3
15164511828 3
15246472239 3
15246496391 3
15246496396 3
15204542048 3
13555581107 3
13684540995 3
15045403611 3
13846174627 3
15246496403 3
13684542815 3
15245487644 3
15246496373 3
13644549894 3
13734544478 3
13644548839 3
13846179714 3
13904548913 3
13845471378 3
13644549735 3
13664540038 3
15246496471 3
13946423214 3
13946459152 3
13796352377 3
15845457332 3
13836600465 3
15145456989 3
13845400757 3
13845400125 3
13512671390 3
13846130427 3
15045408779 3
13555586174 3
13846192076 3
13734543130 3
13846152273 3
15045404860 3
13603694663 3
13836651070 3
13945457113 3
15046463580 3
15046463142 3
13846174050 3
15845400601 3
15845400605 3
15204541078 3
15245459128 3
15245459129 3
13624542213 3
15164519918 3
13846190722 3
13614693085 3
13946472315 3
13903686330 3
18745491827 3
13946455110 3
15804548822 3
13614541357 3
13845474035 3
13846152846 3
13664549769 3
15245455992 3
15145498448 3
13946473201 3
13836662041 3
15245457878 3
15945885233 3
13946428062 3
13836645979 3
15946561733 3
15046461055 3
15245457102 3
13734545781 3
13803660935 3
15846997311 3
15245459305 3
15245459307 3
13644546965 3
15045419236 3
13734545621 3
13734545823 3
13644546853 3
13614544703 3
13845450799 3
15245450202 3
13634546691 3
15045402570 3
13555591232 3
15145487714 3
13836615354 3
13512669200 3
18745462656 3
15204545277 3
15145458437 3
15145451260 3
13704542945 3
15845459765 3
13504543209 3
13624546085 3
15204542466 3
15145491313 3
15904547171 3
13512672115 3
13945460182 3
13846169016 3
15845402508 3
13836644354 3
15245427999 3
15204548780 3
13846139493 3
15904548313 3
13664548964 3
15246475220 3
15246474935 3
15246472769 3
13904544018 3
13946401154 3
13846199506 3
13512687976 3
18845498960 3
15246478007 3
13512647709 3
13604866659 3
13845415427 3
13903686464 3
15246473069 3
15245453986 3
13512698320 3
13803668506 3
15246473408 3
15245453219 3
15245453360 3
15846991584 3
13684546702 3
13684546703 3
13903684974 3
15845457282 3
15945885014 3
15945885024 3
15046490864 3
13512672733 3
15945881030 3
13604545574 3
15245480849 3
15845405337 3
13846166637 3
15946553554 3
15046463643 3
13734544129 3
13555583009 3
13845415097 3
15145458104 3
13614695733 3
15804544158 3
13945479598 3
15045407084 3
13504549433 3
13836657034 3
13945483924 3
15245486727 3
15245482657 3
13846183821 3
15245486465 3
15845453406 3
13846132453 3
15145455564 3
13846135754 3
13904545680 3
13704861599 3
15245483281 3
15045409438 3
13945461473 3
15145457729 3
13555586353 3
13946447617 3
13846187851 3
13845457548 3
13946446913 3
15046496735 3
13555597403 3
13946446316 3
15245487818 3
13946407886 3
13946407973 3
13946447949 3
15045414285 3
15245487808 3
15204543000 3
15245486068 3
13846178491 3
13846182958 3
13845477204 3
15245483709 3
15845452831 3
13836664934 3
13845456074 3
15904543865 3
15046492357 3
15046491225 3
13836615648 3
15245487876 3
15245483398 3
13845404765 3
18724224653 3
15804547881 3
13614691454 3
13845404371 3
15204541468 3
15045410608 3
13846142474 3
13904544703 3
13845476794 3
13946457261 3
15204546564 3
13845414819 3
15245455287 3
13846150984 3
15164517796 3
13836661135 3
13945462926 3
15164518819 3
13836655884 3
15845400887 3
13803653754 3
13845406531 3
13945473969 3
13644542404 3
13684543671 3
13846142067 3
15045402028 3
13846151464 3
13846196204 3
15045405029 3
13704545038 3
15245455524 3
15245451588 3
13945461755 3
13846135794 3
13603691925 3
13684541604 3
13512680843 3
13846163486 3
13512687374 3
13845413324 3
15245457550 3
13846186294 3
13945483993 3
15164517820 3
15245457633 3
13946422081 3
13512647924 3
15046491286 3
13634542874 3
15904541792 3
13512675740 3
13845412364 3
13604547316 3
13512672681 3
15045401559 3
13555581922 3
13946457753 3
13614691394 3
13604864254 3
15145459791 3
13903682914 3
13845415914 3
13845416504 3
15845452011 3
13803660769 3
13604863861 3
13614694264 3
13512673759 3
13634540552 3
13845472680 3
15245483778 3
13836646534 3
13512687554 3
13603696784 3
15245481145 3
13634547704 3
15245455220 3
15245455278 3
15945402180 3
15046461895 3
13664545786 3
13846156300 3
15245486155 3
15845453163 3
13624546766 3
13846139021 3
15245485612 3
13684541074 3
13836661415 3
13512676874 3
15945403785 3
13512677354 3
13624540416 3
15245489667 3
13555585696 3
13704864528 3
13704546504 3
13624542864 3
15245480626 3
13734544350 3
13684545804 3
15245482454 3
15945881512 3
15946562858 3
13846172440 3
15245481511 3
15245481633 3
13945483168 3
13555580462 3
15046461216 3
15245451278 3
13704545824 3
13796352804 3
15245481637 3
15245457179 3
13845471637 3
13684543014 3
15245454647 3
15046495696 3
13614698271 3
13624545514 3
13734549805 3
13624549105 3
13624549106 3
15245451268 3
13945479878 3
13512667364 3
18845495240 3
13946403769 3
15245455857 3
15245480606 3
13846142300 3
15845404900 3
13836648626 3
13946452780 3
15945883678 3
15245455796 3
13845410386 3
15045401651 3
13945480226 3
15845450299 3
13845410520 3
13634543806 3
15045410019 3
13846170628 3
15245406789 3
13504546624 3
15245458022 3
15945881918 3
13624549843 3
13836601424 3
13604867296 3
13604867370 3
13504697581 3
15804544579 3
13512672529 3
13555585896 3
13945487505 3
15904541781 3
13945466106 3
13555588753 3
13845412585 3
13614544239 3
13704545889 3
13614544235 3
15845450965 3
13946471402 3
13845451878 3
13614692887 3
13903683147 3
13845414018 3
15845457675 3
13624540409 3
13624548857 3
13624542397 3
13512681929 3
13945482745 3
15145458935 3
15204541311 3
13846169398 3
15945889481 3
15245459199 3
13555592848 3
13946421018 3
15245459210 3
15245459300 3
13946409378 3
15145492456 3
15145490456 3
15204540723 3
15245489345 3
15245459707 3
15045405633 3
15245459780 3
15245459737 3
13903684438 3
15245459773 3
13504698418 3
13945483465 3
13796352080 3
15904548166 3
15946566242 3
13903686906 3
13846171783 3
15245481512 3
13644549683 3
15245452403 3
15245452482 3
15246471766 3
15945400834 3
15246471788 3
15245453450 3
13836604654 3
15045405804 3
13845458504 3
15245453459 3
15904543209 3
15245453505 3
15846996809 3
15846996737 3
13946403465 3
15246478919 3
13604545985 3
15245452695 3
13664540294 3
13946424052 3
15845401074 3
15145489727 3
13803657726 3
15804542054 3
15204544573 3
15845455664 3
15145450029 3
15904545104 3
15845457659 3
