15164515231 3
15204542462 3
15204543842 3
15845450998 3
13836642068 3
13946458783 3
13836642408 3
15204545427 3
13836642418 3
18245482736 3
15045405973 3
13904545437 3
15845452340 3
15246479523 3
13504698241 3
13846142507 3
13846142979 3
13803664761 3
13945474635 3
13836604371 3
13945462172 3
13734548916 3
15946555926 3
13946471720 3
15214668381 3
15214667340 3
15804541910 3
13946450714 3
15245485702 3
15245485701 3
18845422348 3
13512645213 3
15214666782 3
15214664169 3
13624542906 3
13836660439 3
15245458085 3
13664544194 3
13614691835 3
13946427484 3
13512644314 3
13796357993 3
13512663561 3
15214668810 3
13846175879 3
15245488307 3
13903683962 3
15164510018 3
13512642828 3
15845459908 3
13946440781 3
13512663923 3
15846990348 3
15846990398 3
15145451622 3
13555587762 3
13945485902 3
13603691306 3
13903686878 3
13846152937 3
13634541036 3
13803662940 3
13904544188 3
15145456582 3
15046469817 3
13836652475 3
15046498433 3
13846182532 3
13836641800 3
15846992901 3
13512643709 3
15214669218 3
15214669258 3
15946556432 3
13704861540 3
13945471287 3
13644541696 3
13946443263 3
13946440716 3
13836663839 3
15946555587 3
13555588323 3
15046493205 3
13836666371 3
15045400182 3
15946565385 3
15046492100 3
15046467569 3
15046467596 3
15246492204 3
15145454620 3
15046493093 3
15946564894 3
15246461316 3
13845413438 3
13664540635 3
15145498978 3
13846173952 3
13903684021 3
15214663021 3
15245459293 3
13796355046 3
15946556894 3
13845477614 3
13504697254 3
15046467214 3
13846175998 3
13624545134 3
13504543136 3
13846173986 3
15214664258 3
13644545805 3
13512646233 3
15246492915 3
13846182159 3
13614694077 3
13624542466 3
15246493301 3
13734542655 3
15246474019 3
13836664788 3
13796356274 3
13845452765 3
15845402644 3
15164514074 3
15246474029 3
15845453883 3
15164515813 3
15246474124 3
13803659738 3
13836655022 3
13846160336 3
15145451298 3
13603691348 3
15045416174 3
15804541363 3
15246493329 3
13846173298 3
13945455198 3
15246493253 3
18745481088 3
15204543228 3
15246485515 3
15214666097 3
15214666096 3
15246471033 3
15845455655 3
13684542684 3
13846143424 3
13836606575 3
13946455084 3
13684544564 3
13796358585 3
15145450554 3
13664547038 3
15946554607 3
13946473634 3
13604867565 3
18745498626 3
18745488505 3
15245483805 3
18745498664 3
18745492269 3
18745488850 3
13803666104 3
13803666354 3
15045410103 3
15214666968 3
15945884619 3
13604540354 3
18745496311 3
18745496266 3
15164515530 3
18745496599 3
18745496161 3
18745496291 3
13704545592 3
15804540184 3
13644544540 3
13836602297 3
13624542755 3
13512689449 3
13604541225 3
15046490767 3
13803651605 3
13512699057 3
15046499947 3
15245458826 3
13803659706 3
15845406312 3
13684540164 3
15945401069 3
15245480258 3
13945477384 3
13704862667 3
18745481060 3
15204544380 3
18745484686 3
15045406249 3
13946443376 3
13836604286 3
13945476645 3
15145496240 3
18745481558 3
18745491231 3
18745498939 3
15245488747 3
18745485580 3
18745499906 3
13504540198 3
18745498900 3
13555591390 3
13604547230 3
13836655848 3
18745499913 3
18745499598 3
18745496200 3
13846176036 3
15904540855 3
18745499967 3
18745496277 3
13945498691 3
13644549750 3
15846996294 3
13946458233 3
13946405904 3
18745499845 3
18745492113 3
13704542259 3
18745496426 3
13946401157 3
13704547230 3
18745488335 3
13845470724 3
18745488332 3
13946420763 3
13836640052 3
13836651574 3
15145452965 3
13664543637 3
15804544285 3
13846148208 3
13945462178 3
15046490911 3
13945450076 3
13796350603 3
15046468086 3
15945881886 3
15045407995 3
15945882339 3
15246471022 3
15846995189 3
13846175618 3
13846174518 3
15046494518 3
15946562822 3
13945452878 3
13945485927 3
15804549216 3
15204547008 3
13846148643 3
13555586365 3
13555586301 3
15045419383 3
15246494657 3
13846188451 3
13846172212 3
13945463211 3
15145494580 3
13504545398 3
15246483566 3
15045408650 3
13945456339 3
13846181991 3
13846172374 3
13634543056 3
13946400211 3
13604865301 3
15046466970 3
13845417285 3
15904544441 3
13634543176 3
13945485718 3
13836652049 3
13946407074 3
15204543736 3
15046464956 3
15246471822 3
15945882365 3
15945882197 3
15246471833 3
13734542654 3
15164513645 3
13845478106 3
13704860524 3
13845478539 3
15214665876 3
13945466318 3
13946472067 3
15214664566 3
13704866531 3
15145487890 3
15246485833 3
13555590183 3
13846152633 3
15145456525 3
15145499523 3
13512645959 3
15945885590 3
13803652038 3
13684544335 3
13946442044 3
13846189729 3
15045406266 3
15946554677 3
13624549972 3
13512649378 3
13803662071 3
13846176360 3
13512648428 3
13945479509 3
13846181785 3
15045411513 3
13945486424 3
15246470411 3
13946442998 3
15245458678 3
13845472026 3
15845455710 3
18745488599 3
18745488577 3
18745488566 3
18745488840 3
18745488823 3
18745483158 3
18745485988 3
18745485886 3
18745485885 3
18745494549 3
18745498765 3
18845426166 3
13845473607 3
13512683490 3
15046468020 3
15845406134 3
13845412854 3
18745485007 3
18745483636 3
13946404721 3
13634543251 3
15246470655 3
13846153574 3
18745488856 3
18745495959 3
13604549598 3
18745493939 3
15214666656 3
15945881658 3
18745488116 3
13614690755 3
15214545666 3
13614690716 3
18745498181 3
15946561816 3
13845457129 3
15945401937 3
15145458902 3
18745498985 3
13846157214 3
18745488097 3
13644549957 3
13664548950 3
15945403415 3
18745488001 3
18745492286 3
13664544651 3
18745498986 3
18745499059 3
13946452476 3
15145494397 3
15945880213 3
15804541786 3
13803651074 3
15804545030 3
15145496980 3
13845404289 3
13704865328 3
15045404964 3
13946443673 3
13845415988 3
18745499896 3
15945403890 3
13945459664 3
13946442564 3
15904541347 3
13624545688 3
15046495542 3
13512678340 3
18745499688 3
15945885010 3
15214666967 3
18745499225 3
13664540915 3
15945880384 3
13845450715 3
13846171500 3
18745498759 3
15846998431 3
13845475938 3
18745486366 3
13846158389 3
13945469146 3
13846199010 3
13846181625 3
18745492088 3
13512660828 3
15145459039 3
13946454054 3
15214663205 3
15214663605 3
18745483558 3
13512687114 3
18745488553 3
15145454795 3
13704868771 3
15046461142 3
18745498540 3
13945498864 3
13946440914 3
15246495789 3
18745498114 3
18745498374 3
18745498104 3
13512663445 3
13946447450 3
18745498146 3
15904545288 3
18745499981 3
15204542001 3
13604863896 3
13644548677 3
13614692744 3
18745488226 3
15246465341 3
15946568488 3
18745499904 3
18745493966 3
15945888319 3
13803667981 3
15145492404 3
13846187533 3
15145494242 3
15145492027 3
15204548644 3
13846165232 3
15045419480 3
15045419481 3
15045419486 3
13734543474 3
13604864751 3
18745488957 3
15245485990 3
15045419490 3
13846178101 3
15804548667 3
15045419496 3
13903686217 3
15145495712 3
15164519867 3
15145488671 3
13945471983 3
18745496261 3
13512681545 3
13846157705 3
15145497859 3
18745496371 3
18745485866 3
15164517540 3
13846167443 3
18745483299 3
13624540142 3
15946552532 3
13945484266 3
13512645514 3
13846195487 3
13903682418 3
15145490538 3
13512649060 3
18745484928 3
15945881953 3
18745496417 3
18745496427 3
18745496434 3
15145450411 3
13946445844 3
18745496582 3
15946569932 3
18745491455 3
13945474667 3
15245458216 3
15204541300 3
13836659338 3
15214667181 3
15214667182 3
13604549564 3
13704545785 3
13684541024 3
13946420840 3
15204541781 3
15804543351 3
15945402520 3
15046461129 3
13803661524 3
15045404235 3
13836640869 3
15204540609 3
15945882903 3
15145452997 3
13604548677 3
13836657156 3
13603699921 3
13603697384 3
15214662216 3
13946454937 3
15245458920 3
15946552214 3
15204540755 3
15246482577 3
15246482677 3
15046460515 3
18745498865 3
13846150738 3
15245480347 3
18745498782 3
15846992414 3
18745498783 3
13903687262 3
18745495478 3
13945464881 3
13614697823 3
13614697849 3
18745497211 3
13664546412 3
18745497249 3
13664546979 3
18745496487 3
13603694449 3
13555584644 3
18745496540 3
18745481822 3
18745482002 3
15204545010 3
15204549087 3
15204549092 3
15204549096 3
15204549101 3
15204549103 3
15204549110 3
15204549115 3
15204549120 3
15164515606 3
15246462285 3
13512645403 3
13946424315 3
13946427476 3
13734540032 3
13512675371 3
18745477620 3
13945484254 3
13846177814 3
13846130994 3
15246470168 3
13555592536 3
13836603360 3
13704548157 3
13674544847 3
13624540267 3
15246495055 3
18745491949 3
18745488011 3
13803659439 3
13836604894 3
15945887534 3
18745499757 3
13846146390 3
13946429720 3
13644544273 3
18245469499 3
13796351524 3
18845414222 3
13704860404 3
13946424936 3
18745499120 3
13504547504 3
13946422719 3
15145457798 3
18745485880 3
15164517877 3
18845422551 3
15145456083 3
18745498282 3
13704549322 3
18745493454 3
13512640216 3
18745498559 3
13846166303 3
15145487433 3
15145454785 3
15045402748 3
18745499636 3
18745482115 3
18745488318 3
13555584658 3
15046460249 3
18745498656 3
18745481187 3
18745485040 3
13734543464 3
13904547626 3
15245453480 3
18745488442 3
13846164927 3
15046469659 3
13624541164 3
15245485700 3
18745485756 3
18745490765 3
15245453482 3
18745481887 3
18745491168 3
18745499138 3
13684544261 3
15246470110 3
13946452404 3
13614544611 3
18745499576 3
18745499485 3
18745488050 3
15246462714 3
13664540378 3
18745496630 3
18745498919 3
18745488448 3
18745488443 3
13684548139 3
18745497558 3
15246461010 3
15246461212 3
18745482520 3
15245450374 3
15904547954 3
18745492534 3
18745484577 3
18745496811 3
15246478761 3
13796354748 3
18745485277 3
13504542286 3
13946472764 3
13846198085 3
18745483609 3
15245480459 3
15246487117 3
18745488922 3
13512671945 3
13796359260 3
15245484858 3
15045411879 3
13664545131 3
15246494427 3
13504699132 3
13504546032 3
18745498766 3
15246467169 3
13512680550 3
15145492087 3
15204546410 3
15846993875 3
18745499850 3
18745466682 3
18745488256 3
18745496109 3
15145451307 3
18745496117 3
15204547347 3
18745496124 3
18745490369 3
15045413624 3
18745496174 3
13836648054 3
18745496184 3
15245489384 3
13803658894 3
13614541283 3
13904546953 3
18745485150 3
15846992269 3
13796353491 3
18745488722 3
18745485871 3
18745485568 3
13845452055 3
15845458660 3
18745451888 3
15246485564 3
18745488355 3
18745485200 3
18745496235 3
18745485976 3
18745499728 3
13846193944 3
18745499248 3
13634542960 3
18745493389 3
18745491226 3
13555595755 3
13945475044 3
15145450807 3
13504546952 3
18745499209 3
13846184522 3
13945454933 3
13845457783 3
15045417445 3
18745498849 3
15204542093 3
18745499734 3
18745496304 3
18745485980 3
18745496310 3
13704546503 3
13945498245 3
18745485504 3
13604866462 3
18745496325 3
13604867971 3
18745483695 3
13845406043 3
18745493119 3
15214667942 3
15846996853 3
15904547248 3
15045405143 3
15946556243 3
13946473064 3
13846137349 3
15145496326 3
13504543996 3
15845455518 3
13803654751 3
13836649318 3
18745486189 3
13945455272 3
13803654752 3
13734546353 3
13734546392 3
13614695344 3
13734546393 3
15145487941 3
15945881949 3
13903682318 3
13604865834 3
15046466170 3
13945477903 3
15145450199 3
13634545650 3
13845413387 3
15246465542 3
13846155325 3
15245482343 3
13903681875 3
15246468301 3
13846182074 3
15245459022 3
15946560384 3
15945403276 3
15246460596 3
13614691481 3
13946405494 3
15204547379 3
13664542539 3
15246469224 3
13614694890 3
15145458662 3
15246465865 3
15045405434 3
13836648301 3
15045417524 3
13836640075 3
13846188561 3
15246485768 3
13644543706 3
15145452758 3
15145497104 3
13614699786 3
13512681949 3
13604863076 3
15204545205 3
15246461799 3
13903689837 3
13603692856 3
13512663364 3
15945880115 3
15246465199 3
15145498218 3
15145493553 3
13845472911 3
13846132276 3
13945465852 3
13946425517 3
13946425718 3
18745496399 3
18745483389 3
15145457966 3
18745498776 3
15145450988 3
15845406511 3
18745488525 3
18745488526 3
13504547507 3
15145457797 3
18745499121 3
13504696505 3
13845473072 3
13836653480 3
18745488218 3
13945473437 3
13624544395 3
13555597840 3
15246461768 3
15904545799 3
15145456968 3
13684542802 3
13512666530 3
15246494998 3
13634547536 3
13846165423 3
13836653904 3
15245457734 3
15246464494 3
13664549327 3
13846192354 3
15145454305 3
13846135890 3
15246494899 3
15246494877 3
15246476871 3
15246465277 3
13846150710 3
15946560399 3
13846171764 3
13603694346 3
13604865186 3
15046466111 3
15164511333 3
15045418839 3
15246473027 3
18324546488 3
13846178454 3
15246472193 3
13512673390 3
15046469395 3
13555597114 3
15045408549 3
15946553585 3
15946551516 3
13845411672 3
15945889489 3
13946471619 3
13846173164 3
13846172891 3
15246469003 3
15246478405 3
15164516072 3
13845453077 3
13614692854 3
13614695004 3
13796353162 3
15246478446 3
15246467194 3
15246477224 3
13512644826 3
15246469113 3
13614690151 3
13846184496 3
13946400769 3
15246462394 3
13946421809 3
13504544394 3
15046491714 3
15904544564 3
18204545612 3
13845412201 3
15204547410 3
13512646384 3
15046462798 3
15246476820 3
15246463599 3
13846134414 3
13846134424 3
13846134474 3
15904542530 3
13624546218 3
15246464615 3
13845414631 3
15204545437 3
13846161484 3
13845404024 3
15246476830 3
15246462776 3
15204546371 3
13684543205 3
15046466401 3
15245457160 3
15246476453 3
15246463030 3
13796359298 3
13845417634 3
13504549336 3
13846141521 3
15946562446 3
15246468337 3
13946426775 3
13684540147 3
13945486530 3
13846173457 3
13614691161 3
13946409745 3
13624545516 3
13624542378 3
13946400484 3
13644543675 3
13512649187 3
13504545904 3
13846144424 3
15246462992 3
15246464166 3
15246462911 3
13684544630 3
15246463955 3
15246463633 3
13684549573 3
13614693473 3
13614693483 3
13644685793 3
13846193591 3
13846151694 3
13846163694 3
15246463392 3
13946454873 3
15246464015 3
13846190204 3
13846182024 3
15246462664 3
13845404514 3
15246464121 3
13946420274 3
13846140834 3
13946420354 3
13846194224 3
13903680934 3
13945475278 3
15246464158 3
13946425884 3
15246462259 3
15246464149 3
15164515925 3
13945484174 3
13945464014 3
15246474802 3
13946474991 3
13704545279 3
15245455005 3
15904546084 3
15945886548 3
15845406400 3
13846179154 3
13836663179 3
13945497504 3
15246472273 3
15946560848 3
13803651669 3
13845452940 3
13945486494 3
13845455251 3
13845455253 3
15845453030 3
15246468485 3
13504549314 3
13644549601 3
15246469744 3
13836659067 3
13946454820 3
15246468489 3
15245484487 3
13512694766 3
15046466968 3
13845475726 3
13555592938 3
13945457049 3
13644545835 3
15945884757 3
13946421471 3
15845409784 3
13946405484 3
15246477905 3
15246469269 3
13604542400 3
15045418750 3
13845409247 3
13846183767 3
13504698894 3
13836643829 3
13945458219 3
13846185167 3
13704540219 3
15904546646 3
15045415495 3
13846132164 3
13945464635 3
15246465576 3
13946400385 3
15246496262 3
15246473409 3
15246477840 3
13846185304 3
15246476107 3
15246468311 3
15145488222 3
15904546385 3
15846997235 3
13945462764 3
13846183934 3
15246468686 3
15246468136 3
13903682096 3
13512665556 3
15946556925 3
13846180825 3
13845457043 3
15846996229 3
13845457065 3
15804546110 3
15804547995 3
13604547067 3
15246477678 3
15246465596 3
15845450514 3
13836653802 3
13604547273 3
15246469364 3
15164517221 3
15246462599 3
13845401199 3
13846182754 3
13946456158 3
13946421577 3
13946455415 3
15845450595 3
13624549034 3
15245452308 3
13704864912 3
15045406377 3
13946401514 3
15204546411 3
13504541076 3
15164513364 3
15845400257 3
13845477144 3
13836654507 3
13903689274 3
15246472271 3
13945499713 3
15164511735 3
13846141315 3
15246461515 3
13555593322 3
15845454044 3
13846173632 3
13644541167 3
13904544054 3
13704863591 3
15846990662 3
15246468371 3
15164513848 3
13624540904 3
13614691808 3
15246468589 3
13704864576 3
15246469100 3
15246468785 3
13836654191 3
13903687661 3
15245480760 3
13803656648 3
15245483082 3
13803661263 3
13604864667 3
13904544974 3
13945487074 3
13704544539 3
15946561276 3
13684545923 3
15245488682 3
13836646547 3
15246476957 3
13836659634 3
13644549532 3
13945464361 3
15246465820 3
15204542087 3
15845406451 3
13624546891 3
13604866048 3
15246469096 3
13946455903 3
15246466879 3
15145499248 3
15845455569 3
15246471177 3
15904547754 3
13946441871 3
15246468579 3
15246465808 3
15145456004 3
15845455535 3
13504545090 3
15145489984 3
15246469197 3
15246466988 3
15245481657 3
13903681629 3
15246471168 3
15246467988 3
15946564312 3
15245488218 3
15246466099 3
15945400067 3
13903686414 3
13704541229 3
13504541505 3
15164515311 3
15246475311 3
15246461797 3
13644545911 3
15164514511 3
13903681959 3
15246460014 3
13903681626 3
13846143832 3
15246461778 3
15246461755 3
15164519165 3
15845453884 3
13614544257 3
13704545457 3
15245488085 3
13604863818 3
15246465729 3
13846186074 3
15945881790 3
15214663577 3
13845415906 3
13624540298 3
13512644768 3
13945456203 3
13945455791 3
13504547165 3
15804544031 3
15845451174 3
15214663556 3
15246463158 3
15145455893 3
13603691817 3
15045404863 3
13846149025 3
15204543835 3
15214661009 3
13634546232 3
15214665042 3
15164516253 3
13946457593 3
13604542585 3
13512685131 3
15946551009 3
13604867753 3
15046499412 3
15246461880 3
15246468206 3
13734544910 3
15246466618 3
15246468925 3
15246489876 3
15245488759 3
15204540953 3
13946422264 3
15904544834 3
15246464989 3
15804541553 3
15246469275 3
13555580372 3
13946400884 3
15246465217 3
13946445851 3
15246466586 3
13946403931 3
15946565514 3
15214665366 3
15246472136 3
15204544634 3
15045413174 3
15045419111 3
13846165434 3
15214665257 3
13555592174 3
15246462246 3
13945462645 3
13603692138 3
13946447730 3
13846163263 3
13512641543 3
18745481866 3
18745491915 3
18745484677 3
18745483691 3
18745483935 3
13846167489 3
13846154741 3
13946472174 3
18745498728 3
18745488657 3
13903689602 3
13644546906 3
13734546526 3
13734546613 3
15846991934 3
13734546975 3
13704544753 3
15846992094 3
13903683605 3
15214665989 3
13555596503 3
13512682685 3
15246466575 3
13946440117 3
15145491935 3
13803654665 3
13512646786 3
13846157895 3
15945887645 3
13946453222 3
13845404801 3
15246477434 3
13512646057 3
13684549435 3
15046499452 3
13734544385 3
15246468535 3
13803657622 3
13634543565 3
15164515627 3
13846167002 3
15214663806 3
15246466582 3
15214665882 3
15246492346 3
13604866329 3
15846994684 3
13846195924 3
13903689210 3
15164519024 3
15945884468 3
15246464527 3
15164511291 3
13846165945 3
13836653814 3
15214663870 3
13836659210 3
15246479259 3
15214663734 3
15214660884 3
15845453894 3
13846140260 3
15214662785 3
15246469632 3
15214660704 3
15945886978 3
13846158575 3
13845404628 3
13846152308 3
13946400533 3
15904542284 3
13946400684 3
15214665671 3
13846194967 3
13904546740 3
13836662409 3
13644684103 3
13674549862 3
15246465418 3
15246469574 3
15246469584 3
15246465989 3
15946563164 3
15946566150 3
13704862760 3
13846181906 3
13704548435 3
15164515857 3
15045413529 3
13603698586 3
13846197913 3
13845477268 3
15164513828 3
13504544907 3
13624544407 3
13624547604 3
13946423925 3
13634541817 3
13945499174 3
15045401635 3
13624540020 3
13624544423 3
13604544443 3
13945458637 3
13946424445 3
13945480693 3
13604546923 3
15145455554 3
15204544422 3
15246478466 3
13945474446 3
13555593682 3
15246478226 3
15946556874 3
15245488973 3
13704869573 3
15246472456 3
13846162137 3
15804543433 3
15845455521 3
15246465413 3
15845455543 3
15904546574 3
13845453274 3
13846165304 3
13664547724 3
13604541682 3
15214660053 3
15845400478 3
15214660107 3
13845419573 3
13845419483 3
15245486644 3
13846150897 3
13946453541 3
15246477201 3
13555592227 3
15246477203 3
13946454942 3
13946403820 3
13624541014 3
13603696152 3
15246463055 3
15945882314 3
15145494477 3
15945886728 3
15045413114 3
13803657714 3
15245484448 3
13664544443 3
15246462410 3
15945404446 3
13836642224 3
15214661699 3
15214661303 3
13846156964 3
15145499044 3
15846994894 3
13644545989 3
15214660973 3
15904544188 3
13684542699 3
13684540877 3
13624653866 3
15246479930 3
15945404576 3
15945883175 3
13734543069 3
13734541086 3
15246468007 3
15214660621 3
13945487724 3
15145454441 3
15145450004 3
13614698942 3
15246450666 3
13946424504 3
13846170364 3
15945401984 3
13846175413 3
15204545800 3
13734549134 3
15214661216 3
13945485205 3
13734542224 3
15845408641 3
13664548945 3
13624540744 3
13845419412 3
13684549374 3
13946441497 3
15045411058 3
13512685868 3
15214661339 3
13555593285 3
13946406998 3
15246475786 3
13945461429 3
15204542913 3
13512681293 3
15246465843 3
13803650722 3
15246465755 3
13946474608 3
13846146840 3
13945476019 3
13603697256 3
13903685940 3
13684545995 3
15145494188 3
13845478338 3
15246469318 3
13945462848 3
15946556964 3
15945403552 3
13946472833 3
15845404054 3
13846162574 3
13904547973 3
13945453754 3
13945454964 3
15214661867 3
13684540754 3
13946455207 3
15946552112 3
13684540357 3
15245481135 3
13836608914 3
13945462614 3
15946554355 3
15246464623 3
15945883772 3
13664545271 3
15246464620 3
15246467100 3
15246461562 3
13684549073 3
15246461713 3
15246485488 3
15246477467 3
15045403239 3
13512660751 3
15164517631 3
15246479314 3
15945401430 3
13846150663 3
15245455503 3
15246478794 3
13946445034 3
15245452213 3
13945486478 3
13945480758 3
13845416462 3
13845404405 3
13946424184 3
15214661376 3
15245487265 3
15214663365 3
15214663269 3
15246464566 3
15214663236 3
13846165454 3
15214663233 3
13624548394 3
15164511354 3
15245456384 3
13614692755 3
15246464973 3
15845405499 3
13512661723 3
15904542063 3
13946424304 3
15246469617 3
15204543516 3
15946552536 3
15164515078 3
15214661976 3
13845401043 3
13512685115 3
15164516616 3
15246496438 3
13604863810 3
15246469775 3
13614692497 3
13604864805 3
13846182540 3
13512643727 3
15246464696 3
15246467840 3
13946449342 3
15245480057 3
13512644480 3
15145495090 3
15245481932 3
13946421984 3
13504544629 3
13845407854 3
15845403474 3
15845402413 3
13945472024 3
13946421434 3
13836643701 3
13684544440 3
15245484400 3
13846171504 3
13664544440 3
13555592843 3
15214668168 3
13945475065 3
15845404997 3
15164519141 3
15164510714 3
18245493163 3
15246462189 3
13945471875 3
15214665665 3
13845405467 3
15246468522 3
15164517374 3
15246463110 3
15246465138 3
18845406827 3
15904540640 3
13946473043 3
15046468429 3
15846991314 3
18324544418 3
15845403938 3
18249242046 3
18249242535 3
18249245887 3
15804545857 3
15845401969 3
18845423636 3
15204540210 3
13604548007 3
15145451488 3
13504542552 3
13846141146 3
15904546293 3
15046498756 3
15804542443 3
13846154001 3
13555599403 3
15804547191 3
18845423960 3
18845423006 3
15946550189 3
18249821884 3
15046464802 3
18245498950 3
15945404927 3
13945470109 3
18724223769 3
18845481295 3
18845422685 3
18245486899 3
13946447962 3
18245458800 3
18324544879 3
18845427158 3
18745476185 3
18249826662 3
15046492475 3
13504698932 3
18724543733 3
18245498010 3
18804548892 3
13555598645 3
18745486633 3
18845413117 3
13946471100 3
18249822722 3
18745496346 3
18804548891 3
18324543856 3
18245488387 3
15946552298 3
15904540998 3
13846168813 3
18724217755 3
18204543351 3
18249252233 3
13846187328 3
18845480159 3
13846148332 3
18845412323 3
18204548032 3
18245466557 3
18245489952 3
18845400933 3
13846144547 3
18845496858 3
18324544328 3
18845496875 3
15946551935 3
18845427234 3
15145453318 3
18845402461 3
13845459926 3
18845408224 3
18324541085 3
13846164102 3
18845423366 3
18745470508 3
18304548998 3
15246488681 3
13945474584 3
15164518421 3
13846151706 3
18845489330 3
13644549361 3
18845486321 3
15246497771 3
13846187772 3
15845405046 3
18804548837 3
18304548087 3
13836644983 3
15945880740 3
18245481353 3
18804548862 3
18804544393 3
13512645895 3
15804549754 3
13512647469 3
15845404603 3
18845413101 3
18745453366 3
18249242991 3
13803658697 3
15045402444 3
18745488125 3
13803664959 3
18745486715 3
15145491533 3
18724548482 3
13684544942 3
18204547317 3
18204547857 3
15046497773 3
18845423123 3
18745478882 3
18845408976 3
15904541662 3
15946550134 3
15846992225 3
18845493288 3
18324543839 3
18845400672 3
15214667894 3
18714540349 3
18245456962 3
13946450960 3
15246494733 3
13684549145 3
13512671135 3
18204541698 3
13512663413 3
13945464269 3
13555583693 3
13555594369 3
13836660732 3
18245487082 3
15246488058 3
15046499776 3
18804542200 3
18245470480 3
15145488725 3
18745454913 3
18845408909 3
15045408811 3
15046491177 3
13512670265 3
13512688748 3
15145451889 3
18245488926 3
13846166089 3
15145487817 3
13684544660 3
13846138221 3
13555582242 3
15246486237 3
18304544096 3
18724217782 3
13614544117 3
15246487119 3
15845403121 3
13803660172 3
18845496867 3
18845496881 3
13803651939 3
15845407085 3
15946560289 3
18845496859 3
15946561468 3
13664541913 3
18845484949 3
15246475099 3
18845404250 3
18304543639 3
13504549655 3
15845403750 3
18845496839 3
13684549496 3
13836650257 3
13836657221 3
15845403540 3
18724222356 3
18304548411 3
15246468416 3
18845496829 3
13624548094 3
13704546318 3
13803663589 3
18745463695 3
13664548717 3
18845496828 3
18324540280 3
18724223619 3
13512681070 3
18324542299 3
18249268477 3
18724217298 3
18245466272 3
13512648190 3
13945480642 3
13946494743 3
13946457124 3
18324543979 3
13664548278 3
18845407200 3
18845408986 3
18845496266 3
13846151682 3
13624541835 3
18324546686 3
13904545083 3
18745496323 3
13845413971 3
15145459097 3
18845487209 3
15246498290 3
15046493355 3
13836608574 3
15246469900 3
15246493680 3
18724223778 3
13845412189 3
18845414190 3
18845425151 3
15046491201 3
15804541167 3
18249259606 3
18245469210 3
13846167685 3
15945883376 3
18249821172 3
15046460079 3
18245478158 3
18249251926 3
13946456179 3
13846137794 3
13836646470 3
13634540427 3
18845488823 3
13734545697 3
13796350255 3
15845450793 3
18845401367 3
18745461431 3
18845412900 3
15945402114 3
15945882248 3
15945881557 3
18745472847 3
18249260855 3
13846147595 3
15904548058 3
15046493366 3
18249828350 3
13945462623 3
13836648053 3
13836669326 3
18845414033 3
13846190377 3
18745467620 3
13946427701 3
18845483489 3
15245452223 3
15145450312 3
15145492355 3
18324541630 3
13846130096 3
18845492962 3
13836662059 3
15245450747 3
18845489354 3
18245474049 3
13604868283 3
18245469118 3
18324549555 3
18304540690 3
18845422337 3
18845422338 3
13664540868 3
13945456217 3
13512645728 3
13604866841 3
18845415599 3
13846189228 3
13845472050 3
18804548283 3
18324541213 3
13845472536 3
13634547018 3
18204549885 3
18714543655 3
18245473077 3
18845422468 3
15046494868 3
15846997991 3
15245458090 3
18324543218 3
13846179043 3
13555590918 3
13555593906 3
18304548327 3
15845451939 3
13846152082 3
18304549493 3
18324544033 3
13555581596 3
15245451529 3
13555582853 3
13845471910 3
13644541543 3
13845479725 3
13555596308 3
15246485856 3
18724548484 3
13734541822 3
13555580445 3
13836668171 3
15945886694 3
18804542940 3
18845496590 3
15845400069 3
13512679967 3
13903689382 3
13946447710 3
13845474912 3
18724214336 3
18324541398 3
18845422454 3
18845498288 3
18845496188 3
15845456787 3
13644684960 3
18324540817 3
18324541224 3
13946457645 3
18745484769 3
18324540621 3
13846156741 3
18245468705 3
18845400098 3
13946446716 3
18714540125 3
13945497752 3
13803652926 3
18249825584 3
13512679505 3
13945470343 3
13845401301 3
15145497945 3
13845476551 3
13836642194 3
18304546044 3
18204543671 3
18245485091 3
18845413520 3
13555587636 3
15845455659 3
18714543973 3
13846181845 3
15945882976 3
13945481002 3
18724545499 3
13945464581 3
18845413608 3
13836652446 3
13903681191 3
15945404380 3
18845489786 3
13945485051 3
18745456267 3
13664541883 3
13845410605 3
15946568406 3
13512666859 3
18724215242 3
18745453322 3
13796357900 3
18845486936 3
13945474544 3
13836659311 3
15145459397 3
15145452793 3
18745461243 3
15945883903 3
18845496599 3
15046498881 3
13664547585 3
18845408754 3
18745489087 3
15145450521 3
18845425855 3
18249249250 3
13555593761 3
13796354306 3
15145452002 3
18245486085 3
18845402093 3
18249266092 3
18249821175 3
18249821169 3
13836665090 3
18245469007 3
13803656975 3
13945450083 3
13846145221 3
13614690373 3
13946406831 3
13845411791 3
15046492477 3
18804549959 3
18304543128 3
13664542931 3
18304548747 3
18845423220 3
18845427575 3
18845408422 3
18845427109 3
18845489718 3
18245470721 3
13734544898 3
13836655514 3
13846139915 3
18245459909 3
15846995515 3
13603699395 3
15246496019 3
18324544345 3
15246462643 3
15246494715 3
18724542869 3
18745466884 3
18845412122 3
13604541519 3
13634543980 3
18324544234 3
13845458068 3
18245486611 3
13704543343 3
15845405672 3
13603696865 3
15164516983 3
13684543971 3
18804543800 3
13845410270 3
18845402708 3
13604865977 3
18745475696 3
18249262924 3
13946452649 3
18724549443 3
13845404334 3
15946560966 3
18204541798 3
18245484245 3
13846167613 3
18304542133 3
13664547798 3
13704861093 3
13945466011 3
13845477203 3
18304541032 3
18304543140 3
18245473770 3
13845403239 3
18245456240 3
15046492220 3
18249244932 3
15946560315 3
13836668220 3
13512661837 3
18245481181 3
18845486799 3
13946446662 3
13945470611 3
18845483460 3
15246475083 3
15845405778 3
15246461322 3
18249827429 3
18249268651 3
18745458059 3
18845492276 3
18745461383 3
13512689118 3
18324541606 3
18745479336 3
18245466067 3
15245456106 3
13555596873 3
15946563338 3
18249243393 3
13704867982 3
18324544447 3
18249822221 3
18845408588 3
15045401110 3
13512666610 3
18249828855 3
15164514025 3
18804545347 3
13504549355 3
13836654684 3
18845408898 3
18745485553 3
15845452509 3
13836668631 3
15246487733 3
13504542229 3
13624543355 3
13604548844 3
18845406228 3
13614693196 3
13796356723 3
18204545551 3
13945473988 3
13836662550 3
15904548619 3
13614696019 3
18245459412 3
18745453332 3
18249828885 3
15245480799 3
13945453501 3
13555596295 3
18845427806 3
13504544997 3
18845496793 3
18804544160 3
13555595471 3
13704865187 3
15204548885 3
15245457437 3
15946568371 3
15045409993 3
18204546840 3
15846996661 3
13836664889 3
15946557967 3
18204540944 3
18845421818 3
18249821330 3
15046461132 3
18324541633 3
18304548933 3
18204547455 3
15214669993 3
18249258882 3
15204548662 3
13624543708 3
15214664725 3
18845484288 3
13555595094 3
18846210789 3
13836649622 3
15045417668 3
18845427106 3
13555587036 3
15204544392 3
15045409977 3
18845406600 3
18249246655 3
18249252459 3
13512683836 3
13803667682 3
15246491967 3
13846173181 3
13734540055 3
18845414001 3
13946474153 3
18304547733 3
18845421557 3
18845408314 3
18324546993 3
18249248995 3
18204542229 3
13945499948 3
18845483120 3
13644546987 3
18724223127 3
13664543461 3
18204541151 3
18245495346 3
18745487551 3
15214663991 3
15946550512 3
18804543737 3
18845498057 3
18804541571 3
18304549098 3
15164514856 3
18845405671 3
13644542590 3
15145495603 3
15845454251 3
13704869726 3
13604547492 3
18745480912 3
13634541161 3
18845408400 3
13904549213 3
18804544157 3
13846146701 3
18845482400 3
18845404898 3
18845408978 3
13504546853 3
18845486811 3
18245465997 3
15145498732 3
15214664281 3
13604543827 3
15214662970 3
18724546635 3
18724223073 3
13836640350 3
13946424300 3
15046460709 3
13946426710 3
18245458927 3
18845403740 3
18724220162 3
15204547733 3
15845403193 3
18245488537 3
13624544682 3
13704543341 3
15245453330 3
18724540795 3
13555594336 3
13945459215 3
13845407211 3
18845486979 3
15904548733 3
18804544141 3
13614699830 3
15145452868 3
18245455403 3
13704548413 3
13674544418 3
15045414809 3
15246473897 3
13734541561 3
18249825566 3
18304548283 3
15164512415 3
18804549815 3
15846990271 3
13555589414 3
15845458544 3
15145491152 3
13946446568 3
18245451459 3
13624549326 3
15164513355 3
18845480035 3
18249821930 3
15945881182 3
15945403026 3
13803654069 3
13644542121 3
18304547185 3
18245475056 3
18249267288 3
18724219032 3
18249263068 3
15804546357 3
13644546356 3
15846991077 3
18245473566 3
18245476338 3
18845480400 3
13903684439 3
18245489044 3
15214660377 3
13836605890 3
18245485615 3
15164518766 3
15045405998 3
13903680022 3
18845481229 3
13604544393 3
15845459361 3
18804544768 3
15145453289 3
18845408290 3
13945477460 3
13836650079 3
15804548340 3
13555591941 3
18845408228 3
18745483563 3
13904546387 3
18745497917 3
15246466946 3
13845403598 3
15845453970 3
15246486628 3
13684547951 3
13946471668 3
13634543469 3
18245453492 3
18845404040 3
15246489211 3
13604540459 3
15946551076 3
13903686416 3
13846162495 3
13836609299 3
13504540534 3
18249251566 3
13836665707 3
18204546805 3
18245467580 3
13836644681 3
18245482595 3
13604545175 3
18804545673 3
13644546717 3
18724224701 3
18804546329 3
13614698506 3
15946564960 3
18845484998 3
18845405215 3
18324547733 3
15845401430 3
18845488645 3
13624540676 3
15045401166 3
13836669514 3
13946455691 3
18845408441 3
13634546667 3
13604542428 3
15214662492 3
13945461685 3
18724212966 3
18845400815 3
18714546661 3
13845406251 3
18245450460 3
13704545725 3
18845402627 3
18745484554 3
13946403562 3
15214666004 3
15204542566 3
18714548886 3
15246498886 3
15045404123 3
18249267437 3
18245477512 3
15246498887 3
15945885349 3
15045404378 3
18324541188 3
18245492968 3
13614695417 3
18204548725 3
18804546998 3
18845404228 3
15246474341 3
18249267080 3
13512682142 3
15246464208 3
18845408365 3
18245485811 3
15164519396 3
18745452477 3
15845409466 3
13803668277 3
15845457269 3
15046460679 3
18249267389 3
18304546611 3
13846159526 3
13803664776 3
18804542018 3
18245480589 3
18745465493 3
18249256323 3
18304548651 3
18304541599 3
13946424551 3
13845403548 3
18745479702 3
18845406819 3
18845408687 3
18245497059 3
13904547639 3
15846990091 3
13512640141 3
18245456843 3
13555597260 3
18745493582 3
13846192875 3
13664542375 3
13512686071 3
18845400765 3
18245458349 3
18845404095 3
18245459610 3
18845494176 3
18845492546 3
18845408435 3
13704546851 3
13512673550 3
15946560720 3
13945473023 3
15046461950 3
13644545556 3
15204543660 3
18204545913 3
18845484664 3
13846182972 3
18724549368 3
18845408329 3
13946452106 3
18845496277 3
18845405755 3
13846144214 3
18249241928 3
15214666860 3
13836652930 3
13836615643 3
15214660093 3
18245489260 3
13634543397 3
18845408690 3
15845451670 3
13504696915 3
15145488381 3
15246491191 3
13946457859 3
15246495629 3
13704864695 3
18745459823 3
13803659295 3
18745484019 3
13946427252 3
13634546490 3
18845485775 3
18245495974 3
18245452487 3
15046495345 3
13504545639 3
15045412887 3
13946459033 3
13664546419 3
18745450479 3
18804544395 3
13512660158 3
13555590609 3
13555599072 3
13846154759 3
18245493305 3
13946443468 3
13704546008 3
15046496699 3
15046496456 3
15246494014 3
13504540841 3
18845400377 3
18845408864 3
13946406424 3
18724227766 3
15946565073 3
18745476353 3
15945882406 3
15045418367 3
15046464280 3
13684546251 3
18745484940 3
15246476729 3
18845400620 3
13644541499 3
18245453342 3
15214661186 3
18245463338 3
13946423349 3
13836669493 3
18845496784 3
13946450370 3
13946425548 3
13634543729 3
18249244059 3
13603691141 3
13945488966 3
13903681631 3
15245482529 3
18845408832 3
13644684013 3
13512642887 3
18845408512 3
18724545959 3
13845456049 3
15145490295 3
15845404576 3
18845484646 3
18249828253 3
18845484543 3
13684549059 3
13624540419 3
18745458186 3
18745459553 3
18304549554 3
18804540216 3
18745468586 3
13644548701 3
15045415181 3
13555580854 3
15045404383 3
13634542012 3
18249247416 3
18714545581 3
18249828369 3
13512694788 3
18745483545 3
15164515076 3
18745452945 3
13555599247 3
13512668693 3
18804543431 3
18845408287 3
18204542228 3
13796354473 3
18845408696 3
18714546105 3
18845408809 3
18845485092 3
18804546848 3
13945463739 3
15246494445 3
18804542350 3
13845405769 3
13604863492 3
18714543055 3
18249261916 3
15145498462 3
13846171725 3
15946551936 3
15946567252 3
18249245866 3
18249269837 3
15246488776 3
15246467006 3
13945482922 3
13846194532 3
15945885475 3
18845408525 3
15845400653 3
18249825610 3
15145453655 3
18804543258 3
18745481943 3
15046463632 3
13664542266 3
13846136250 3
13512664660 3
15045410004 3
18745482061 3
18714546663 3
18845401466 3
18249242530 3
18845482300 3
13846197175 3
15045403339 3
13946456583 3
18845485657 3
15846996668 3
18845423678 3
15946563121 3
15046461176 3
18324544123 3
15045408883 3
18245452801 3
18245452802 3
18745450702 3
18249257815 3
18724226123 3
15245480470 3
15846997778 3
18845408830 3
18804542772 3
18204548715 3
13512658899 3
18845425876 3
13704863779 3
15946561343 3
18845403237 3
18745479442 3
18845429955 3
18304547470 3
15145498886 3
18745479440 3
13836615842 3
18304543195 3
15246476667 3
13845474256 3
15945882828 3
13845455424 3
18845408819 3
13904549494 3
18245496865 3
18845493458 3
18245493937 3
18845422220 3
13704543350 3
18724548868 3
18845492672 3
18745493143 3
18204547766 3
18845423222 3
15214664580 3
15204542272 3
18845422200 3
15045401991 3
18845497331 3
18845497332 3
18204542447 3
18845427755 3
13604864929 3
13945475872 3
15046464792 3
18845405197 3
13555587795 3
18845429898 3
15045406663 3
18845402066 3
15214663263 3
15045402266 3
13846172300 3
18745473616 3
13846162490 3
18745490046 3
18249824123 3
13684546126 3
18745460980 3
18804547478 3
13845409722 3
18249256757 3
13644684072 3
13946409069 3
15045401005 3
18245474449 3
13903684678 3
15946552311 3
18324543853 3
13644548339 3
18204546663 3
18845400820 3
18845416168 3
15946568339 3
18249267879 3
13803668294 3
13946471112 3
15145493338 3
18204542492 3
13945468811 3
13796355606 3
13684549189 3
13614544360 3
15945404091 3
18249236733 3
18724215882 3
13946440169 3
13512676562 3
18245473849 3
13846155117 3
18745451114 3
18845490929 3
13803669577 3
15046494234 3
13904544945 3
18845429911 3
13603699687 3
15246477002 3
18845425234 3
13555598101 3
13614541201 3
13946455818 3
18745467711 3
18249255533 3
15145491122 3
15045409992 3
13664545733 3
13836603990 3
13846141647 3
18845485236 3
18845405418 3
18249251082 3
15245455984 3
15245482868 3
18845427658 3
15204540016 3
18249240076 3
18845405230 3
18245484500 3
15204541150 3
13945486660 3
15246464363 3
18249245353 3
13555584574 3
15946565582 3
13945462023 3
18845495383 3
18724222012 3
18204541117 3
15145493249 3
13603692349 3
18204540085 3
15245458415 3
18245468395 3
13846155465 3
13845408793 3
18724220252 3
15204548620 3
15214660640 3
18249257299 3
13946407646 3
18245462215 3
15945886285 3
18249827171 3
13836653943 3
13946424409 3
18249820687 3
15214666157 3
18845492577 3
18845402432 3
15845408967 3
15214669375 3
18845485517 3
13555582541 3
18804544780 3
18745451844 3
13946441174 3
18724229542 3
18245471568 3
18714542423 3
18845406801 3
18204545673 3
18204543362 3
13904544316 3
18304543455 3
13946404626 3
18845402252 3
18249269427 3
13803656728 3
18745454282 3
18804543125 3
18304548113 3
13512663214 3
18249266365 3
18845405057 3
18714544328 3
15845407669 3
15045416962 3
15246477109 3
18845488643 3
15245488376 3
13704547365 3
15945885793 3
15214660703 3
13945454109 3
15145458352 3
13624540515 3
15846990635 3
18745475948 3
13512643118 3
18845400249 3
15245489257 3
13644544478 3
13512683570 3
13555586933 3
18745455454 3
18804548873 3
18304545968 3
13555594755 3
18845496797 3
13846188623 3
15804546752 3
18804548851 3
15164512802 3
15045414935 3
15945880521 3
15245486262 3
18804540766 3
18745467085 3
18724225187 3
15946551126 3
15046492618 3
13604864817 3
13946449590 3
18845401091 3
13803661393 3
15246498538 3
13644549240 3
18845481269 3
18845402395 3
15046496939 3
13845472322 3
13836640925 3
18845402207 3
15246483988 3
18304547549 3
15145452377 3
13603692550 3
18845400866 3
18745471638 3
18804543927 3
15845403275 3
18245459953 3
13555595582 3
18245461419 3
18745450213 3
18845481221 3
18724544249 3
18249257958 3
18724221438 3
13946404848 3
18249827808 3
13704863826 3
15245457744 3
18249824022 3
18845406992 3
13946442122 3
13555596976 3
18724546767 3
15164512320 3
13836665286 3
18245478258 3
13946447206 3
13704549721 3
15245489268 3
13504547716 3
13845407125 3
18249257782 3
13803669985 3
13796356143 3
18804547728 3
13946441652 3
15945888589 3
18304543339 3
15845451645 3
18249253877 3
13836647589 3
18249262678 3
15245484329 3
15045409796 3
13644543688 3
18249269906 3
18845407190 3
15246461376 3
15845403631 3
13512671190 3
18204541736 3
18245477453 3
18245486573 3
18724227198 3
13634541942 3
18249256627 3
13846157042 3
13836659829 3
18845486507 3
14745693221 3
13836649523 3
15945888435 3
15845455416 3
13604544703 3
15246477328 3
18245456598 3
13836652715 3
13644548239 3
13664545860 3
15046491990 3
13846156049 3
13512665433 3
15804547149 3
13845408760 3
18245465609 3
18745476692 3
13846131516 3
18245484139 3
18845404317 3
18204543599 3
13836652020 3
18745475960 3
15045401682 3
13846145401 3
15046460355 3
13846173082 3
13946446527 3
18245456161 3
18845402490 3
13845410193 3
15245456257 3
18845496756 3
18804542030 3
18714545533 3
18245488662 3
15804546786 3
13512676147 3
13803658280 3
18804541321 3
18845490862 3
13846167268 3
15946551159 3
18804546564 3
15946560590 3
18304542469 3
15946559193 3
13836646066 3
15945400226 3
15046466028 3
13846136030 3
18745488920 3
15164513599 3
13803667267 3
13555599859 3
13845417518 3
18845482113 3
13803666735 3
18204548905 3
13512644760 3
13945454288 3
18304547568 3
15946551909 3
13904546725 3
18724222783 3
18745498450 3
18724216882 3
13603694435 3
18204546345 3
18804548897 3
18724223365 3
18249247671 3
18804548854 3
18249826268 3
13604868959 3
13946424267 3
18845484667 3
13903685402 3
18845492709 3
13734544554 3
15046464106 3
13845456057 3
18804541779 3
15214668486 3
18845401486 3
18245457157 3
18724212032 3
15246490813 3
13846142105 3
18304545970 3
13945467690 3
13684548538 3
18204547051 3
18724548331 3
18804541713 3
18304545201 3
18724545495 3
13555582311 3
18249253432 3
13803660347 3
15045402081 3
13846159803 3
18845489357 3
15846994457 3
15046460034 3
13512664851 3
18845480114 3
18245492965 3
18204543829 3
18804545706 3
18845482098 3
18845497339 3
15045401969 3
18745472120 3
15164517626 3
13946428505 3
18204549460 3
18845401368 3
18845400685 3
18304549880 3
18845488865 3
15214666128 3
18745493447 3
18204546306 3
18204545249 3
18845486693 3
15846996273 3
18845400636 3
18845486543 3
18804548857 3
13946446889 3
13624544424 3
15204548827 3
18804540200 3
18245495818 3
13604548900 3
15246485052 3
18245456698 3
13803657301 3
18245470720 3
18745489976 3
18845488399 3
18745464146 3
18245466226 3
18804545366 3
13846188122 3
18845486776 3
13555591438 3
15164518076 3
18245454676 3
18845493496 3
18804542346 3
18204540166 3
18249269696 3
15945887404 3
13845451183 3
18845486778 3
18714545003 3
18745460269 3
13846166769 3
18724212308 3
13796350925 3
18804543921 3
13846186630 3
13846196325 3
18249240339 3
13903686644 3
18845492283 3
13946440787 3
13945470155 3
13846142911 3
13614544653 3
13845416198 3
18724548227 3
18724548229 3
18845402348 3
15046464613 3
15045407788 3
13803667976 3
13946408755 3
13836662523 3
18204548860 3
13555595662 3
15214661374 3
13946455410 3
18304546776 3
15946562258 3
13644545687 3
18204544425 3
13664544860 3
13664545567 3
18304543534 3
13684546199 3
13846171099 3
18249241656 3
15846996865 3
13946441743 3
18304542493 3
18804547349 3
15204548106 3
13836653316 3
13614696547 3
13504544109 3
18245459978 3
13512688108 3
18245470727 3
18724224158 3
18245487365 3
13836609448 3
15214664821 3
13845457818 3
13614543762 3
18745494021 3
15804541922 3
18845481298 3
15246478952 3
15246489387 3
15946556919 3
18845495088 3
18304547596 3
15246464977 3
13846173030 3
18845405335 3
18714545105 3
15845401698 3
18249267650 3
18249824926 3
15945881360 3
13614541623 3
18745450352 3
18249820052 3
15904544798 3
18804541132 3
15046467851 3
13946454983 3
15046492147 3
18245496809 3
18304543580 3
13803650172 3
13946444587 3
15164513685 3
18249269936 3
18845487118 3
15246476844 3
18845481200 3
15945880337 3
18249253789 3
13604543070 3
18245489462 3
13614692253 3
13845404850 3
18245489461 3
15214666627 3
18249247400 3
13734546051 3
15246479545 3
13704866660 3
13846140832 3
18845496726 3
13555595308 3
15046464996 3
18204543566 3
15246470026 3
13634543009 3
13555056900 3
18245487556 3
15204540350 3
13836642201 3
13624545990 3
18304545969 3
13555598120 3
13555598005 3
13644545069 3
18249261597 3
15045402990 3
18249255478 3
13555597938 3
18249266700 3
13846171186 3
18304544613 3
13945486055 3
13845456858 3
15246478980 3
18745461812 3
18745478973 3
13734546155 3
15245453337 3
18845482028 3
18245497826 3
18845406803 3
18845496750 3
13555582049 3
13803650591 3
13845407316 3
18249257783 3
18245488282 3
13846163144 3
18249252629 3
18249267191 3
18245459492 3
14745693219 3
14745693220 3
13945465374 3
18249825177 3
13945462602 3
18745458543 3
13846134485 3
13803660154 3
13846198473 3
13512698926 3
18745493348 3
15246493363 3
13684544562 3
13512643680 3
18724542859 3
13846194238 3
18204540445 3
18804544679 3
15045419653 3
13904549132 3
18714542413 3
18745460637 3
13624548065 3
13836640823 3
18249267868 3
13836652576 3
18804543988 3
13803666350 3
13846187874 3
13904544182 3
13644548847 3
18745497770 3
13614696837 3
15945404585 3
13946428012 3
13555593963 3
13846183085 3
13504542430 3
18714545665 3
13836666251 3
15214668987 3
18245484917 3
18845490722 3
15164514563 3
13644540438 3
13555595220 3
13946448922 3
13846143443 3
13846133428 3
13555583918 3
13555582632 3
13614690746 3
15246467758 3
13614544046 3
18745475703 3
18804540286 3
13946440312 3
18245492979 3
13555580059 3
13555581085 3
15246490573 3
15946565758 3
18804546968 3
18745459760 3
13634547360 3
18245471386 3
18245462138 3
15045415717 3
15245483312 3
18245476622 3
13512679349 3
13604548864 3
15946550687 3
18304547299 3
18804543905 3
15245455072 3
13946443391 3
18245468574 3
18845483616 3
18245493121 3
15046494136 3
18845481660 3
18845493512 3
13945455881 3
18304546719 3
13555586980 3
13512664302 3
18245475917 3
18724229925 3
15946568803 3
13946443697 3
18845409300 3
18245489655 3
18714547811 3
13945473942 3
13512674893 3
13614695472 3
18845482180 3
18249268898 3
13644547024 3
18245479435 3
18245482408 3
18804549768 3
13512672968 3
13846167925 3
15145497200 3
18304546860 3
18245498723 3
18245477646 3
18845402209 3
15204547683 3
15246499188 3
13734546414 3
18804548260 3
13614541852 3
13904546076 3
13846142909 3
13734540595 3
13512698626 3
18745498653 3
15046462891 3
18845493997 3
18245486925 3
18745496370 3
15046468103 3
18845488099 3
18745495652 3
18845485445 3
15246470892 3
18245472966 3
18845484549 3
15804549315 3
13803658299 3
13512661152 3
15846991430 3
13836649965 3
13846164802 3
15245457154 3
18245455882 3
18804546676 3
13803666193 3
15204541262 3
13836608464 3
18724220067 3
18249241117 3
13903687410 3
15046464202 3
15945403206 3
15245458600 3
13846135691 3
13504545273 3
15846992517 3
18804547291 3
18845490525 3
15145459076 3
18845405219 3
18845493985 3
13946459241 3
15246464642 3
18845482748 3
18245488206 3
18845404959 3
15946560006 3
18845494248 3
18204547568 3
15804543267 3
18804547762 3
18724546796 3
15164518911 3
18245450690 3
18724212233 3
13945473422 3
13945469526 3
13634542776 3
13603692517 3
13945466142 3
13836655620 3
15204547057 3
13664546885 3
18245482186 3
18724228575 3
13803664834 3
18245499710 3
18845409295 3
13603694416 3
15946562126 3
18724210153 3
18249264162 3
18745473661 3
18245465853 3
15946551518 3
18745477768 3
15214664915 3
13946442163 3
18714542980 3
13845476510 3
18745472476 3
18245474318 3
18304546807 3
18304549487 3
18745455043 3
18204547454 3
18724227957 3
13846136770 3
18245492812 3
18845400500 3
13512664457 3
13836606134 3
15246486566 3
18204546993 3
13846196929 3
18745460127 3
13846164101 3
18304548032 3
13945476541 3
18245479391 3
18804542383 3
18804542638 3
13846150947 3
18745477184 3
13845452186 3
18845400059 3
13946422648 3
13704866690 3
18245463062 3
13845415088 3
18745494356 3
18724540380 3
18745483683 3
13555595689 3
13845417497 3
18245477486 3
18804540248 3
18724543120 3
13836641385 3
18845491997 3
18245475947 3
13946428056 3
13845456470 3
18745454760 3
18245478611 3
13604864246 3
18724229420 3
18304543363 3
15846996761 3
18745454057 3
15846994079 3
13555587831 3
13504549785 3
18804540622 3
13555590425 3
18745458082 3
15846993819 3
15046462175 3
13846165805 3
13796354661 3
18845497119 3
13845417882 3
18304546489 3
13846188232 3
13845472992 3
18804546636 3
13604541625 3
15246462502 3
15046464110 3
15245451449 3
13796350409 3
18745452127 3
13512685176 3
18724546001 3
13903684880 3
15046497971 3
13504546649 3
18714541048 3
13945457507 3
15904540185 3
15145489896 3
15246485556 3
13846192892 3
13945466873 3
13512666642 3
18245489968 3
18745452326 3
18745494009 3
15246488191 3
18304545179 3
13796352948 3
13946422768 3
15164510882 3
15245454320 3
13946458025 3
13634540376 3
15046497801 3
15145490382 3
18245489419 3
18804543364 3
18204540036 3
13734549887 3
13704546498 3
15214662066 3
13945463462 3
18245457146 3
13704547509 3
13945459571 3
18204540026 3
15804542977 3
15845409855 3
18245451810 3
18204542227 3
13555599435 3
18804549952 3
18724216281 3
15246470797 3
18745496168 3
18804543830 3
18845407235 3
18245488925 3
18745452547 3
15046466428 3
18245492163 3
18745499681 3
18245498422 3
15246476450 3
13846166554 3
13846166009 3
18745482611 3
13803657859 3
13644549102 3
18745495970 3
15145459162 3
13846144864 3
18249258675 3
13614692213 3
13846193652 3
15246468107 3
15046494322 3
15145493628 3
18249253535 3
13555590613 3
18204545422 3
18304546633 3
13845409807 3
13945467574 3
15946553458 3
18745453653 3
15845400751 3
13946446169 3
18304542410 3
18845488499 3
18745482995 3
13946456041 3
13704541816 3
13664547541 3
13846174864 3
13555583304 3
15245485201 3
13836641540 3
18249825746 3
15245457148 3
18724544928 3
18845488608 3
15045419896 3
15946559125 3
13846146352 3
15145456276 3
15204540546 3
15946557750 3
13836649101 3
13846134319 3
13946423551 3
13634547276 3
13555590303 3
13846164670 3
13846153890 3
13634544510 3
18724227179 3
15245454397 3
13846163066 3
18745455063 3
13945464352 3
13836609136 3
18745460151 3
18845400600 3
13836669768 3
18845490707 3
13664549092 3
18804547111 3
18804546678 3
18804549921 3
15246468048 3
13903684156 3
18304545292 3
18245466512 3
18249820788 3
15046462317 3
13846155633 3
15845408654 3
18845493324 3
18714547198 3
13603692568 3
18745499770 3
13614690537 3
18845488672 3
13845405472 3
18845480528 3
13555592213 3
13845456214 3
13946455847 3
15046469157 3
18845493499 3
13846173280 3
18245472187 3
18245460438 3
15246488362 3
18249825920 3
13512671984 3
18845490456 3
13644541996 3
18204543608 3
18804548865 3
18845491516 3
13704546422 3
18245483291 3
18249820375 3
13945482490 3
18845481322 3
13704864356 3
15214661271 3
15946560821 3
15904544895 3
13684541161 3
18804544077 3
15145456064 3
13803654429 3
18804548261 3
18845495811 3
13846164240 3
13945481713 3
18249243066 3
15245488607 3
15045403706 3
18245453802 3
13846162255 3
13846134834 3
15164510877 3
13836669190 3
18745474515 3
15145496202 3
13803662753 3
15246468108 3
13904544560 3
18804540401 3
18745480390 3
18804542357 3
18204543176 3
13684548639 3
18745494103 3
15245487813 3
13945480912 3
13945458939 3
18845403551 3
18304542754 3
18745456859 3
13555599560 3
18845495269 3
18845491833 3
13555594406 3
18245474072 3
18245468652 3
18845495268 3
18304546760 3
13836667924 3
18745464368 3
13664549415 3
18845490840 3
15904543348 3
18745472343 3
18845489311 3
13684546279 3
18745452891 3
18245479796 3
18804542229 3
18804543970 3
15714666080 3
13512672604 3
13945474297 3
13796350329 3
15904548598 3
18804547106 3
18245477114 3
13945488654 3
15246495202 3
18845493552 3
13704868742 3
18745451732 3
18724542803 3
18249829691 3
18804543998 3
18245488451 3
13904544763 3
15245451323 3
13836669042 3
18745492452 3
18245497632 3
13704547554 3
13603691743 3
18249255889 3
13903686206 3
18304547329 3
15045418105 3
18804544485 3
13704540693 3
13845404241 3
13846170683 3
18745483893 3
18745458973 3
18249247497 3
15204543179 3
15045402716 3
18745488643 3
13512670852 3
13946420943 3
18804542563 3
13845401257 3
15246472245 3
15946561875 3
15046490092 3
18845406736 3
18245476633 3
18245484077 3
18724229551 3
18245498522 3
18845481226 3
18845405119 3
13946408647 3
15045419803 3
18845495685 3
18245458186 3
18845400606 3
18745473463 3
18845499393 3
18249824645 3
18724222928 3
18245492320 3
13603695242 3
13846138296 3
18245464206 3
18249262990 3
13624541489 3
18804542646 3
18745499530 3
18745458856 3
18745471880 3
13946405528 3
18249829220 3
18245482511 3
13946427006 3
13604863443 3
18724225561 3
18249248123 3
18804542965 3
18245489441 3
13604546638 3
13846160475 3
15045407536 3
15204543898 3
13512644106 3
18245485965 3
13664547934 3
18845483598 3
15246478231 3
18845490133 3
15845455852 3
18845482824 3
18845490141 3
18245480309 3
13846147263 3
18245475427 3
13946444807 3
13555595702 3
18845499797 3
15804545052 3
15045417382 3
13734549563 3
13603694980 3
13603693261 3
18845491567 3
15945883899 3
13504540672 3
18845488599 3
18845488699 3
13836656401 3
18745497288 3
13796358672 3
18804546016 3
18245462160 3
15046461195 3
18245495835 3
18745483950 3
18249256377 3
13704543588 3
13903685280 3
18249250004 3
15804547783 3
13803659563 3
13945481143 3
18804548237 3
13734545182 3
13512666184 3
18845404068 3
13845471209 3
15204545063 3
15246462491 3
15246498438 3
18245459099 3
13504549552 3
15164512966 3
13803654038 3
13946409720 3
15214665455 3
13644544698 3
13836657714 3
15246463730 3
13512674296 3
13946423433 3
18724210897 3
13904544055 3
13946445460 3
13946454519 3
18804548395 3
18804542900 3
18245460396 3
13836608671 3
18745469037 3
15946558449 3
18249257183 3
18249263812 3
15946559667 3
13945484122 3
13734545232 3
13796355134 3
13644542696 3
18745465063 3
13803664651 3
18804544437 3
13604864938 3
13845416649 3
15145493657 3
18804543860 3
18304542368 3
13803658527 3
13603691679 3
15246497128 3
15045412305 3
18745453717 3
13803655049 3
18804545045 3
18845497372 3
18745451654 3
18845492230 3
18204548320 3
18845490826 3
13704866981 3
18204547500 3
13704869474 3
15045410772 3
13945452425 3
13614694227 3
13836661745 3
15246474593 3
15245456745 3
13945484047 3
13555582900 3
13512685371 3
13644548726 3
13634545721 3
13555590720 3
13846152697 3
18249238878 3
18714547406 3
13512646406 3
15164513366 3
13946446035 3
13846152576 3
18245485277 3
13846131668 3
13504543827 3
13945451620 3
18724216729 3
13945459461 3
18845490811 3
13946441340 3
13846190774 3
13846161664 3
13845408902 3
13624545007 3
13644548783 3
18249255368 3
13945478418 3
13803667882 3
15946563645 3
13614544506 3
13674549047 3
15946562439 3
13846149101 3
18249266243 3
18249266661 3
13945470204 3
13796357162 3
13803653264 3
18245455518 3
15164513402 3
13945483665 3
13945476734 3
13512684984 3
13846143989 3
15846999376 3
13704861863 3
13624545697 3
13836664691 3
18724214767 3
13504547043 3
13845476314 3
13504548613 3
18745492998 3
13803664705 3
13836601004 3
18804540403 3
18845409191 3
13704868451 3
13946459934 3
13555590856 3
13846168134 3
13846197164 3
13846188460 3
13846192412 3
18724547157 3
13946402546 3
13664546735 3
13504548362 3
13624543549 3
18245487350 3
13846160351 3
15145457923 3
15945881806 3
18249258874 3
18724548881 3
13512660891 3
18249267800 3
18249260750 3
15246462616 3
18245464381 3
18204545389 3
18845480997 3
15045411250 3
13664546692 3
15045410698 3
13512643152 3
13836665846 3
13504540486 3
18245465050 3
18304546645 3
13845458467 3
13836648862 3
18245480162 3
18304542499 3
15845451009 3
18845404919 3
15946556956 3
13836650462 3
18804543879 3
15246463265 3
15246493801 3
15045405561 3
18245457008 3
18245471699 3
18245458739 3
13946472214 3
13512679389 3
13555580649 3
13846178770 3
13845470363 3
13845470953 3
13504540245 3
15845456476 3
18804546599 3
18245458495 3
13836609390 3
13945463793 3
18845481718 3
15845453843 3
13945466350 3
13946444236 3
18845406895 3
18245455011 3
13555599625 3
13945458652 3
13845457969 3
18245498533 3
15246494543 3
18745495815 3
15845450040 3
13946457807 3
18745484981 3
15045408622 3
18724229506 3
18804543396 3
18804543397 3
13946454298 3
13846140658 3
18745483015 3
13634545124 3
15246460459 3
13836664603 3
15946560249 3
18304542203 3
13836644036 3
13704546483 3
15164514710 3
18245492367 3
15245488562 3
15214665662 3
15946566248 3
18804540090 3
13614695136 3
13512685761 3
15145450236 3
18745478185 3
13846187894 3
15846997308 3
13846177837 3
18845483668 3
18845484988 3
18845406060 3
13836615796 3
15045409482 3
13603696547 3
13512681593 3
13946455602 3
18249820088 3
13803657194 3
13512674803 3
18745477625 3
18245493312 3
13945482698 3
15145491499 3
18845485833 3
18845485996 3
13845415212 3
18845405554 3
13945485473 3
13512645769 3
13734545196 3
13904545932 3
13945460139 3
13846171283 3
15845401499 3
18845403884 3
18245489042 3
18804548089 3
15245459332 3
15045408783 3
13846137798 3
18845407668 3
15145488256 3
18245478522 3
18745453352 3
18804545878 3
13512676496 3
13845452481 3
18845404497 3
18804545062 3
18249267234 3
15164516396 3
18804543363 3
18249829108 3
15845400976 3
18204547838 3
18249822022 3
13846186046 3
18745487770 3
13634540262 3
18249258829 3
18304542620 3
18845407223 3
13904546439 3
15145498766 3
18845451658 3
13803661005 3
15246482367 3
18804545189 3
18245460307 3
18304546630 3
13946447377 3
13845450959 3
13946452273 3
15804546776 3
15804541325 3
18804542866 3
18845405009 3
15846992909 3
13946424135 3
18245464413 3
15946559285 3
13512699530 3
13644545825 3
13796353430 3
18845495670 3
15846995821 3
13845404391 3
18245461409 3
18804543566 3
15045405419 3
13846172852 3
15204547473 3
18804544671 3
13674544817 3
18245485300 3
18245453391 3
13846132110 3
13836658592 3
13946408951 3
18724228821 3
18804540128 3
13946403112 3
18745495108 3
13604542366 3
13945450637 3
13846150043 3
18804542658 3
18245458556 3
15804541116 3
15046460925 3
13946402970 3
15214666187 3
13845414093 3
15045406306 3
15164515883 3
15164515779 3
13836656744 3
18845485855 3
18249253728 3
13796350314 3
18845492660 3
13945469049 3
18245454905 3
15946568030 3
15845457082 3
18745488616 3
15045406957 3
15046496389 3
18245466172 3
18245485126 3
13836646445 3
13946401890 3
13945480966 3
18724211271 3
13796352549 3
18845406980 3
15246493675 3
18249240023 3
13846137531 3
15045406996 3
18845497468 3
18804548208 3
18245463336 3
18724226411 3
18745496125 3
13704541545 3
15246461002 3
18304545699 3
18845484447 3
18804545138 3
15204544871 3
13846141967 3
15164516390 3
18745456660 3
13836644255 3
13603693937 3
18204548991 3
13614697862 3
13624548459 3
18204545681 3
18845494885 3
18245475695 3
18304540331 3
18304542988 3
18204542188 3
18245454046 3
18724228913 3
15845409459 3
18304541533 3
13555592721 3
13846137212 3
13846156463 3
13845408543 3
13512647909 3
18249266662 3
15845451342 3
13846149852 3
13946408500 3
13704869683 3
18304540332 3
15245483963 3
13846192153 3
15246462659 3
13836646865 3
15245480695 3
18845491331 3
13945451169 3
13946408992 3
18804547510 3
13846185172 3
18245461733 3
18245499658 3
18724226391 3
13512641017 3
15245483291 3
13946423472 3
15204545217 3
18845485899 3
18845492258 3
15246494176 3
13634545426 3
13555598672 3
15845409239 3
13946449506 3
18845492460 3
15845457126 3
15045419815 3
18249827928 3
13512678646 3
18845485088 3
13945478462 3
13946456650 3
13946456670 3
13634541320 3
13945467048 3
13946422356 3
15246490595 3
15845408185 3
13946409759 3
13945482497 3
15214666841 3
18745451660 3
13664542024 3
13846177820 3
13945458674 3
15046462231 3
15046495383 3
13946420148 3
13846173633 3
13946406203 3
13512679265 3
15845409425 3
18745467212 3
13946453691 3
18724543017 3
13845401241 3
13634544697 3
13946471076 3
15046460547 3
13946445207 3
15246466676 3
18245498524 3
15214669430 3
15145487169 3
13644549247 3
18249251036 3
15946553251 3
18745455884 3
18249261890 3
18745471199 3
13836665354 3
13845400276 3
13946408147 3
15046462591 3
13846134916 3
13512681632 3
18249257135 3
18245479445 3
13946452962 3
15246470228 3
15145455205 3
13836607954 3
13634543406 3
13704865068 3
18804542833 3
13512699151 3
13945464903 3
15164513451 3
13512670751 3
13836662377 3
13604542512 3
18845481025 3
18714545228 3
13945458646 3
13846138642 3
18204547958 3
15045419840 3
13946458721 3
15246490861 3
13796350307 3
13644544354 3
13836647559 3
13803667217 3
15246498986 3
13836656691 3
15046467158 3
13946452019 3
15145497830 3
13555589251 3
13946401698 3
13555589230 3
13555592329 3
13945477196 3
18724221568 3
15046461583 3
15045418959 3
13555593717 3
18804545822 3
13512660094 3
13734548656 3
13836663102 3
13555589953 3
13512665812 3
18845494658 3
18845450002 3
13555581730 3
15164513040 3
18745490986 3
15945889093 3
13803668953 3
18745466518 3
18804547599 3
13946401436 3
13555586509 3
13504697978 3
18724548686 3
13846164701 3
15045407327 3
13803667638 3
13845409900 3
13624544793 3
13634544938 3
18204549020 3
18845495987 3
18745450903 3
13512667298 3
13603697692 3
18804542559 3
18845491818 3
13836668637 3
13836669092 3
13845413207 3
15245486582 3
15245489924 3
18845492122 3
13946400039 3
15145494910 3
15246488452 3
15246499317 3
15946559540 3
15145459614 3
15046495046 3
15145450963 3
18249247598 3
15246465121 3
15945886298 3
18845490393 3
18304547890 3
15145492952 3
18245498726 3
13634541709 3
18204548385 3
13555593618 3
13644549184 3
13603698729 3
18745461041 3
13684545904 3
15204543651 3
15246461041 3
15046493252 3
13945469860 3
13946454470 3
15245489847 3
13845404021 3
15246492602 3
15246464497 3
15245457490 3
18845492692 3
15164513972 3
18804548522 3
15245481310 3
18245462804 3
15214660894 3
18804547006 3
15245480820 3
15246489434 3
15204541848 3
15945880366 3
15145457208 3
15804545319 3
15946567311 3
13512679794 3
13604546627 3
13846139627 3
18845405835 3
18745465439 3
18714545133 3
18245460849 3
15046499213 3
15246466286 3
18249254147 3
13624548012 3
15145455825 3
15046466064 3
15214662790 3
15246472684 3
15046462972 3
15214666545 3
13512688229 3
13734540769 3
18745468260 3
15246467182 3
15246467554 3
15214662474 3
15204541421 3
15245489176 3
13604541447 3
18745483855 3
18724226314 3
15246488742 3
15046461882 3
13846185438 3
18845490829 3
15046466204 3
18245463466 3
15145453864 3
18845483030 3
18724543386 3
13845471364 3
15145491803 3
13945485125 3
18245482007 3
18304549871 3
13512687361 3
13664549291 3
13512649073 3
13512645905 3
15145450635 3
13604865731 3
18804542617 3
13846146032 3
18249235220 3
18245476900 3
15845457459 3
13664543648 3
18724221717 3
13803667706 3
18804548377 3
13846167386 3
13946445805 3
13684541139 3
18249236169 3
15246472425 3
15246467885 3
13803668231 3
13803668279 3
18845405300 3
13836651851 3
15164514528 3
13512641855 3
13903683616 3
15045405720 3
13803663319 3
13846175643 3
15846992823 3
13704861977 3
18845400274 3
13512646029 3
18245465472 3
15204547957 3
15045414145 3
13664541743 3
13604864679 3
15204548432 3
15164512775 3
15945404191 3
13555586631 3
15804541705 3
13644547374 3
18804547880 3
13555580424 3
13945483302 3
15045400973 3
13945462335 3
18845493117 3
13603694912 3
13604543765 3
18245478822 3
13796356382 3
15246470108 3
18245485067 3
15204548672 3
13704546715 3
13946473920 3
13846190536 3
13624545260 3
18204545719 3
13674544038 3
18804542227 3
13803651086 3
18724214875 3
13836607164 3
15945885617 3
13604866721 3
18804544588 3
18845490102 3
15846991137 3
13845406376 3
13604542625 3
13684549103 3
15045413992 3
15245488745 3
13846184727 3
18845491000 3
18845401800 3
15164518363 3
15246467811 3
13604545053 3
15214669788 3
15246476200 3
13674549937 3
18249243344 3
15204543050 3
18845495188 3
13664542997 3
15804543249 3
13945497573 3
18245461468 3
13604545217 3
18304545544 3
13555588480 3
18845480060 3
15804543946 3
15204543525 3
15904540138 3
13796355185 3
13512682711 3
13945456586 3
18245477272 3
13664545285 3
13945468995 3
13836668040 3
15145487730 3
18845495657 3
18845409321 3
13512680385 3
15845404572 3
13614544499 3
15845404585 3
13512680672 3
13704543626 3
13946456968 3
13846166426 3
18804544566 3
18845408884 3
13644547941 3
13945455978 3
18845403489 3
13946406720 3
18249265492 3
18804542388 3
15246488080 3
13846171639 3
18804540386 3
13845456856 3
15904541155 3
18745486663 3
18249248788 3
18845409913 3
15845400905 3
18245484088 3
18845490309 3
13845403378 3
15714668899 3
18845495757 3
13846195087 3
18845404089 3
18845497676 3
15046496285 3
13945478055 3
18845406660 3
15145489217 3
13946401970 3
13836662413 3
15145454068 3
18245490077 3
13945454687 3
18714540636 3
18724223960 3
18845405908 3
18804540707 3
18745483705 3
15946557921 3
13512681699 3
13704868881 3
13634544545 3
13614697575 3
13846171739 3
13704868355 3
18745451522 3
13644546455 3
18245483886 3
13644541976 3
13512694526 3
13603698457 3
15904545933 3
13946443692 3
18845404455 3
15245487838 3
15204547600 3
15804545386 3
13734540266 3
18804540177 3
15214668010 3
15204548862 3
13684541556 3
18745451371 3
13604545295 3
15164515571 3
13846199221 3
13846154077 3
18745454926 3
18804549696 3
13846188552 3
18304545055 3
13945481338 3
18745455611 3
18249825703 3
13512688960 3
13845454195 3
15946561697 3
18804549099 3
15845458931 3
18804544454 3
13945473349 3
13836605673 3
13903682550 3
18845481033 3
18745497725 3
18745497726 3
18804543845 3
13836664890 3
13555589252 3
18249258916 3
18724229299 3
18804541811 3
18724547368 3
18249252668 3
13846194353 3
15045407829 3
18249259898 3
13946428587 3
15145454672 3
18845480889 3
18804542244 3
18245456717 3
18845401890 3
18249253811 3
13846143088 3
18845406480 3
13846157251 3
15945884240 3
13836640060 3
13945479740 3
13803662263 3
18245498660 3
18724543077 3
13624547259 3
15946554635 3
18249246670 3
13845418894 3
13624544921 3
13604546470 3
13624548745 3
13846134895 3
18249262297 3
18804543882 3
15845406920 3
13604548323 3
18245478898 3
13946424728 3
15945880058 3
18845483133 3
18204549699 3
18845480101 3
13845453585 3
18804545277 3
13846133312 3
18845404477 3
13946440717 3
13846160069 3
18745477830 3
18845403525 3
18304548020 3
15046490679 3
15045416157 3
13803667651 3
13734543177 3
13644541903 3
15046491024 3
18745483328 3
18845497966 3
15945881675 3
15046464037 3
15804546956 3
13836601012 3
15245451077 3
18804549994 3
18845406866 3
18804540608 3
15046494730 3
13845478521 3
13845403149 3
18745494313 3
13946440511 3
18804546061 3
15804541985 3
13704863432 3
18245468897 3
18714542188 3
15846994519 3
18249269393 3
18845482388 3
13945454508 3
13945479665 3
13846183028 3
18845409165 3
15245481753 3
18249829928 3
13803666921 3
13512671425 3
18745475536 3
18804548467 3
18245480917 3
15204545489 3
15214665313 3
13945454413 3
18245456607 3
13504541810 3
13796359820 3
18804546661 3
18745477855 3
15804548635 3
13845413783 3
18845403199 3
18845497413 3
18204547933 3
18845406925 3
18804545443 3
18245463808 3
18845481998 3
13512688018 3
15045404673 3
18845406930 3
13796350919 3
13555591695 3
18304541417 3
18249244616 3
18845495753 3
18804546876 3
18745462998 3
18204543488 3
13846146885 3
15946563007 3
15045400018 3
18804545040 3
15046468118 3
13845454461 3
18845493838 3
18845491212 3
15245481303 3
18245483800 3
18804549396 3
13614699907 3
15846993101 3
13512666709 3
15046465340 3
15204545381 3
13904546459 3
13603698449 3
18245455775 3
13684540812 3
13836646838 3
13555591839 3
13734548513 3
18804546457 3
18804543993 3
15145487768 3
15845400315 3
15845454665 3
13803651522 3
13555590348 3
15045403110 3
15246497309 3
13512689160 3
13846160315 3
13946474159 3
13846183350 3
13604547748 3
18249246635 3
18724226650 3
18245492368 3
15145451956 3
18845406232 3
13604546659 3
15046498633 3
18245459747 3
13836647132 3
13614693974 3
18245484030 3
18724216366 3
18845495767 3
18724216868 3
13504549765 3
18304545799 3
18845491808 3
18804549799 3
13734549138 3
13846170226 3
18204547210 3
15046493933 3
13946427898 3
18245469818 3
18245479308 3
18845493613 3
18204549593 3
13555584052 3
18845495643 3
15945882798 3
15164510133 3
15214665826 3
15164519690 3
13603691740 3
18845406881 3
13903681868 3
15946559151 3
15945885390 3
13945455722 3
15204546449 3
15214661621 3
18724211598 3
18245475416 3
18845406887 3
13846170208 3
13644543488 3
13684543251 3
18804545145 3
13512685919 3
18845495116 3
13846166991 3
15246470170 3
18845493855 3
18845403443 3
18804548488 3
18745470855 3
13664546822 3
15945889882 3
13624546055 3
13946450135 3
18804548669 3
15245480129 3
13836606461 3
13803666678 3
18845409397 3
18845403158 3
13846139082 3
15214663858 3
18304545675 3
13684548089 3
13796350533 3
15246461331 3
18804543457 3
18204545153 3
15045409219 3
18245480566 3
18804545418 3
13845411046 3
13512644428 3
13512666378 3
18249260909 3
15946564920 3
13512679556 3
18245488766 3
15046495087 3
13555583640 3
18304546618 3
13644540303 3
13604547119 3
13946426165 3
13904547030 3
13845479451 3
18804542511 3
18745474239 3
18804548384 3
18204549839 3
13836609045 3
18304548377 3
18804542566 3
13845404710 3
13512669246 3
13845406926 3
18804542090 3
15245457401 3
18249261077 3
13845458638 3
18845495115 3
13803655482 3
18804544474 3
18245457424 3
18245456055 3
18745496460 3
18724549668 3
13846151845 3
18724542707 3
13512664603 3
18804546655 3
18245494345 3
18204549994 3
13836669403 3
15045417717 3
18804548883 3
15245453617 3
13504549637 3
13836641247 3
15804545568 3
18245493397 3
18724217525 3
13846166812 3
15046468670 3
18249266328 3
13704544778 3
13504545895 3
13836664806 3
18845406886 3
18245497709 3
18304544310 3
13846160246 3
15204546977 3
13846199531 3
15845459767 3
15804549657 3
13734543232 3
15214666638 3
15946562313 3
13945498219 3
18245472477 3
13945454484 3
18245481767 3
13644544356 3
13846182305 3
13512667944 3
13836669325 3
13846187731 3
15246475444 3
13555595527 3
15046460630 3
18245459686 3
13845418203 3
13504697098 3
18245483881 3
13512675335 3
18724222205 3
13945471385 3
15246483083 3
18204540866 3
18204549552 3
15046490383 3
13845400232 3
18249242148 3
13846161146 3
15145498885 3
15245454355 3
18249825599 3
13614692313 3
15945886542 3
13846196442 3
15046468410 3
18804542123 3
13836643484 3
13512686617 3
18745485808 3
13846173551 3
13803665780 3
13945468105 3
15246464026 3
13836648761 3
13644540953 3
18724211020 3
18745495697 3
15945889198 3
18304543519 3
13946405440 3
18745453993 3
13512675279 3
13644545559 3
18249256792 3
15804542908 3
15804547647 3
13684540761 3
18804542100 3
18204546968 3
13845415121 3
15145459991 3
15204546817 3
15804544893 3
13684548803 3
13512689423 3
13903683672 3
13945456266 3
15046496247 3
13903681715 3
13796358995 3
13836661525 3
13836601875 3
18245455824 3
13803665342 3
18845405868 3
13555582243 3
15204541612 3
18804543359 3
15945889931 3
18304540269 3
18714546238 3
18845481388 3
15945885881 3
18304547878 3
13836609892 3
13846173212 3
18745464995 3
18245469994 3
15946558884 3
15845457535 3
18845480255 3
15204547321 3
15714666200 3
18845497533 3
13704861505 3
13796354312 3
18249267115 3
13512660310 3
14745685163 3
18249243189 3
18845481511 3
13946443849 3
13704546179 3
18745483521 3
15804545599 3
13555597067 3
18845482088 3
13846164938 3
15145496633 3
13512649011 3
15046495099 3
13845419511 3
18745489299 3
18204547400 3
15845400925 3
18845499919 3
13846154148 3
18845481313 3
13946473157 3
13945457165 3
13803662140 3
13604863680 3
13555593996 3
18245479626 3
18304540664 3
15214664899 3
18245480834 3
15946560106 3
15046464322 3
18745499318 3
13846181693 3
13555580421 3
13946423237 3
