15246486060 3
18249247898 3
18249269316 3
15846999178 3
13836668376 3
13555595523 3
15246469257 3
15214665446 3
15945402758 3
15246475373 3
13512641220 3
18245484266 3
13846161047 3
13836646406 3
13555599298 3
15046464905 3
15145455822 3
15845455275 3
13836615016 3
18249828282 3
13604865239 3
14745685255 3
15046463892 3
13846157816 3
18245496398 3
18249254669 3
18724223598 3
15945881437 3
15045412776 3
18845404560 3
13836644435 3
13846167575 3
13624540946 3
15245450488 3
13846160593 3
18245450181 3
13945459745 3
13846146059 3
18745466913 3
15845456609 3
18245468815 3
13555590105 3
15845408089 3
13555590830 3
13555591951 3
13512674810 3
13836661301 3
13836661331 3
13836662086 3
13946422208 3
13836653868 3
13644542215 3
18845498761 3
13684546246 3
18745499951 3
18724223465 3
15846999244 3
13846183704 3
15145454142 3
18745455186 3
18745485534 3
13504549365 3
18245483989 3
13836647505 3
18245487020 3
13945465869 3
15145459759 3
13846160927 3
13846149255 3
15246483089 3
15804548535 3
18245488411 3
15145450041 3
13945485659 3
18745480036 3
18724217876 3
18724543603 3
18845406599 3
15246496568 3
13946426008 3
13704546077 3
18745455984 3
15946561492 3
18714544005 3
18714544417 3
18204547558 3
13846148232 3
18345456789 3
13803659516 3
18745495508 3
18249244200 3
15245486317 3
13644540481 3
18745464379 3
13604866892 3
13903682108 3
13644546794 3
13836603379 3
18245469693 3
18249236268 3
15945401669 3
18245468438 3
15246495908 3
13555596482 3
18204546779 3
13945475536 3
15204541112 3
15214665150 3
13512642457 3
18845409946 3
15245456641 3
15214666357 3
13904546819 3
18204544683 3
15246495997 3
18245477994 3
18249236597 3
18745468607 3
18249236183 3
13664543405 3
13734541433 3
13512699231 3
15045409217 3
15045410022 3
18745457217 3
15804548263 3
15904547474 3
15245454338 3
13945456528 3
15945886815 3
13946454186 3
15945404203 3
14745686929 3
13634545080 3
13836657795 3
15846991362 3
18745481257 3
13946403380 3
18714545672 3
13836669557 3
13603695447 3
18245481828 3
18245479326 3
18204545055 3
18249250101 3
13796353523 3
18249248773 3
13555592628 3
13803650793 3
13945498813 3
13845402278 3
13803658507 3
13846192277 3
13684546446 3
18249236560 3
15045415073 3
18249248389 3
15845451950 3
18745460416 3
18845412824 3
13945474916 3
15946568207 3
13512683553 3
15245453686 3
18745468074 3
13846165795 3
13845452057 3
15845453181 3
18745489916 3
15145493901 3
18249822456 3
15246473013 3
13946408575 3
15845454513 3
15845454528 3
18714542580 3
13945478783 3
18304544877 3
18245456845 3
18204544477 3
15204544477 3
15145498883 3
18249247611 3
15214664664 3
18245485168 3
15246464536 3
13603692132 3
18249247189 3
18724228169 3
13846166997 3
13845408264 3
15946559951 3
15046464446 3
13845405672 3
13946455646 3
13644545123 3
13846147581 3
15045416815 3
13512671277 3
13704863229 3
15045418833 3
18745457374 3
13634541851 3
13512668015 3
13846149634 3
13946450797 3
13846157632 3
13846196248 3
13845474556 3
13946459611 3
13603693598 3
13604866339 3
13603692398 3
13512688208 3
13836669031 3
15845453623 3
13846164446 3
13946442127 3
18249256363 3
13512662017 3
13846151144 3
15804547329 3
13836667258 3
15845454281 3
15845454282 3
18724223179 3
13946409605 3
13946409635 3
13946440630 3
15946569397 3
13946441737 3
13946407294 3
13512698103 3
13846149365 3
18249248808 3
18249828910 3
15214666027 3
15045410073 3
13946422564 3
13946448665 3
18245467574 3
18245477913 3
18745486412 3
13945473877 3
13803652162 3
13846143133 3
15046460267 3
15046463650 3
15845454443 3
13504698884 3
15245480920 3
13846163692 3
13846143732 3
13604541114 3
18245499857 3
18245468183 3
18745466982 3
13846146534 3
13845472758 3
13946448062 3
18245455636 3
13846142741 3
18724212277 3
18724218425 3
18724211667 3
15946555658 3
18249824338 3
15845454319 3
13614699175 3
13846146405 3
18245459128 3
13504696426 3
13945461366 3
15845405363 3
15246497908 3
13836662544 3
18249829889 3
18249822126 3
13846176270 3
13555591914 3
18249267109 3
15945402074 3
13946421515 3
18249828291 3
18249267056 3
15045401520 3
13945469245 3
13555585686 3
13555588213 3
15204545329 3
18745495414 3
13555599325 3
18249235461 3
18249265665 3
13846152390 3
13945453898 3
13836661173 3
15145455995 3
13664541615 3
15846999862 3
15845407408 3
15214665987 3
15245450928 3
18245483664 3
15204548058 3
13836650436 3
13512671909 3
13734540556 3
18249248568 3
13555588121 3
13555588132 3
13803655778 3
13836668851 3
13555585615 3
18249247211 3
15945887653 3
13836668103 3
13945489833 3
15246488028 3
13614699656 3
15046465768 3
15046464473 3
13803652483 3
15204547318 3
18745460077 3
13846157195 3
18245496392 3
13664548309 3
13845417568 3
18249828767 3
13846172048 3
13946429970 3
15045407528 3
18845423223 3
18204544168 3
13904549848 3
13614548946 3
15145492657 3
15204547113 3
13836658271 3
13796354003 3
15945402783 3
18249235794 3
15246465399 3
15246461625 3
13555581868 3
13803656964 3
15045400196 3
18745474958 3
13945455730 3
18245487018 3
13946401852 3
15245480193 3
15246480818 3
18745494144 3
18249825788 3
13796350022 3
15145457972 3
13945499313 3
18745472234 3
13846149095 3
18745456665 3
15046497818 3
18845407305 3
13555597672 3
18249823899 3
18745472923 3
13803665260 3
15904548125 3
18249823667 3
18204540077 3
13644684917 3
15846997798 3
18245496453 3
18249267426 3
18249823081 3
13512694330 3
13512678035 3
18249244733 3
13945497408 3
18245489619 3
18249269303 3
15845455572 3
13704546476 3
15245459900 3
18249249828 3
18249241105 3
18245460705 3
13945471248 3
13555595382 3
13604864533 3
13836655952 3
15246467047 3
13904547954 3
13803665094 3
18724228641 3
15946563617 3
13803660142 3
18745453008 3
18245474637 3
18245474635 3
18245482946 3
15845400958 3
13614697827 3
13555592851 3
13845455065 3
13684544590 3
18245492005 3
15046468790 3
18249828098 3
15046468709 3
18745491162 3
13734544137 3
18245478495 3
18245488428 3
13946408785 3
15845453795 3
15214667828 3
18724221155 3
18245481940 3
15245458713 3
13846132068 3
13604867845 3
13904545759 3
18249829580 3
13555592429 3
18724212681 3
15045410166 3
13846190920 3
13555592810 3
13512667135 3
18249248543 3
15145499796 3
13684545598 3
18245450216 3
13555597867 3
15845408827 3
18249260186 3
18249247300 3
15245481107 3
15246495250 3
13846188057 3
13836665741 3
15845452779 3
15846999712 3
18714540234 3
15246469392 3
18845480636 3
15845409091 3
13555580499 3
13555585494 3
18249822012 3
13555580410 3
15246492158 3
13803668649 3
15204546491 3
18745491139 3
18245497432 3
18745484765 3
13555585023 3
18724546566 3
13803664747 3
13603697417 3
13512670515 3
18745486453 3
13734543460 3
18249235276 3
18745488267 3
18249823997 3
15946569692 3
18245483684 3
15245457690 3
13803659167 3
13604543834 3
15204545243 3
18245457348 3
18745490886 3
13634544556 3
13946474564 3
18745457402 3
18304548068 3
13704547453 3
13803665610 3
18245457045 3
13634544013 3
13846148095 3
15046463558 3
13644543774 3
18249249870 3
13946444407 3
15904549102 3
13512686013 3
18745463717 3
13836654953 3
18745459437 3
13803667004 3
18724227094 3
13603693476 3
18745450308 3
13946471128 3
15246467416 3
15214666614 3
18745459059 3
18245453473 3
13945457018 3
13803653403 3
18304546735 3
13845472531 3
13664549013 3
18724229955 3
18245479856 3
18249829128 3
13945456491 3
13846162311 3
15945402539 3
13512663823 3
15245458252 3
18245486369 3
13845403860 3
13704863545 3
13704869071 3
13555596278 3
13945466380 3
15045419958 3
13836655683 3
18245457188 3
18304545080 3
13555597426 3
15804548518 3
13845473602 3
13644540044 3
13904544978 3
13836661297 3
18249266730 3
18204542020 3
18249247575 3
13845400573 3
18324544206 3
13846158205 3
13945483065 3
13946427526 3
15945404069 3
18724542833 3
13704543250 3
18245456660 3
13845459151 3
15946563797 3
13845412889 3
13555582795 3
13845474791 3
13945488365 3
13512675303 3
15246495978 3
15845400398 3
13836661592 3
15204540766 3
13836615919 3
13512673639 3
15246495274 3
13845405480 3
13845455112 3
13504699572 3
18845422588 3
18845422688 3
15145459778 3
13555592439 3
18245459611 3
18245496355 3
13836645186 3
13845474070 3
18249252523 3
15804541539 3
18324548399 3
18249828181 3
13945459581 3
15904549601 3
18249255911 3
13734541583 3
13945458466 3
13604541289 3
18249254648 3
15246499790 3
13945468952 3
13504544476 3
18245456006 3
13945475983 3
13836669591 3
13945475131 3
13512645179 3
18245475338 3
15945884859 3
13845451547 3
13846153857 3
13845477514 3
13512643568 3
13512678918 3
18845419345 3
13846155225 3
18249241349 3
13664542332 3
15145452363 3
18249824313 3
13845453717 3
15164516655 3
13846192138 3
18245455226 3
18745461133 3
13846132961 3
18745460009 3
15845452867 3
18745487521 3
18304541035 3
13796354484 3
15945881087 3
13904549367 3
15246473418 3
13904548205 3
13836662829 3
13836661852 3
13504543835 3
13504548905 3
15846999050 3
15946555830 3
13555581526 3
13634542019 3
13836642175 3
18249821132 3
13614691755 3
13836606561 3
13945479321 3
13846178486 3
15804545363 3
18745496906 3
13803668624 3
13504699983 3
13836608369 3
13836669463 3
15845457484 3
15845402616 3
13945484381 3
18204544685 3
18745490930 3
13512679482 3
18745464386 3
15046497357 3
13946408928 3
13945499278 3
13803658817 3
13845405949 3
13704547527 3
15904545172 3
13555580953 3
13945450137 3
13945468435 3
18745489717 3
13604548771 3
18745496062 3
18245469624 3
18745456346 3
13704865516 3
13903688953 3
13945480095 3
13846164167 3
18245462210 3
18845483995 3
18745498162 3
13512680665 3
13512662630 3
18245492022 3
13836644507 3
13946409656 3
18745486802 3
13603697413 3
18245473786 3
13684540604 3
15945882559 3
13634543493 3
13512662121 3
13836660285 3
18804541509 3
13504543659 3
13946442077 3
13836655856 3
13836647083 3
18724221664 3
13603697771 3
13704867895 3
15046499325 3
15245458191 3
13634543360 3
15164513723 3
18304546660 3
18249245194 3
13846173256 3
18245479911 3
18324541151 3
13846174161 3
13845411156 3
18745460322 3
18745462873 3
13946423568 3
18249252162 3
13845475963 3
13945480282 3
13845402593 3
13846169749 3
18249237760 3
13846147237 3
18204545697 3
13504697797 3
13946420055 3
18745473931 3
18745451506 3
13704549497 3
13504541733 3
13624546233 3
13512665782 3
18249251433 3
18745450366 3
15046461030 3
15046461215 3
15946569983 3
15904544539 3
18249238885 3
13945482136 3
13504544025 3
15945889238 3
13555581494 3
18245470906 3
18324544225 3
18245477881 3
13664545198 3
13845479607 3
18845481969 3
13664547549 3
13512694245 3
13603696268 3
13845412831 3
18249249885 3
18249266253 3
13603693059 3
18249266203 3
15164512869 3
18249241008 3
18249248983 3
15245450971 3
13845472463 3
13946409156 3
18249252349 3
18249237696 3
13904545048 3
15045402549 3
13836661483 3
13704546270 3
13644544848 3
15145492298 3
18249246936 3
15046495812 3
15145488197 3
18745472796 3
13846141606 3
18845427533 3
13504545897 3
15246496940 3
15246477051 3
13684543720 3
13603698659 3
15845406866 3
18324541872 3
18249237005 3
18249245396 3
13803656034 3
18845496928 3
13946458196 3
13836654280 3
13512645404 3
13845406533 3
18245496863 3
13945481470 3
18324543576 3
18249238699 3
15904542090 3
18845422566 3
15246487639 3
13512698619 3
15845452641 3
18249252509 3
13945450152 3
18245487248 3
13555599604 3
13845452260 3
15246467773 3
13836662490 3
18845423072 3
18845423073 3
15845451292 3
13945480199 3
13734543125 3
13846187349 3
18845412744 3
13836666259 3
18249242698 3
15046462802 3
13614541138 3
18745486933 3
18304544805 3
13555592332 3
13803663726 3
13846166724 3
15045406760 3
13555592713 3
13512644037 3
13512644583 3
18245460030 3
13945499943 3
13512687003 3
15245452548 3
15046495659 3
18724216611 3
18845498365 3
13512673830 3
18745457820 3
13903683928 3
18845482977 3
18249267657 3
13684544619 3
15045402867 3
13946472698 3
13624546864 3
15045405496 3
18724541211 3
13946447480 3
13512672471 3
18745455364 3
15045417027 3
15945880606 3
13836656362 3
18724549019 3
18724218628 3
15045406285 3
15046461046 3
13846184257 3
18724540303 3
18724549141 3
18724549143 3
18724549035 3
18724549329 3
18724549145 3
15164514650 3
18724222398 3
18724222397 3
13604866620 3
18745476087 3
13803669248 3
18249255592 3
18724549655 3
15904541082 3
15204549934 3
18724229866 3
15204549954 3
15204549984 3
18724549300 3
18724549441 3
13946441196 3
18724549285 3
18724549278 3
13945475873 3
18724540621 3
13846199115 3
18724549483 3
18724549739 3
15714666382 3
13512665940 3
13846150381 3
13946451435 3
13945463959 3
15945883064 3
15246489134 3
13803651072 3
13803650972 3
18714541141 3
18745469644 3
15804542098 3
13946421316 3
18724213430 3
13836664465 3
18745451742 3
13614697740 3
15245459361 3
18845425115 3
13945471406 3
18724549236 3
15804542903 3
13512670477 3
18724549947 3
18724212038 3
18714546889 3
15145457255 3
15145488693 3
13614696227 3
13946471557 3
13903686613 3
13946451162 3
15904543960 3
13845413603 3
13603696770 3
15946553368 3
18724549556 3
15214666623 3
13846160446 3
13846165428 3
13555585491 3
13704869684 3
13846169949 3
13836665925 3
15214668080 3
15046497404 3
15214660237 3
15245458117 3
13946420736 3
13945479164 3
15164519629 3
15214664009 3
15214664070 3
15045415880 3
13512663069 3
13624542975 3
18724210880 3
15204540846 3
18845427700 3
13946403925 3
13845455186 3
13624541842 3
15945880496 3
13512672260 3
13846174801 3
13614695730 3
18724547676 3
13846186751 3
18724542828 3
13644545108 3
13946421428 3
18724222518 3
13803652656 3
15045412442 3
13836643637 3
15145491848 3
15145451659 3
13803653449 3
13684541950 3
15246469305 3
13684541852 3
13945467285 3
13512674691 3
15246493949 3
15246494415 3
13945470862 3
15946561102 3
15246480312 3
15845459648 3
15246474892 3
13836642691 3
15246470996 3
15945402997 3
15946558747 3
13684545059 3
13684549812 3
13624548487 3
15845404673 3
13846162432 3
18304540355 3
13846161343 3
13846161615 3
15845400923 3
15945884995 3
13945451549 3
15945881586 3
15945881142 3
15904544696 3
13845415162 3
18745484288 3
13704540153 3
13674544837 3
18745492296 3
13664549747 3
15804540542 3
13512687631 3
18745483380 3
13504699403 3
18745483580 3
18724228791 3
13846178594 3
18745498267 3
18745453934 3
18745452054 3
18745488026 3
15164516690 3
13946443732 3
13512668449 3
15145488646 3
13704548374 3
13836640916 3
13704540710 3
18714543334 3
13846136644 3
15246481114 3
18745483334 3
18745471407 3
15845404455 3
18724548884 3
13604867774 3
15246481046 3
13512643169 3
13845418331 3
13555582870 3
15045412703 3
15046469306 3
13845452831 3
13796353505 3
13604865211 3
13796350090 3
13846140227 3
13504544659 3
13845413675 3
15246477701 3
15845457342 3
15245454447 3
13836661021 3
15204549663 3
13704545070 3
13555598763 3
13945456636 3
13846190152 3
13846190153 3
15164515756 3
15845408237 3
15164516659 3
13846158187 3
18724219151 3
15245484696 3
13845479078 3
13846166250 3
18745483472 3
13604867136 3
13603692596 3
13604544310 3
13903688046 3
13555581918 3
13796357462 3
18724229877 3
13555597917 3
18724225311 3
15904547161 3
15045410343 3
18724219828 3
13846176378 3
13836646011 3
13846195651 3
15046492421 3
13845414362 3
13604541850 3
18724220563 3
13946423238 3
13946453486 3
13845451344 3
13704861201 3
13945458953 3
15214660875 3
15945882015 3
13846186757 3
13846166507 3
13945468057 3
13512687305 3
13836664690 3
13704548280 3
13836658306 3
15145494116 3
15245489823 3
13946459785 3
15145452677 3
15245488592 3
13945489402 3
15845459170 3
15845456059 3
15246492919 3
15846999906 3
13946428195 3
13803661315 3
15846999113 3
13836646714 3
13734541400 3
13836615392 3
13512683238 3
18724218285 3
13836608943 3
18724549862 3
15846999657 3
13846168266 3
13614691898 3
13836605543 3
18745455823 3
18724549755 3
13946473259 3
13512683896 3
13836643419 3
13644541249 3
15045415213 3
13684547471 3
13836651747 3
13836654882 3
13946404427 3
13555587870 3
13614691509 3
13664547978 3
13803654993 3
13734547883 3
18745494945 3
13836662970 3
13945459673 3
15045411549 3
15164516070 3
18745464855 3
13803653684 3
18714546833 3
13945459274 3
18714544377 3
13845413556 3
13512671026 3
15145499219 3
13904546827 3
15804543010 3
13704547640 3
13604549527 3
13946474985 3
15145496916 3
13903686100 3
13845477984 3
13846186237 3
15845406094 3
18745462187 3
15046499008 3
13845472488 3
13704543541 3
13846164887 3
15204549843 3
15204549746 3
15245453648 3
18745481588 3
15946556075 3
15046467697 3
13644684408 3
13846192031 3
13846196005 3
18724543418 3
15046466703 3
13796350254 3
13945488694 3
13604866391 3
13836608892 3
15845458230 3
13634545248 3
13803662906 3
13512660589 3
13512688931 3
15845454377 3
15246493911 3
18724226255 3
15246483911 3
13836609963 3
18745487827 3
13704543884 3
13845400513 3
13603696220 3
13555594581 3
15045404247 3
13555594790 3
18724543514 3
13664541590 3
18745490288 3
15204549739 3
13846161246 3
13836654001 3
15714668097 3
13946458478 3
13734544655 3
13512674136 3
13796358915 3
15845409589 3
18745498244 3
13846168021 3
13945484469 3
13846177754 3
13624547288 3
18745490048 3
15204546347 3
13903682239 3
13664547113 3
18724229568 3
18745461428 3
18724229569 3
15214666132 3
15045410870 3
13504542439 3
13644684441 3
15246484449 3
13846151963 3
15246494447 3
13512645690 3
15845454440 3
15845454441 3
18745494445 3
15804547762 3
18745484449 3
13664546096 3
15246464440 3
15246464448 3
18745484446 3
18745474449 3
18745492633 3
13704548992 3
18724218561 3
13634542351 3
13945476845 3
15145451395 3
13512687163 3
13945460695 3
13512648744 3
18724548810 3
13624546557 3
15946554668 3
18745489607 3
15246496497 3
18745498411 3
13512668155 3
15846994435 3
13512694224 3
13903681656 3
13846184041 3
18724543922 3
13836644514 3
13603691479 3
13845404397 3
13845408036 3
18724549392 3
18724540296 3
18724540297 3
18724549513 3
13946403970 3
15145488936 3
18724220998 3
13845472594 3
13555590529 3
13604544691 3
15246492858 3
13845476064 3
13555589244 3
13604542011 3
13945457627 3
15045404038 3
13684547746 3
13555588954 3
18724213838 3
13684544772 3
13684544790 3
18745453599 3
13846192487 3
18745454866 3
13845474962 3
13504697812 3
13846163397 3
13555597631 3
13555595671 3
13634541019 3
13603696961 3
15246485517 3
13603697278 3
13603697998 3
15046466852 3
18745463412 3
15904548776 3
15904542529 3
15214663122 3
15804542623 3
13846161938 3
15804542658 3
15145459579 3
15714545953 3
13604864568 3
18745489760 3
15045413002 3
18745499726 3
15045411057 3
13846161187 3
15145498971 3
13555598098 3
15046491869 3
13946407817 3
13845451689 3
15046460353 3
13946408990 3
18724543477 3
13504543227 3
18745476638 3
15945401152 3
13512686557 3
13846163887 3
13504545125 3
13796359336 3
18745470788 3
18745470808 3
18745470707 3
18745491137 3
15045418956 3
15164514929 3
13512644743 3
15045410554 3
15045405579 3
18745482186 3
13845409930 3
15846991021 3
15846990730 3
15145456243 3
15145456292 3
15904543027 3
18745481648 3
15945404820 3
13512648097 3
13846146933 3
13845404071 3
15046466228 3
15204547157 3
13946471197 3
13512686409 3
15845403899 3
15946551316 3
15246494922 3
15245486056 3
15204549227 3
13512677903 3
13684541475 3
15246471669 3
13845459181 3
13836662903 3
15214667201 3
15804543979 3
15246497316 3
15046491780 3
15804545923 3
13845410322 3
13946420272 3
18745471452 3
18745471453 3
18745471450 3
15045401025 3
13836650791 3
13846158275 3
13845474224 3
13604542301 3
13836608712 3
13704865841 3
13836644792 3
15045408971 3
15946557932 3
13945454018 3
13846136790 3
13945454138 3
13846181790 3
15164514556 3
13555580461 3
15164510406 3
13846142510 3
15946553299 3
13845452392 3
13846197695 3
15145499641 3
13945453938 3
15246467592 3
13704860793 3
15904546770 3
13836661197 3
13846146657 3
13846140152 3
15246481611 3
13945489073 3
15045416158 3
15145496024 3
13512666757 3
13796354828 3
15945884377 3
15245489121 3
13644547085 3
15145493836 3
13846142819 3
13845414810 3
15246482542 3
15945402440 3
18724219319 3
18745461171 3
15204546847 3
15246468481 3
18724544463 3
13846182137 3
18745452855 3
18745464531 3
13846184030 3
18714547898 3
13512678306 3
13614541731 3
18724215833 3
18745464514 3
13504541359 3
15945880287 3
15045411299 3
13945487574 3
15946555258 3
13903683212 3
15246486698 3
13845413268 3
15145451198 3
13704544232 3
15945889866 3
13555597284 3
13512687816 3
13555589038 3
18714547896 3
13512646368 3
15204541253 3
15204541280 3
13845471135 3
15046495006 3
18745499021 3
15204549596 3
13846150067 3
15204546003 3
13803658430 3
15045413037 3
13946455578 3
13555583654 3
15945883269 3
13704540496 3
15145496774 3
13555583021 3
15246461761 3
13946401144 3
13903685248 3
15204541626 3
13904545056 3
13836654806 3
13555592698 3
13845417873 3
18745464845 3
13946452289 3
13836603489 3
15164517229 3
13845450778 3
13704868533 3
15145452600 3
18724222699 3
15145494448 3
13946428347 3
13846188287 3
15164514442 3
13512660209 3
13512645912 3
15245454443 3
13946448026 3
13946441617 3
15245488590 3
13846187922 3
15945882625 3
13945499353 3
18724218416 3
13946443477 3
13803659518 3
13504699904 3
13846162273 3
13946428502 3
15245486685 3
13512663181 3
13704865967 3
13624545979 3
15145491792 3
13624544236 3
13846166396 3
15804541091 3
15046462816 3
18724216286 3
15846999747 3
13845404195 3
13512665137 3
13836602360 3
13555582751 3
13803661947 3
13604548195 3
18745453022 3
15145454334 3
13846153457 3
13555588541 3
13846167758 3
13555592632 3
15246499426 3
13845416065 3
13555587739 3
15804543909 3
15246484205 3
13846135908 3
13836647266 3
13946455561 3
13624546965 3
13674544135 3
18745464850 3
15804540689 3
15845407069 3
13504546139 3
13704545926 3
15846998801 3
13803669131 3
13684540979 3
13946453368 3
13845408918 3
13845400587 3
13504548601 3
13836662619 3
18745487149 3
13946457973 3
13555580076 3
18249245040 3
13674549173 3
13555594973 3
13803655449 3
15246483618 3
18745471480 3
13555597419 3
13684545652 3
13946424037 3
13846163241 3
13624543568 3
15246492717 3
13504546647 3
13903683552 3
13555590138 3
15945887289 3
15245456808 3
15246473711 3
15846998156 3
18745488091 3
15845450548 3
15246499233 3
15145496689 3
18745458080 3
13504696073 3
18745495133 3
13904549999 3
13555586406 3
15214664730 3
13846162829 3
15045411969 3
13946448839 3
15946565259 3
13846197323 3
15045401812 3
15045402926 3
13846170065 3
15046496252 3
15045402155 3
18745487919 3
18745486029 3
13512648754 3
18745495422 3
18745471901 3
13846151070 3
13903687173 3
13704549382 3
13634542509 3
13803668162 3
13946425400 3
13846192896 3
13846192996 3
13846140208 3
13945459573 3
13504543762 3
13846139211 3
13603698563 3
13945450663 3
13846148731 3
13803662356 3
15246462257 3
13604549025 3
15845404909 3
13634541920 3
15045405223 3
13634542180 3
13614694177 3
15245483108 3
13803658476 3
15945885669 3
15246473443 3
15804541840 3
15214662642 3
15045411395 3
13846131586 3
15204545229 3
15045405218 3
13846175300 3
13836653270 3
15945888593 3
18745491780 3
15945888725 3
15246470133 3
13555584004 3
13945459157 3
15946564688 3
18724215933 3
13946428675 3
13803668846 3
15204542710 3
13946405828 3
13504544982 3
13504545287 3
13504545347 3
13836650271 3
13504545421 3
18724224533 3
18724224600 3
13845408145 3
13704543392 3
13555581643 3
18724210432 3
18745492677 3
13846168046 3
13634542397 3
13644545787 3
13846135145 3
13846135195 3
13846193236 3
18724543900 3
18745470537 3
18745470878 3
18724219041 3
18745470980 3
13945451665 3
18745475186 3
18745475262 3
15145453161 3
13845408068 3
13836667068 3
13946441705 3
18745482376 3
15145451519 3
13946459815 3
18745482591 3
18745482709 3
13603697633 3
13946451371 3
18745489858 3
13555585776 3
13836600257 3
13846176935 3
15845403765 3
13836640553 3
13624546191 3
13945452250 3
15045414840 3
13803655058 3
13664543536 3
15945888064 3
13664540102 3
18745404999 3
13904549383 3
13945459489 3
15945400771 3
18745495579 3
15145459693 3
13845456535 3
15046462898 3
15804543218 3
15164510667 3
13836603562 3
15845403785 3
13604545889 3
13512686128 3
13846142483 3
15945886268 3
15214667719 3
13555585626 3
18724543851 3
15204545096 3
13512668229 3
13904549290 3
13945464018 3
13836607772 3
13803669145 3
15946552629 3
13555588178 3
18724543988 3
13555585637 3
15145494990 3
15245482117 3
15046463568 3
18724219669 3
13945452278 3
13836606281 3
13846152410 3
13624545993 3
13604865300 3
13555596877 3
13704860717 3
15246478014 3
13845408167 3
18745482833 3
18745499793 3
13846144002 3
15804543568 3
13903688850 3
13512664800 3
13555587967 3
13555592136 3
13555592185 3
13555583102 3
18745498368 3
15145455293 3
15246463181 3
15204542727 3
13904546822 3
15246461183 3
13904548191 3
15145490923 3
15204549635 3
13512698256 3
15045408518 3
18745471437 3
13836648293 3
15045401127 3
13704549287 3
15245457713 3
18724218487 3
15946567684 3
13846173430 3
15246495880 3
13803654162 3
15804542559 3
18724544661 3
18724544662 3
18745456937 3
18745457129 3
15045409521 3
15946568770 3
15945886058 3
13634544871 3
15846995590 3
15714545574 3
15245458878 3
15145450105 3
13945484055 3
13803655005 3
13512679455 3
15045404826 3
15246465840 3
15164516805 3
13512660323 3
13904548907 3
13704545105 3
15145490212 3
13512698979 3
15946554687 3
13845409525 3
15045409637 3
13504548598 3
13704863151 3
15945404303 3
13846159919 3
13845454454 3
13504545189 3
18745488478 3
15904547627 3
13945487049 3
18724228755 3
15946561338 3
18745482076 3
15904546238 3
13946440342 3
13846178897 3
13512684858 3
15045409246 3
18745485135 3
15804545483 3
15714668247 3
13945478628 3
15046493189 3
13512683265 3
13846141706 3
15145499836 3
13946451477 3
15804548616 3
13704545689 3
13846164706 3
13664547304 3
13845409823 3
15945887990 3
15804540415 3
13734542631 3
13555585982 3
15046460048 3
13555590607 3
13803661091 3
15214666217 3
13845405704 3
13946401520 3
13734542158 3
15846994529 3
15845405626 3
13846193992 3
13644540096 3
15164519792 3
13512663843 3
13945498850 3
13945457418 3
13846161824 3
13512663562 3
13945461316 3
15045404088 3
13555584723 3
13604867600 3
13836668462 3
13846178609 3
15946550298 3
13803667354 3
13803667301 3
13803667083 3
15245456790 3
13836644110 3
13555594363 3
15164511922 3
15945887308 3
15246467631 3
15845453511 3
15845457485 3
13734542977 3
15804549662 3
15845455341 3
15945400152 3
15145499296 3
15945889192 3
15945883081 3
18745489038 3
13512698469 3
13704863268 3
13836661377 3
13836660287 3
13946421919 3
15245459360 3
15245459380 3
15245459370 3
15846999850 3
13704864116 3
13946453833 3
18249262487 3
13803650479 3
13845478935 3
13836601097 3
13846156212 3
13803653753 3
13704549773 3
15204549719 3
15045403723 3
13836601020 3
13945480038 3
13945469009 3
15245451687 3
15904543328 3
15846996722 3
13946441032 3
13836647954 3
13845450216 3
18745485159 3
15145457003 3
15145487510 3
15845450551 3
13945484210 3
18724229220 3
18745471962 3
15245457661 3
15204549861 3
15946560737 3
18724217966 3
18745482404 3
13946471686 3
18714546654 3
18745459833 3
13604548927 3
13946446050 3
13704542784 3
13846192990 3
15845400391 3
13846165451 3
13946441016 3
15246480086 3
13946449336 3
13846137232 3
13845470867 3
18724229223 3
13946471208 3
15204549738 3
15245457923 3
18724222073 3
15045405919 3
13946471144 3
15245454990 3
15245456338 3
18745495002 3
13555590832 3
15245459921 3
15245459913 3
15246461136 3
13945473386 3
15246461163 3
15246494217 3
18745498123 3
13845406178 3
15945887588 3
15145453611 3
18724216569 3
13946448957 3
15046499166 3
13624546616 3
13846158929 3
15045415383 3
15845401029 3
18745460426 3
15046463216 3
18714546855 3
15904549387 3
15946551022 3
18714542331 3
13846147207 3
15246486696 3
13512649200 3
13512645933 3
15245484776 3
18745499929 3
13846194053 3
13846186062 3
15904541499 3
15246497008 3
15204547477 3
13803656970 3
15246498308 3
13846131227 3
18745486230 3
13555593358 3
13846161606 3
13946449087 3
18745499018 3
13796350537 3
13512645900 3
13555598318 3
13945472732 3
13504543193 3
13555591866 3
13555592289 3
13555591852 3
13734541719 3
15846995060 3
13846175506 3
15904548012 3
13946448116 3
18724546803 3
13946454925 3
13704864355 3
18724546839 3
13846194075 3
15246479979 3
13614699662 3
13614699663 3
15845454233 3
13904546435 3
13945478428 3
13704546606 3
18724210868 3
15164518388 3
13836605607 3
18745461814 3
13836659692 3
13846170219 3
18745484106 3
15145488709 3
13603696758 3
13846154765 3
13845456545 3
13945472380 3
13704868033 3
13512688780 3
13512664007 3
15904544758 3
15164519779 3
13945486486 3
13504547982 3
13555591140 3
18724545198 3
13846164085 3
18745468142 3
15204543832 3
15046466637 3
15204541045 3
15945884247 3
15845453810 3
18745499375 3
13836641058 3
15946567525 3
18745498769 3
13624548200 3
13945485911 3
13845413065 3
15246497269 3
13946459618 3
15204549735 3
13836648211 3
13845414242 3
15145492993 3
15714666559 3
15246463553 3
18745466575 3
13845408897 3
15214667072 3
18745498761 3
15246466922 3
13836644946 3
15845407786 3
18714549899 3
18724229373 3
18724546866 3
13845474897 3
13604863126 3
18714549876 3
18745489317 3
13664543565 3
15845453299 3
13734545339 3
13845456051 3
15245457629 3
15846991090 3
15945882939 3
15945880311 3
15946550311 3
13634545438 3
13704866968 3
15245487227 3
15046462015 3
15945884219 3
13846198584 3
13504696441 3
18845482172 3
15945401540 3
18845493210 3
15145459765 3
13846137900 3
15246487704 3
15204545591 3
15846992070 3
13603691527 3
13512698046 3
18745483051 3
13846162407 3
13684544503 3
13684544507 3
15245488816 3
13664548552 3
15946556556 3
13846182377 3
13846198277 3
13512662400 3
13614694527 3
18745463766 3
15946555995 3
13512664011 3
13845402952 3
18714546560 3
15845459872 3
13845400779 3
18745485730 3
15214665387 3
15246469388 3
15214666955 3
13512677576 3
18745496188 3
13512669383 3
13836607110 3
13945468936 3
15845401769 3
15214669463 3
13734547051 3
13624547654 3
15145493089 3
15245485828 3
15945403157 3
13946444964 3
15845405069 3
15246496197 3
13946443358 3
13846185153 3
13704545328 3
13846149648 3
15846998507 3
13846141658 3
13846169305 3
13846192285 3
13946404036 3
18724548500 3
15245458715 3
15846995519 3
13555593351 3
15845402927 3
13604549038 3
13674544099 3
13836663151 3
15845455503 3
13644543701 3
13845476105 3
15945883477 3
13946444971 3
15946550166 3
13846180787 3
15046493289 3
13512668528 3
15214661165 3
13614696028 3
13555584671 3
18714542372 3
13946406542 3
13803665068 3
13603691528 3
13846195209 3
15246468255 3
13664540053 3
15845404049 3
15945881597 3
15164512936 3
13836649286 3
13704868219 3
15945882993 3
13803652998 3
15204546390 3
13555584379 3
15145454931 3
15046463064 3
15246492099 3
15245480880 3
15945887514 3
15145495955 3
18745461773 3
13603695436 3
18714546266 3
13664540659 3
18714546203 3
15846995891 3
18714546323 3
15246480868 3
13945463506 3
13512675794 3
18324547533 3
15245457753 3
15846990911 3
13945482835 3
18724545168 3
13846139552 3
13836607428 3
13946404163 3
15946568598 3
13845414346 3
13512667715 3
13836643031 3
13946448048 3
18745471902 3
18745471903 3
13845415332 3
13504696823 3
13704546447 3
13846135450 3
18845488836 3
13512694447 3
15214661344 3
18724226599 3
15945885833 3
15945889833 3
18724218840 3
13846163104 3
15945884460 3
15164515024 3
15245489589 3
18745461187 3
13555590884 3
13946421731 3
18845413344 3
13846198810 3
13796357492 3
13846191431 3
15846999047 3
13704543964 3
15046463642 3
15145450644 3
13836604592 3
13504544302 3
15046493495 3
15946553685 3
18745453224 3
13796355324 3
13845476796 3
13836664082 3
13945464950 3
15145498602 3
13846139617 3
13846165144 3
15804543875 3
15145451656 3
15846990952 3
18745489783 3
18745476645 3
18714546525 3
15946558585 3
13684545612 3
18724215764 3
13512667623 3
13846173774 3
15164517861 3
15246481189 3
18745452033 3
18724549833 3
13614543304 3
13845472337 3
15214664696 3
13846134463 3
13903688020 3
13803656934 3
15846999720 3
15845455032 3
13604864691 3
13555589837 3
13846144109 3
13512683402 3
13836651431 3
18745450522 3
15946562224 3
15904545615 3
15214665285 3
13836605048 3
15246498209 3
13512646739 3
13704863597 3
18745464784 3
15045405647 3
13603693221 3
18724218286 3
13555599410 3
18745473854 3
13664543618 3
18724210466 3
15046492662 3
13803658611 3
18745452874 3
13845455549 3
18745493317 3
18724214851 3
18724214852 3
15145492706 3
15845452913 3
13904547912 3
13904547643 3
18724217501 3
18745461902 3
15246467422 3
15246473906 3
18724546692 3
15904543915 3
13846169800 3
13664547465 3
15246481566 3
15045417082 3
15946567758 3
15214665400 3
15045401610 3
15145497360 3
13845479445 3
13946442485 3
18724223129 3
15214667516 3
15214667519 3
15164515317 3
13555582993 3
15246499962 3
13512668671 3
18745465505 3
13704546428 3
18745498599 3
13846143203 3
13846135513 3
13512687544 3
13845412520 3
18724221949 3
13945480443 3
15214665820 3
13836647318 3
15045400332 3
18714545366 3
18724222335 3
15714668930 3
13674549687 3
15714666494 3
18745492637 3
15845405853 3
18724226268 3
13604540390 3
15946564459 3
18714543188 3
13512662453 3
13624545279 3
18714543400 3
18745495491 3
18745494947 3
15045419418 3
18714543987 3
18714543988 3
13845454423 3
13803651253 3
13644548316 3
13614699133 3
13512671258 3
15946553782 3
18714545211 3
15714668731 3
13644547828 3
13704866707 3
13644545554 3
15245458624 3
15245457261 3
13704861884 3
15246465305 3
13504697242 3
18724543218 3
18745478159 3
15246461289 3
18745488717 3
13504544619 3
18724221688 3
15145492049 3
15246492917 3
15246492778 3
13945480311 3
13555589957 3
13946452471 3
15046495578 3
15046495015 3
15945882171 3
15245481772 3
15045402103 3
13614699299 3
13734541216 3
13903689806 3
13846192600 3
13836665155 3
13903685955 3
18714542362 3
18714542350 3
13846178548 3
13846150573 3
15145450583 3
13504543876 3
13845479276 3
13555584771 3
18724212475 3
13836650341 3
18724229968 3
13946406574 3
15245454845 3
15245481420 3
15145490239 3
15714546789 3
18724225481 3
15214661632 3
15145487920 3
13846195378 3
15145457769 3
15246464587 3
13555588948 3
18724219695 3
18745484029 3
13846185145 3
13555581578 3
18745484736 3
15846996696 3
13604868505 3
15945886778 3
13664546494 3
13555594774 3
13512675814 3
18724229388 3
13603698038 3
15046499482 3
13846159413 3
15845456422 3
13945476602 3
18724210100 3
18724229595 3
18724229292 3
13704860490 3
13555583411 3
15145458398 3
13512643596 3
13845415578 3
13555591406 3
15845409644 3
13836606955 3
13803666298 3
13836608898 3
15045414218 3
18714546320 3
15246496709 3
13604868147 3
13946474593 3
13512649259 3
13614697240 3
15846991746 3
13846156149 3
18745473475 3
18745478992 3
15846997558 3
13845400070 3
13704549579 3
15045417663 3
15145497428 3
18724543151 3
13945451367 3
15214662462 3
15214662470 3
18714546332 3
13846177452 3
13946459219 3
15945883455 3
18745454861 3
13946454513 3
15846994641 3
18745454173 3
13704547425 3
15245489346 3
18745478485 3
18745478476 3
18745478458 3
15946558302 3
13836655706 3
15164515588 3
15164511146 3
13836609833 3
13604547840 3
13945452974 3
13803651031 3
13803658559 3
15714548260 3
13704861099 3
13945486773 3
13604864056 3
13846188730 3
18724214624 3
13836669081 3
15246472199 3
18724219958 3
13836665213 3
15246496950 3
15045410736 3
15845450646 3
15145492522 3
15246473488 3
18724543203 3
15245458634 3
13903684926 3
13836665971 3
13504542955 3
15246494117 3
15845408442 3
15714548323 3
13512686695 3
13945479397 3
18745473418 3
15845452648 3
15214661462 3
15045412638 3
13796355885 3
13945465459 3
18724544104 3
15946562081 3
13846193122 3
13845455234 3
13624540659 3
18714546746 3
15946551420 3
18745495786 3
15214661927 3
15946560199 3
15245459417 3
13512671378 3
13803655163 3
18724548299 3
13644549716 3
15145494424 3
18745456371 3
13836657254 3
15145459009 3
18724544117 3
13846169258 3
18724229019 3
18724229017 3
15246481351 3
13846188903 3
13634545661 3
13845419945 3
13845471421 3
13803668426 3
13512673078 3
13803667727 3
15845407133 3
13846157059 3
13555581495 3
15946558918 3
15945400095 3
18724544987 3
18845498248 3
15246479703 3
15214662203 3
13845459684 3
13845473135 3
15214665597 3
13512648178 3
15204544114 3
18724543569 3
13945461807 3
18724543583 3
15946558816 3
15245480218 3
18724214416 3
13644540668 3
13845414035 3
13644544389 3
18724219398 3
13846147696 3
13845416341 3
13512663538 3
18724543628 3
13836615704 3
13704541429 3
18745491631 3
13946425148 3
13734546180 3
15845405705 3
13836660683 3
13845457105 3
13946442582 3
13604868992 3
13512675612 3
13704860439 3
18724546217 3
18724546207 3
15946565079 3
18724215947 3
15145494120 3
15245455158 3
15145494127 3
15145453191 3
13624546652 3
18714542862 3
13945483369 3
15846998971 3
13903686343 3
18745469345 3
15045400878 3
13555595813 3
13704547590 3
13512646317 3
15145452644 3
13945484822 3
13846134626 3
18745476197 3
13904547698 3
15904546508 3
13555598204 3
15145498763 3
15214660654 3
18724214405 3
13846187904 3
15245459796 3
13614699311 3
13845407254 3
13845407354 3
13945465870 3
13704868508 3
18714546949 3
15946550159 3
15246475896 3
13512643235 3
18745454088 3
13846150366 3
15946553641 3
13684547863 3
15046498237 3
18724222520 3
13684546396 3
18724544541 3
13644547300 3
15246499022 3
13664544862 3
15245489425 3
15246498081 3
13945486217 3
15246485187 3
13704866602 3
13846173891 3
13704541171 3
18724544711 3
18724544722 3
18724544600 3
18724544611 3
18724544212 3
15045412672 3
18714546312 3
15246495804 3
15845400794 3
18745497886 3
15246496981 3
13846174854 3
18724543606 3
13704545594 3
15246492748 3
18745488765 3
13946421860 3
13803655009 3
18724544246 3
13946453334 3
13945460885 3
15246478516 3
13674544533 3
18714546835 3
13836643514 3
15246485298 3
15246477327 3
13946452446 3
15045419369 3
15904548669 3
18724218569 3
13614541479 3
18745496931 3
15145493826 3
13836607607 3
18724217534 3
13845417604 3
13846176814 3
13512661998 3
18745485448 3
15246478315 3
15045407832 3
18745494149 3
13796359487 3
18745460837 3
18724213606 3
18745453384 3
13734546046 3
13504547358 3
18724543649 3
13946457352 3
18745452573 3
13704867254 3
13555581485 3
13644546365 3
13946459861 3
13903687213 3
13504544007 3
13946451348 3
15045411620 3
13704541809 3
13946449894 3
13845475839 3
18745450833 3
15204545825 3
13903687396 3
18724229779 3
15804546726 3
15145488210 3
15045403941 3
13796350481 3
15845453146 3
13803652693 3
18745494979 3
13946473409 3
13512668157 3
15245453529 3
15245459004 3
15145488372 3
13846173267 3
15714548047 3
15945881810 3
18724219814 3
13903682145 3
18724229976 3
13946403379 3
18745478963 3
13846188212 3
15246488049 3
15045415313 3
13836640460 3
15946555902 3
13704868557 3
13846149986 3
15246460353 3
13946455859 3
18745478439 3
13845417716 3
15045413495 3
13684547221 3
15714548541 3
13846187921 3
13846192962 3
13846192997 3
13614699291 3
15246461377 3
13845453560 3
18249261608 3
13803668740 3
13946451466 3
13846162577 3
15846996214 3
15246499828 3
13846197646 3
15246492818 3
15145491224 3
13836603031 3
13946443109 3
15246479812 3
18714546383 3
18724224497 3
15145499364 3
13846198259 3
18724218319 3
15945884251 3
13904544739 3
13945456072 3
18724217088 3
13846169616 3
15046498424 3
13846133698 3
13836600933 3
13512666381 3
15045400466 3
13684544700 3
13704543219 3
13684546676 3
18724218432 3
15845450400 3
15246465311 3
18745471721 3
13604541152 3
15845400406 3
15904541398 3
13803668403 3
13946448257 3
13846190521 3
13603699731 3
18745470776 3
15045415192 3
15845451121 3
15145488625 3
13846187603 3
18745499493 3
18745485869 3
18745463489 3
13512643551 3
13512666735 3
13634541820 3
13512671520 3
15046463830 3
13946474895 3
13704868246 3
18745457264 3
13624542498 3
13836600889 3
13704867452 3
15946567184 3
15045400351 3
13836652752 3
13946448343 3
15145499145 3
13946406117 3
18745461801 3
13604865954 3
15246473916 3
18845428866 3
15846994963 3
18724211947 3
13634544930 3
13734547982 3
18245483654 3
18724547800 3
18745499883 3
18724547611 3
18745460668 3
15046469609 3
15246463832 3
18724225489 3
13845478103 3
18724226837 3
13946420775 3
15204548004 3
13614696639 3
15214669347 3
15214665831 3
15214665706 3
15214665908 3
13634543006 3
15046490539 3
18745479863 3
15245458725 3
13945464257 3
13846174692 3
18745499028 3
18724546252 3
13684549747 3
18714542619 3
15246495946 3
15945885290 3
15246495907 3
15246495948 3
15246494947 3
13634542472 3
18714546324 3
13845403757 3
18724225423 3
18724546278 3
18724222036 3
15946558972 3
18745461684 3
15845404077 3
15245485477 3
15246495987 3
13836600324 3
13836605634 3
13836607332 3
15045406998 3
18724222597 3
15045409070 3
13945477984 3
13644543789 3
15946565136 3
13946446060 3
15046465010 3
15246499066 3
15246480319 3
13512675595 3
13504542349 3
15945887193 3
13512646295 3
13504694749 3
13945452104 3
13946422878 3
15846999847 3
13846169921 3
13845451564 3
13504542821 3
13946420477 3
13836600484 3
13555598457 3
13846179547 3
13504540132 3
13946450211 3
13846143985 3
13946450311 3
13803669649 3
13803669843 3
15845453364 3
15045405526 3
13604865920 3
15045403376 3
13803655722 3
18724218312 3
15946552580 3
13945467796 3
15945404535 3
18745471489 3
18745471486 3
15045403951 3
18745475622 3
18724546100 3
13846187566 3
13603696377 3
13845415187 3
13512649078 3
18714546682 3
13512642882 3
13904548737 3
13836606446 3
15045401891 3
18724219866 3
15246499303 3
15246499313 3
15245488429 3
15804549775 3
15246461219 3
15246494043 3
13845459609 3
15945402633 3
13614694153 3
15804546097 3
13796353985 3
18745470246 3
18724229858 3
13845418824 3
13845475587 3
13845418859 3
13845474733 3
18745461131 3
18724229040 3
13846179089 3
13946455010 3
13846195838 3
13836663739 3
18745462700 3
18724221980 3
18724545189 3
13946442162 3
13512649471 3
18724221072 3
13555590748 3
13504545148 3
15845454227 3
13664544088 3
13664546634 3
15246470677 3
13555582391 3
15846993733 3
13836653481 3
18745478417 3
18745451943 3
13512675980 3
13946447577 3
13624547780 3
13512665883 3
13614697077 3
18724546455 3
18745480027 3
15845408189 3
18724229158 3
15246469539 3
18724543460 3
13604549786 3
18724226488 3
15945883839 3
15164519842 3
13512688628 3
15045409255 3
13836655043 3
13504548052 3
18724219419 3
18724219422 3
15246465117 3
15204549761 3
15245451201 3
15245454772 3
13704860472 3
13836652050 3
15204549884 3
18724219443 3
15204549849 3
15945885399 3
15245457993 3
15204549649 3
13604549026 3
13734548860 3
13846190802 3
13512687969 3
15204549745 3
15204549645 3
15245451141 3
15204549904 3
15245451649 3
15204549859 3
15245451664 3
15204549838 3
15204544091 3
15046469623 3
13945484609 3
15204549693 3
15204549648 3
18745463428 3
13512673040 3
15946552387 3
13836609673 3
15204542138 3
13836640686 3
13836659580 3
15945882970 3
15245453241 3
15245459843 3
13555583022 3
13836664924 3
13704542145 3
15145454084 3
13512677183 3
13614544386 3
13704868299 3
13945473899 3
13555590211 3
15214665569 3
13836669773 3
18724214981 3
13512647868 3
15214662081 3
15904548738 3
18745476056 3
13604868976 3
15246499583 3
13644547082 3
13946425994 3
13664546195 3
18745476393 3
15145489224 3
13846134243 3
13846189213 3
18745473394 3
13512698385 3
13836659258 3
13845476178 3
18724215970 3
13946426911 3
13604863621 3
13945476336 3
13512675658 3
15246469668 3
18724218932 3
18724218923 3
15845401973 3
18745456424 3
13704861645 3
15045405247 3
15846999048 3
18745463059 3
15846998048 3
15714668501 3
13644542786 3
18724224029 3
18724226088 3
13504543284 3
15246484400 3
18724221721 3
15246494433 3
13555593485 3
15804548844 3
15246476924 3
13945486894 3
13945487134 3
18724224993 3
13946446807 3
18724218844 3
13603699709 3
18724225318 3
13504546046 3
18745454433 3
18724214411 3
13903688575 3
13704869775 3
15045406537 3
18745474433 3
13614694575 3
18845424866 3
18745494477 3
18745495544 3
13803651002 3
15214663601 3
13614696615 3
15804544036 3
13614699097 3
13836649779 3
15946568110 3
13512680785 3
13604544694 3
18724217208 3
18724220811 3
18745498844 3
15246476403 3
13945453530 3
15246485277 3
13604541037 3
13836650346 3
18745478962 3
13846181513 3
13796353185 3
13903688422 3
13836649658 3
15846994548 3
15246487898 3
15045408867 3
13796357107 3
15245459320 3
13836667209 3
18714549855 3
15945887860 3
13644546668 3
18724543843 3
15945400012 3
18745469063 3
13904545210 3
13904546823 3
18745471479 3
13512684996 3
15946559897 3
13904545528 3
13512686525 3
15946553833 3
15204549972 3
13504698048 3
13846136872 3
15204549931 3
13945471919 3
18745478951 3
13836645165 3
15246464479 3
13836605214 3
15045406129 3
15045407079 3
15045407069 3
13846156347 3
15246468013 3
13945451476 3
15946555285 3
13512675837 3
13512694114 3
13674544255 3
13504699713 3
13945458903 3
13555592989 3
18745478467 3
18714542033 3
13664540062 3
18714542099 3
13555582158 3
15846992009 3
13604866805 3
13512642571 3
18724229598 3
18745478406 3
13512667253 3
15246477123 3
13846133070 3
13845477578 3
13903687984 3
18724229101 3
18724229103 3
13846150589 3
13512678228 3
18724229557 3
18724229109 3
18724229553 3
18724229556 3
15804545817 3
15204549848 3
13512664723 3
13836649798 3
13946421730 3
13836640029 3
13734540477 3
15245484315 3
15046461165 3
13845404614 3
13634544542 3
13704541747 3
15245453385 3
13945489845 3
15245489289 3
13704547974 3
13555584294 3
18245497543 3
13604864883 3
13604547921 3
18724228984 3
15145459336 3
15245451747 3
13555585985 3
13512645531 3
13836652202 3
18724219402 3
13704541073 3
18724219408 3
13836615482 3
15846993266 3
15804544578 3
13903688043 3
18724220407 3
18724213666 3
13946402708 3
15904545021 3
13644548366 3
18724220158 3
13644544780 3
15204549409 3
13512648048 3
13846158680 3
13946441683 3
13846152310 3
15214663055 3
15246490486 3
18724222505 3
15846995534 3
18745479576 3
15246474874 3
13945463929 3
13846161413 3
15246497329 3
15945404198 3
13624549430 3
15204541944 3
15246466548 3
13836665973 3
13946458187 3
15046496229 3
13512678979 3
15246477781 3
13614697058 3
18745451796 3
13836654026 3
18745479569 3
15845457479 3
13845417590 3
13803651503 3
13796356315 3
13512682641 3
13512682580 3
13946427844 3
15846995716 3
15846999723 3
13846139786 3
15046464478 3
13512644033 3
15145491043 3
13846134020 3
15245452467 3
15946566872 3
13555582933 3
13504542436 3
13846147559 3
15245486390 3
13836663383 3
13512645438 3
13512684894 3
15046461443 3
15045415154 3
13803650050 3
13803665303 3
13803663676 3
18714540568 3
13803664708 3
13604545373 3
13803666614 3
13734546314 3
18724225065 3
13836651381 3
18724210106 3
15145453954 3
13512675202 3
13624540025 3
15046497080 3
18745469200 3
13845409174 3
15204548180 3
15245483183 3
13946455385 3
13504542427 3
18249268559 3
13946455197 3
18745484791 3
15245483533 3
13846170203 3
13674549241 3
15246462926 3
13803651589 3
13604867242 3
15045404085 3
13846177642 3
13634546183 3
13634546563 3
18724222805 3
18724216354 3
13704867572 3
18845421701 3
15164515327 3
15045419056 3
13604865697 3
15246493460 3
15845458418 3
18745468266 3
18745468277 3
13704548066 3
13512681945 3
18745487695 3
13836647549 3
13836657469 3
13845402613 3
15246489323 3
15246497973 3
15845455894 3
13803651209 3
15845407174 3
15845457782 3
18745456436 3
18745456441 3
15204543810 3
18724211013 3
13846160263 3
18724226015 3
15945402450 3
13512675074 3
18745458373 3
18745469471 3
18745469472 3
18745456491 3
18745456492 3
13945473511 3
13845452493 3
18724225360 3
18745460759 3
18724225362 3
18724217545 3
18724218893 3
13664542683 3
15846991252 3
18724211465 3
18745469745 3
13846155209 3
13946446143 3
15845454477 3
13555594443 3
18724212525 3
13603692896 3
15145488377 3
15046467602 3
13836615873 3
18745455024 3
18724214757 3
13945475476 3
15246462933 3
13846140366 3
13796352151 3
18745452393 3
15946558690 3
13946402957 3
15045401477 3
15145488024 3
15845402876 3
13945473339 3
13603691314 3
18745464956 3
18724216394 3
18745477304 3
13664544217 3
15045407602 3
18745454040 3
18745463543 3
15246466943 3
13946409702 3
13846135569 3
15904547692 3
13945451901 3
18745453634 3
13803660630 3
18745460783 3
15804543280 3
15946568232 3
15946553630 3
13946446630 3
18724218381 3
13684548927 3
13614692629 3
13644540242 3
13903689165 3
15164510360 3
13845470949 3
18745490539 3
13734545739 3
15945888265 3
15845453449 3
15046495204 3
18724228050 3
13836664868 3
13836607957 3
13644548931 3
13734542471 3
13614690870 3
13836656369 3
13734541635 3
18724213940 3
18724228133 3
13845471086 3
13644544831 3
13704865949 3
15046468844 3
15045400690 3
15804547668 3
13846196272 3
13664540646 3
18745497908 3
13664542759 3
13664549305 3
18745457385 3
13945498263 3
13846166706 3
18745479596 3
18745479507 3
18745479597 3
18724222812 3
15246462670 3
15204545892 3
15846994539 3
15845457669 3
15846997076 3
13512646871 3
13512643820 3
13504547699 3
15846990969 3
13904549125 3
15845455969 3
15845405775 3
15246465995 3
15246493696 3
15245458680 3
13846189606 3
13603691189 3
13624543700 3
13845405707 3
13845470708 3
13803665805 3
13803661963 3
13512663876 3
15946558639 3
15945889578 3
15045411699 3
15804541003 3
13945481349 3
13946474546 3
15804545323 3
15214661269 3
15145495001 3
18745477487 3
13846183852 3
15145499930 3
13846181140 3
15145458007 3
13946422723 3
13946422823 3
18745469510 3
13945499984 3
18724222501 3
18745451269 3
18724222502 3
15145499326 3
13504542921 3
13836603637 3
18745465355 3
15045408487 3
13836654086 3
15246464553 3
15046499264 3
15145490105 3
15245455986 3
15246476120 3
18745456199 3
13512640117 3
13846138783 3
13512689680 3
13604548386 3
13945470854 3
13796354842 3
13903681550 3
13803659956 3
15246461280 3
13945498425 3
15245488353 3
13946409585 3
13945482646 3
15214668157 3
13945499146 3
13946420182 3
18714540187 3
13512660124 3
13846132180 3
13845416086 3
18724224879 3
15946555206 3
18724213834 3
18804541033 3
13846178579 3
18714540897 3
15246498296 3
13512665579 3
13664545753 3
13836663561 3
13946441263 3
15204549646 3
15204542296 3
15046468796 3
15245453521 3
15245451046 3
15204541096 3
13846163611 3
13604542482 3
15204549841 3
15204549764 3
15245452096 3
13704549774 3
13803669543 3
15046467572 3
15145452327 3
13803650240 3
13836660814 3
15045409131 3
13904546046 3
18245454657 3
13664546099 3
13836658424 3
18745495412 3
15204546218 3
13836642341 3
13945488932 3
18724215919 3
13945460714 3
13846173095 3
13946458614 3
13945498749 3
13704863928 3
13512669329 3
15845453104 3
13945452496 3
18745482436 3
13604540651 3
18745457212 3
15045418164 3
15246498679 3
15246496810 3
18745478403 3
15046492002 3
18745465257 3
13845401181 3
13845400326 3
13846199453 3
18724227948 3
13836655638 3
15046490454 3
15214666240 3
15845450154 3
13836601901 3
13945472062 3
15045412516 3
13512678573 3
18724215957 3
18724223517 3
13512670183 3
18724218891 3
15145455303 3
13846149489 3
13684549568 3
18745458174 3
13512675675 3
18724223744 3
18724225808 3
13945476416 3
13512661926 3
13512649776 3
13845450396 3
13836607056 3
13504542032 3
13845475271 3
13504699875 3
13846152296 3
13604544124 3
13846131554 3
18745471836 3
13634544734 3
15045403727 3
15845454881 3
13512644938 3
13603697880 3
18724222421 3
13845417246 3
13945487020 3
18724213397 3
13684545085 3
13512648659 3
18724226399 3
15804540401 3
18724226246 3
13555592718 3
13836663251 3
15846994697 3
15204545105 3
13644541211 3
15946556212 3
13604546683 3
13504548176 3
15945889642 3
15246476773 3
13845411709 3
18724222266 3
18745465220 3
18745470304 3
18724223689 3
15214662678 3
15204540347 3
13903681112 3
13836655733 3
13846130986 3
18745499345 3
18745460074 3
13555585749 3
15845454405 3
13512647877 3
13604542766 3
13555590446 3
13555596183 3
13846144258 3
13845417241 3
13614696241 3
13512686193 3
13945476843 3
18745471761 3
15904548805 3
18724220911 3
13644547339 3
18745452133 3
13836608871 3
13555587253 3
13644541433 3
15214664698 3
18724229188 3
15045412612 3
15145492918 3
13604868761 3
15204540735 3
18724229989 3
18745485177 3
15046469638 3
15246472945 3
15246460088 3
13704860389 3
13624653620 3
15145498158 3
13946443130 3
18724222497 3
18745492816 3
18724226432 3
15946567480 3
13674549407 3
18745490329 3
18745490359 3
13946459612 3
18724222900 3
13512674706 3
13604544133 3
13836666482 3
15046461168 3
13803669948 3
13796353168 3
15245459439 3
18745486099 3
18745483099 3
13796357199 3
13836667461 3
18724219688 3
15246476603 3
13903683030 3
15946567699 3
13946474422 3
13604866002 3
18724218545 3
13836651646 3
18724218679 3
13846132979 3
13845414033 3
13946472576 3
13512672836 3
15145497157 3
18724212322 3
15946550010 3
13512671857 3
13603693051 3
13845457164 3
18724228083 3
15845458825 3
18724228085 3
15246488737 3
13836648271 3
18745459530 3
15246477313 3
18724227164 3
18724215590 3
18745456797 3
15246493832 3
15246488727 3
15246477816 3
18845412577 3
15246477317 3
15804549635 3
18245454875 3
13734548168 3
15045417762 3
13836608687 3
15845456680 3
18724222485 3
15904546403 3
15904546407 3
15945886591 3
15904546756 3
18724225714 3
18724226042 3
18745460274 3
13836643181 3
13845456513 3
13803667506 3
13803666257 3
18745468749 3
15904548980 3
15946569437 3
13603693491 3
13512683137 3
18845421361 3
15045400429 3
18724215413 3
15845409842 3
13664547447 3
13946456342 3
13512668082 3
18324547511 3
15204541231 3
15046490128 3
13945485925 3
13946403836 3
13945484709 3
13836640279 3
18745456365 3
13704864772 3
15246477546 3
15246476130 3
13945489309 3
18724220767 3
18724216399 3
15246494909 3
15246487019 3
13836662831 3
13845451871 3
15246489745 3
18745459958 3
18724222434 3
13836642129 3
13946443350 3
15845400631 3
18724220690 3
13836648225 3
18724212856 3
13945451133 3
13803650825 3
18724219188 3
13512671241 3
13846142956 3
13512675847 3
18724224880 3
13945450360 3
15246490284 3
13504545307 3
18724223348 3
13845475522 3
13704861100 3
13624546611 3
13945483513 3
13624549563 3
18724227667 3
13945482750 3
13836651494 3
13846185823 3
18724223346 3
13512669802 3
13946459921 3
13684540209 3
13946404990 3
18724223256 3
15204541845 3
15245485406 3
13836652562 3
13512649112 3
13946472518 3
13903680761 3
13836656993 3
15164515577 3
13504543079 3
15246473831 3
18745461460 3
13845450359 3
13512645974 3
15046495485 3
15945401576 3
15246476160 3
13846163976 3
13946428550 3
13946447368 3
18724220800 3
13634540064 3
13846155799 3
15946564443 3
15045402781 3
13644546003 3
13803664164 3
18724211366 3
18724228122 3
13504540393 3
13836645827 3
18745458525 3
18724214377 3
13846165553 3
18724218248 3
13504547101 3
15946550589 3
15164510588 3
13904545468 3
15946554109 3
13512675181 3
13512666182 3
13604549447 3
13946459880 3
13945474863 3
13946423580 3
15245456569 3
13512684119 3
18745454619 3
13555581363 3
13945483335 3
13946474255 3
13845455102 3
15045407561 3
15145487265 3
15845401650 3
15245486021 3
18745459847 3
18745459848 3
18745458674 3
15145490188 3
13846166747 3
18845498689 3
18745478980 3
15946568437 3
18845480358 3
13846132624 3
13945486443 3
13504549142 3
15946551296 3
18745463508 3
13846192924 3
18745451586 3
18745453650 3
18745464424 3
15246499238 3
13704863163 3
18714541131 3
13803667922 3
18714541068 3
18714541051 3
18714541050 3
13555589127 3
15845457391 3
18714541032 3
18745464209 3
18714541226 3
13624545175 3
18714541208 3
18714541196 3
15804545648 3
18714541029 3
18714541026 3
13624546440 3
18714541198 3
18714541020 3
18714541001 3
15045407690 3
18714541018 3
18714541169 3
18714541057 3
18714541220 3
18714541217 3
15164516163 3
18745464728 3
15246463749 3
15204540064 3
13512667507 3
13836653708 3
13946408443 3
13946408741 3
13846142408 3
18714541015 3
15046469721 3
18724216061 3
15245454186 3
18724213860 3
13846171437 3
13845417180 3
13846152059 3
15245459979 3
13614696634 3
13504547762 3
13945464317 3
18724221089 3
18724221050 3
13555593106 3
13945463758 3
13945482308 3
18724221059 3
13836603271 3
13836654981 3
13704543414 3
13845475796 3
18724218368 3
13846172102 3
13945474911 3
13903680519 3
15945886825 3
15164511677 3
13555596960 3
15845405316 3
18724221148 3
18724221149 3
13555581370 3
18324547693 3
18745452711 3
13555585139 3
15245487397 3
13684541330 3
15214666189 3
18745479840 3
18245489063 3
13846198732 3
15046466407 3
13945458275 3
13512646984 3
15845407295 3
13734542559 3
13845479155 3
15045417920 3
15145489661 3
15845407159 3
15246473472 3
13624542128 3
15845453530 3
15904547353 3
15804544662 3
13846194943 3
18724210115 3
15246467165 3
18745496913 3
15046466532 3
13945456502 3
18745497501 3
13845410115 3
15245486694 3
18724210112 3
15945880958 3
15845407206 3
13845458087 3
18745477446 3
13555598533 3
15846997079 3
18724218349 3
13664542487 3
13664544316 3
15246475048 3
15045407033 3
15246477264 3
15145495091 3
13644540958 3
13512640368 3
15045404018 3
15045404028 3
18745455928 3
18724212542 3
18724215439 3
18724220853 3
13846160598 3
13945457078 3
15845400756 3
15246462157 3
15804544598 3
13846151868 3
13846157078 3
18724220886 3
13845473378 3
15214666398 3
18245492135 3
13512669212 3
18249269186 3
15946552461 3
15214666540 3
15845409804 3
18745463554 3
15904546876 3
13644544190 3
15246466247 3
15246467245 3
15214667455 3
15945883472 3
15246470459 3
18724222951 3
15214664819 3
18724220447 3
13512698978 3
15846998618 3
15945880970 3
15845405158 3
18745463629 3
13846161621 3
15245454446 3
13555595011 3
18724213696 3
18724221139 3
15046462865 3
13945474870 3
15946550858 3
13684548263 3
18245469117 3
18724211266 3
13664545967 3
18745459630 3
15845454781 3
15145497169 3
18724225416 3
18724221406 3
15145498046 3
15164511297 3
18724222087 3
18724540418 3
15845455046 3
18724540023 3
18724540220 3
18724540219 3
18724540032 3
18714546571 3
15046491617 3
18724540958 3
15246469510 3
13634546975 3
13845409984 3
18745456736 3
13846136871 3
15945886288 3
13512662150 3
15245459401 3
15904542522 3
13945456090 3
13903686215 3
13704868025 3
15946564493 3
13846162053 3
13836652090 3
18745464287 3
13846185289 3
13644544526 3
15246474887 3
18724224575 3
15145498560 3
18745459952 3
15846998023 3
18745493044 3
18724217139 3
15246462311 3
15045411574 3
15245453042 3
13946447745 3
18724218690 3
13803668048 3
13945485082 3
13644546186 3
15246466936 3
13796355051 3
18745494688 3
13644544681 3
15145495585 3
15164515400 3
18714545216 3
15145450277 3
13664545881 3
18245463458 3
18714543887 3
18714543026 3
18714545040 3
18714543441 3
13836641251 3
18714543446 3
18724542069 3
18714544703 3
18714543201 3
18714545067 3
18714544925 3
18714543089 3
18714545140 3
13603695254 3
18724542102 3
18724542269 3
18724542417 3
18714544459 3
18714544468 3
15046469723 3
13803652936 3
13945485423 3
18724221006 3
13836609558 3
15145493967 3
13836603816 3
18204543910 3
13846133241 3
15046462161 3
13836640882 3
15845404197 3
15204540904 3
13903685794 3
13512668331 3
15046499157 3
15045412586 3
13704546174 3
13704544100 3
15246476045 3
15204541701 3
13512675949 3
13614692953 3
13946428548 3
18745479599 3
13845417172 3
18745479590 3
15246472460 3
13734541932 3
13796352648 3
13846194952 3
13634540430 3
13945466151 3
13846135516 3
13846183631 3
13945477394 3
15214668585 3
13846152323 3
15204547905 3
13846183271 3
18249236608 3
13946447304 3
13845407374 3
13845476293 3
18724218648 3
13845477064 3
13512645844 3
13512647475 3
18745468892 3
15245457467 3
15945889119 3
15946551508 3
18745479018 3
18724221826 3
18724221196 3
18724225516 3
18724220191 3
18724220197 3
18745456194 3
18745464157 3
13704867085 3
15246476197 3
13803652629 3
13803667768 3
18724218424 3
13684545736 3
18724211924 3
15214661573 3
18745464284 3
13845476052 3
13945464508 3
15046465318 3
13846187823 3
13836645921 3
15804542263 3
15245456040 3
13945487391 3
18724221434 3
13644540573 3
13903689369 3
15946560115 3
15045419124 3
18745454392 3
18745459356 3
13555585872 3
15214663145 3
13945479831 3
18724220707 3
13846194693 3
18745455938 3
13846138914 3
15046494482 3
18724220893 3
15246489131 3
18745472942 3
15945886491 3
18745458462 3
13945489592 3
15164515490 3
15804542331 3
18745472366 3
18724218650 3
13704865045 3
18745478912 3
18714541266 3
18745478913 3
18745478927 3
15164517992 3
13846140372 3
18745451833 3
13504541181 3
13604546914 3
15214669382 3
13845456098 3
15804540941 3
13512645446 3
13845456814 3
13836646980 3
18724540199 3
13836669659 3
18745464794 3
18724540217 3
18724540021 3
18724540385 3
15714667918 3
18724540968 3
15845457915 3
13945479015 3
18714547065 3
18724547880 3
15946561755 3
18714547294 3
18714547296 3
18724212242 3
13704863993 3
13845454069 3
15246499131 3
18714547103 3
18714547654 3
13512676469 3
18714547615 3
15246499811 3
18724549016 3
13945487691 3
13644684601 3
18714547194 3
13512698360 3
18724223902 3
18745481300 3
18845423315 3
13512662304 3
18724213816 3
15904543910 3
13803658747 3
13845453312 3
18724228546 3
18324548339 3
13734544094 3
15046495385 3
18745476621 3
13512699328 3
13846184236 3
15946560147 3
13704862393 3
13634543646 3
13945465943 3
15245486203 3
15945883641 3
13945470529 3
15204547942 3
13614695582 3
13846147232 3
15945881253 3
18249245135 3
18845413466 3
13512686835 3
15246476043 3
15946552812 3
15945880145 3
15046494928 3
13555587090 3
15145451445 3
15204541270 3
13845471741 3
15245482551 3
13845401450 3
13603699189 3
15145491757 3
15046462737 3
18745476491 3
18745476492 3
13836645446 3
18714545088 3
18714545252 3
13512687562 3
18714545432 3
15245459450 3
18714543210 3
15845453860 3
13604549705 3
13512686848 3
15246474178 3
13946447160 3
15204548319 3
15214664275 3
13836651140 3
13846163718 3
13604866799 3
15246484401 3
15145493233 3
13846146147 3
15045409875 3
18714543929 3
18724542293 3
18714545430 3
13845402458 3
13555599623 3
18724542858 3
18724542885 3
18724542887 3
18724542674 3
13555589804 3
15046463298 3
18724542851 3
18724542852 3
15945888996 3
15245488958 3
13604543139 3
18745458124 3
13614696554 3
13946408751 3
18724218506 3
13634545662 3
18745460676 3
15804543696 3
13836663860 3
18724217554 3
13555580124 3
13734544406 3
13796355419 3
13836664006 3
13504543954 3
15204542487 3
18745473559 3
15804540872 3
15904542983 3
13836664293 3
13846163663 3
13512683754 3
13945499565 3
15845450859 3
15804547847 3
15046490584 3
13704865515 3
18724223940 3
13846173493 3
13836652385 3
15246490086 3
13624540867 3
18745455263 3
13845404612 3
15046494293 3
15245489216 3
13945478166 3
13803661211 3
18724215788 3
18745481253 3
18724213030 3
13845402868 3
15804541857 3
13734543612 3
13604541140 3
13803660409 3
13704868143 3
13512677236 3
13846138025 3
13846184517 3
13945458607 3
18724225813 3
15946555698 3
18745457110 3
18304547682 3
13604547491 3
15145489951 3
15246477550 3
13846130923 3
13945482167 3
18745456389 3
18745452900 3
18745455733 3
18745451933 3
18745456881 3
13845410082 3
13946450526 3
15246495543 3
13604547967 3
13945472095 3
15945883483 3
13846169766 3
18724547983 3
13803659895 3
13846146042 3
15246469021 3
15845400050 3
13603696464 3
13555586938 3
13644547077 3
15204545889 3
13946428501 3
13846134046 3
18714547253 3
15245454574 3
13836651650 3
13836603579 3
13845418373 3
13512683880 3
18724548056 3
13945465723 3
18714547025 3
13836663249 3
18714547027 3
18745478081 3
15245455110 3
18714547455 3
18724547352 3
18745478133 3
18724217527 3
15246463741 3
15246478024 3
15246476303 3
13704867566 3
18724222387 3
15245452287 3
13836650004 3
18724548535 3
15904546845 3
13634547961 3
13704541147 3
15145499643 3
15246466491 3
15145496929 3
18245496234 3
13604540971 3
13845407091 3
18845483543 3
15245485996 3
13624546636 3
18249265233 3
15045402834 3
15204548861 3
18204542446 3
18249247252 3
13624546367 3
18249267996 3
13704541916 3
18245455835 3
18745472201 3
15145493885 3
18204545890 3
18249825211 3
15045405216 3
13946457983 3
18249249659 3
13644543724 3
15164515618 3
15246460270 3
15246481877 3
15045417877 3
18724210690 3
13846156573 3
15046492849 3
18745494904 3
18745466261 3
18745466263 3
18745466268 3
18745466270 3
18745466275 3
18745466277 3
18745466278 3
18745466279 3
18745466323 3
15045402670 3
18745466288 3
18745466326 3
18745466290 3
18745466386 3
18745466068 3
18745466072 3
18745466298 3
18745466300 3
18745466392 3
18745466302 3
18745466136 3
18745466030 3
18745466307 3
18745466308 3
18745466163 3
18745466311 3
18745466313 3
18745466327 3
18745466309 3
18745466331 3
18745466188 3
18745466332 3
18745466236 3
18745466338 3
18745466350 3
18745466383 3
18745466356 3
18745466257 3
18745466201 3
13946443459 3
15046466030 3
13846187400 3
13624544235 3
13946427922 3
13704866547 3
13603697530 3
18845427127 3
13704541376 3
13946405389 3
13845407187 3
18249827389 3
15045419911 3
13836666191 3
13946409090 3
13704864035 3
13945466312 3
13512647832 3
15164514337 3
15946566255 3
15246496363 3
15246491970 3
13634547323 3
18724223426 3
18745480133 3
15945881722 3
18249244453 3
15245485353 3
15946560610 3
18249825651 3
13945486693 3
18845413535 3
13803660995 3
13512687468 3
13836668812 3
15904540150 3
18245489153 3
18724213359 3
18249244465 3
18249826408 3
18245492146 3
13803660480 3
18245479686 3
13512645778 3
18204545025 3
15904540179 3
13846152350 3
13945499901 3
15045403725 3
13555582878 3
13734548638 3
18249235773 3
18724213642 3
13555599220 3
13846134903 3
13836662947 3
15845456275 3
13555595182 3
13512645528 3
15145452138 3
15846998945 3
18745451298 3
15945885930 3
15046461348 3
13836641062 3
13803660538 3
13796351957 3
13946444942 3
18745465542 3
18745465562 3
15945403891 3
15246481690 3
13555594468 3
13603696986 3
13555594185 3
13644546671 3
13604544808 3
15245452986 3
13903682314 3
13624541826 3
18724214897 3
13604867706 3
13845404727 3
18804547772 3
15045405581 3
13512680439 3
18249823353 3
18245461519 3
15145452911 3
18249263935 3
18745455090 3
13803650968 3
18249821528 3
13836642801 3
18745459911 3
15046469660 3
15046469585 3
13512689608 3
13845419958 3
15845455970 3
13603692283 3
18245468956 3
13803663178 3
13803650281 3
18724212230 3
13614690698 3
18245456298 3
15904541731 3
15945883742 3
13846180360 3
13664545217 3
18249826718 3
13555588594 3
13836603086 3
13836601208 3
13674549689 3
13796356728 3
13836655756 3
13512681662 3
13845410615 3
13555592729 3
13846142050 3
13803657734 3
15045412171 3
13704544362 3
13945454398 3
15846992242 3
13846139648 3
15246460289 3
15245456952 3
13946455978 3
13803662545 3
18249829229 3
13845450151 3
15246461811 3
15204546518 3
13604549398 3
13946473876 3
18745491017 3
15046498903 3
18324544432 3
13704868912 3
13603698895 3
18745493326 3
18714542849 3
18745490626 3
15046469544 3
13946402218 3
15045418867 3
13846180268 3
13845417794 3
13624548785 3
13846140741 3
13946472591 3
15246465640 3
13845450378 3
15946559917 3
18245467416 3
18249262066 3
18845482809 3
15045406284 3
15845452568 3
15804549895 3
18845423411 3
18724218653 3
13624544319 3
18724226622 3
15145492968 3
15246460282 3
13555595369 3
13846198283 3
13836608157 3
15246461455 3
13796358993 3
13512673663 3
15945881942 3
13945499383 3
13945452366 3
18745494237 3
13846189230 3
15804541529 3
13734545341 3
13836655144 3
18845498515 3
15046463595 3
18249828890 3
18724228860 3
18724222565 3
13945452800 3
13946442459 3
13836658991 3
13624548615 3
15946553669 3
13555596134 3
18745452278 3
15046463618 3
18745478897 3
18724210501 3
13946473084 3
15946569436 3
15204548259 3
13512667263 3
13903685207 3
18745478432 3
13512668562 3
13504697851 3
18249243080 3
15204547051 3
18714542191 3
13846151141 3
13836615130 3
13903688927 3
13945468200 3
18724220224 3
13946404116 3
18249822939 3
15804547709 3
13946456560 3
13796350910 3
13734548651 3
15245459985 3
15245483635 3
13512643943 3
13664548925 3
15946556486 3
15246460207 3
13904544979 3
13555581175 3
13846193353 3
15245482726 3
15046464239 3
15045411725 3
13624540258 3
18204548534 3
15945881523 3
15846992250 3
13945499148 3
15904541922 3
15246499489 3
15246488870 3
18249262355 3
13555582499 3
15804542116 3
13846152523 3
18204548639 3
15145457681 3
18724543500 3
15246499137 3
13904549402 3
13614694829 3
14745682378 3
15045404635 3
13803666836 3
18245462558 3
15246461387 3
13845414076 3
13904548938 3
18745461439 3
13946408221 3
15145497156 3
15945884063 3
13734542124 3
13634545473 3
18204549092 3
18249239141 3
18845424296 3
18249235605 3
15214664318 3
15246490558 3
18245465585 3
13945477087 3
15145453343 3
18845429939 3
13846149531 3
13836652428 3
18249825880 3
13512670809 3
18245480292 3
13846133230 3
15845455850 3
15246462635 3
15946557598 3
18245485294 3
15045402855 3
13836644994 3
18304543173 3
18724224998 3
13903682170 3
15246475213 3
18249822285 3
13664541114 3
13734543293 3
15045415116 3
13846137055 3
18245493955 3
18245473749 3
13664543208 3
18249826868 3
13704540668 3
13836662954 3
18245496931 3
18249823928 3
13803655816 3
13903682690 3
18745464985 3
13512648612 3
18714546008 3
13734546355 3
18745471392 3
13603695422 3
15904548895 3
13555590703 3
13946404965 3
13945462041 3
15714666266 3
13836650513 3
13555589653 3
18324544220 3
15245459953 3
15845457499 3
13512673752 3
13845450603 3
13512689753 3
13903687523 3
13846172051 3
13512680628 3
13512682628 3
13603692279 3
13512688766 3
15246490322 3
13836657986 3
13634541358 3
18245489072 3
13604865838 3
15246460404 3
13836615946 3
13836648983 3
13644545097 3
13845410779 3
13845411779 3
18745497853 3
13674544600 3
13945465128 3
13945481669 3
13946423228 3
13836664273 3
18245466216 3
13836644210 3
18245475691 3
13846132235 3
15804545702 3
18245488430 3
15145458009 3
18745499747 3
13803664510 3
13664542736 3
18745498926 3
13796352611 3
18845498303 3
13604545028 3
15045408968 3
13836607413 3
15145495152 3
18745458780 3
18745461807 3
13603697651 3
13845479187 3
13504548157 3
15246485117 3
13945487035 3
18724217169 3
18249823323 3
13555580194 3
15246476123 3
13796354967 3
13555585431 3
13846185679 3
13846177565 3
13555596362 3
13845400833 3
13946444046 3
13845454915 3
13945477001 3
18204540462 3
13846145990 3
15164516181 3
15164516182 3
13734547239 3
15904542433 3
15846991845 3
13555590405 3
15145458062 3
18245488098 3
13836648537 3
13512668087 3
15845457051 3
15145455467 3
13846133774 3
13846138323 3
18745490962 3
13504545890 3
15164515503 3
18745473797 3
18845482056 3
13512646336 3
13903686382 3
18204543667 3
13603695058 3
18745490633 3
13664547829 3
18245491648 3
18245453845 3
18745478711 3
13846191830 3
18245450576 3
18845498315 3
13603692227 3
15246471626 3
13603691488 3
18745474377 3
14745687748 3
15204545909 3
18745469460 3
13512682827 3
18245461133 3
18245471980 3
15845459891 3
13946450454 3
15204548496 3
13904546593 3
15804544246 3
13644545812 3
15046465550 3
18249247231 3
18745456587 3
15946569459 3
13624546288 3
13604868189 3
18245453848 3
18245491511 3
15945403508 3
18745463355 3
13846157585 3
15045401817 3
18714540067 3
18714540079 3
13555585472 3
18249238016 3
18249248016 3
15045408500 3
15945883973 3
18304540562 3
15804545458 3
15804542818 3
18249826166 3
13614699962 3
18204543038 3
13846172050 3
18745473218 3
13946427708 3
13836652952 3
18245469875 3
18245453278 3
13803653341 3
13904547161 3
18245493578 3
18745491922 3
13946428770 3
18745487299 3
15946555265 3
13734546855 3
13634545067 3
18249246787 3
18249826309 3
13644549935 3
15245459438 3
15045401506 3
13846165416 3
18745487797 3
15045413090 3
13555583207 3
13555581979 3
13512641814 3
13614696585 3
