18324544869 3
18724222428 3
13803657069 3
13803657830 3
15045403420 3
18845411491 3
15145498130 3
15045409957 3
15754549215 3
18745494177 3
18714541395 3
18304544396 3
15246463120 3
15754547752 3
13614698996 3
13846152114 3
18745465167 3
15045414970 3
18724214943 3
13512664670 3
13846178610 3
15145487094 3
18324548753 3
18249235336 3
18249236180 3
18204541996 3
18245492551 3
18245496632 3
18245495869 3
15164510658 3
15845455302 3
15846993633 3
13846172209 3
13796358106 3
13846155954 3
13704863324 3
18724212805 3
18724213408 3
18724219498 3
15765325895 3
18249239748 3
18249239832 3
18249238942 3
13803654302 3
18249236734 3
18249237510 3
15045407121 3
18724221995 3
18724223845 3
18245464126 3
15804541787 3
18745485607 3
13684547785 3
13846149500 3
18304540930 3
18249263717 3
13624544581 3
13836656206 3
15246483606 3
15145487381 3
15214660935 3
18745460031 3
18745486572 3
15904547255 3
18245486251 3
15204541362 3
18845485987 3
18249825491 3
18845499982 3
18249825043 3
18845406448 3
15214661181 3
18245468940 3
15945889985 3
18745481926 3
18745473875 3
13846134298 3
13846146958 3
15214667170 3
13604544892 3
15845453996 3
13903689103 3
13846176018 3
15946568095 3
13846156582 3
18249235924 3
13904548269 3
18245477750 3
13846187920 3
15765353012 3
13634546287 3
15145455010 3
15045400551 3
15946564593 3
15704548080 3
13945486634 3
15045418438 3
13803666977 3
13504549507 3
13845452306 3
13644543495 3
18245482005 3
13836601175 3
18249257410 3
15774546619 3
15045404347 3
18245496829 3
13604547487 3
18249242157 3
18249261939 3
18745483571 3
15804542579 3
18845412213 3
18249240979 3
15946564781 3
15946555866 3
15046464027 3
15946558895 3
18304547078 3
15946555847 3
18249269411 3
13512679801 3
13904548864 3
18249823906 3
18245456175 3
13614691929 3
15046497673 3
18245495643 3
15046491164 3
18724211732 3
13904546620 3
15804543029 3
13684543665 3
18804542130 3
13512685081 3
15765355600 3
13796357221 3
18845423560 3
18249821891 3
13644547198 3
18724544030 3
13512660675 3
13945484406 3
18249260190 3
13734548101 3
13846168731 3
15845405387 3
15804542829 3
18249268117 3
13836656768 3
18245470877 3
18724216015 3
18745497492 3
18845427324 3
13734543532 3
18245457075 3
13836653492 3
13836640974 3
18249828183 3
18249267142 3
18249267143 3
18714545220 3
13836640934 3
13845417240 3
18245481572 3
18249824417 3
15246463475 3
18204541509 3
18745480667 3
13624547129 3
13604540745 3
13846144519 3
15046468397 3
15804541422 3
13512643381 3
18245473453 3
18249244491 3
15246492023 3
18245472883 3
18249257670 3
15246489640 3
13903681091 3
15946552870 3
13946429519 3
13664546235 3
18249260662 3
18845485272 3
18245471220 3
13846157850 3
13504543733 3
18245488771 3
13644541458 3
13836669101 3
13846153944 3
13846164069 3
13704865013 3
13684542306 3
18304543586 3
18204547510 3
18724542958 3
13684545528 3
13845479213 3
13604865148 3
15245483872 3
15046494057 3
15246462871 3
15045405877 3
18204543170 3
18249240340 3
13803661576 3
13644544420 3
13946447524 3
13836669964 3
18245491736 3
18845405241 3
13604864007 3
13512673968 3
18204542546 3
18249235298 3
18245469858 3
18724220990 3
13946420115 3
18845400138 3
13734540040 3
15845407742 3
18249829615 3
15245458287 3
18249247624 3
18745488640 3
13846145271 3
15246463071 3
13945480506 3
13704544759 3
18845483613 3
18804547904 3
13614695655 3
13624543127 3
13555597481 3
18304543221 3
13803655019 3
15164519367 3
18845421461 3
13946406656 3
18724223313 3
18724541197 3
15946564258 3
18249257303 3
18724543602 3
13904549741 3
13504543529 3
13504696754 3
13624543053 3
13845406990 3
18845486425 3
13846147715 3
13512660085 3
18245488006 3
15245485896 3
13684546317 3
18845405471 3
13604867660 3
13945467435 3
18204549425 3
18324543735 3
18249822504 3
18249239522 3
15246464692 3
18245487405 3
13512683250 3
18724227813 3
18845427371 3
13796350949 3
15246475857 3
18804545273 3
15145491446 3
18714542816 3
18249829576 3
15164513864 3
13634543348 3
13512675596 3
18249251839 3
18324543915 3
18845489726 3
15246481183 3
15246467834 3
18845400092 3
13836652543 3
18804549912 3
13704863679 3
13845416707 3
13846193680 3
13946454151 3
13836640092 3
18245472350 3
13946421534 3
13846155941 3
18745494968 3
18745479358 3
18245461546 3
18845418392 3
18845418450 3
13734541044 3
18745455772 3
15046467530 3
15845453256 3
13845413331 3
13644545548 3
15145456326 3
13644544489 3
15945881029 3
13836669290 3
18745452045 3
13945455010 3
18245496783 3
13796358518 3
18746356009 3
13946451161 3
18249247823 3
13803655382 3
18724548945 3
18245473389 3
13504549796 3
13903682975 3
13836658046 3
13946451839 3
13903681646 3
18204549862 3
15145488098 3
18245451343 3
13846159478 3
15754543577 3
15946553741 3
18245493303 3
18724544036 3
15246482810 3
15046491803 3
18324541141 3
18845412724 3
18804542700 3
18724546410 3
18249241702 3
13846191194 3
18249826731 3
13624544051 3
13946424253 3
13512694836 3
13614699452 3
18245498282 3
13945488150 3
15804547326 3
18245486962 3
18804544938 3
18714543867 3
15245484297 3
13946404862 3
15245457492 3
15704541133 3
18245468248 3
18724543903 3
18249256047 3
18745469355 3
13644547762 3
18714544758 3
15765453333 3
18745498082 3
18745477573 3
14704541068 3
15204540827 3
13846195611 3
18249264403 3
18245468693 3
15804549484 3
13946442125 3
13846180400 3
13945455799 3
15946558563 3
13836607972 3
13836608905 3
13603699012 3
13704547215 3
13684545980 3
13803654348 3
18845490351 3
18845416762 3
18324548050 3
18804546417 3
15246498612 3
13512679750 3
15046494427 3
15245484019 3
15946562563 3
13946472261 3
18745482792 3
18249262087 3
15765355280 3
18249237173 3
15765355283 3
15765355286 3
13512667089 3
15765355136 3
13845451690 3
15945884609 3
15245454100 3
15145487925 3
13946425800 3
18845495412 3
13836655853 3
13846134361 3
18249262056 3
15045405591 3
18745492315 3
15765355669 3
13845409449 3
15846992643 3
15765355110 3
13664544156 3
15245452500 3
18245459582 3
13845478841 3
13846116018 3
18845427566 3
15246486740 3
13624545951 3
15845408905 3
18304546478 3
13504697264 3
18724545639 3
15246463446 3
13846147498 3
13945482439 3
13945468625 3
13845408756 3
13624542228 3
18324546356 3
18724225090 3
15046493991 3
13836653712 3
18714547183 3
18245493494 3
13704866936 3
15145488971 3
13664543810 3
15945884709 3
13614699396 3
13734549606 3
13846141027 3
15246479404 3
18249266319 3
13946424542 3
15045406904 3
18245486508 3
18845404983 3
18804543039 3
13846145185 3
18745497141 3
18249829719 3
13946420231 3
15765355386 3
15765355105 3
13845407364 3
15846994118 3
13512684563 3
18249254439 3
15946560922 3
18204548443 3
18245462141 3
13945498421 3
13555598527 3
13836601263 3
13845479673 3
18745457328 3
15804545209 3
15245483738 3
15774544011 3
18245459220 3
13603697800 3
18845480133 3
13704547175 3
13845454387 3
15164516065 3
15846996728 3
15846997515 3
18845412352 3
18245475754 3
13603692468 3
18745476292 3
13734541709 3
13734544870 3
13836659151 3
15765355357 3
13946423559 3
13734547993 3
15145455881 3
15904547057 3
18245485830 3
15145499346 3
18746366755 3
13684541136 3
15946562562 3
18746351235 3
18245477943 3
18745475734 3
13846182755 3
15204548628 3
13512689528 3
13836641645 3
13512672793 3
18249259113 3
18745479869 3
13946446713 3
15765355623 3
13704541753 3
18245458661 3
15246470587 3
15765350941 3
18724220509 3
13512673765 3
18845412917 3
15046498675 3
18724222466 3
18845484031 3
15845459943 3
15765355625 3
15765355317 3
15045410196 3
15765355320 3
18745461966 3
18724229341 3
15246488195 3
13836649259 3
15845453249 3
18845495984 3
18249240041 3
13555583710 3
18745469194 3
15765355296 3
18804547502 3
18724223695 3
13846138469 3
15164510034 3
18745483130 3
15245486517 3
18204547818 3
18845423280 3
18245471293 3
15045411143 3
18724547872 3
13504699660 3
18249252551 3
13512665068 3
13836640585 3
18249250610 3
18249241087 3
13846158924 3
15245488142 3
13555597534 3
13644546397 3
15245483489 3
18845411946 3
18745499497 3
13846199535 3
15765355772 3
18245488603 3
18845417230 3
13846153306 3
18845487063 3
18845423652 3
15045405086 3
13504542898 3
15846997146 3
18804549625 3
18804541676 3
18804540972 3
13555594954 3
13674549672 3
13845405810 3
13796350767 3
18249829169 3
18245481158 3
15246481379 3
13836602401 3
18304549882 3
18245453579 3
15845404085 3
13614693977 3
13634545308 3
13512684811 3
15765325789 3
18249825631 3
18204544703 3
18804545633 3
18249828087 3
15204548436 3
18745465045 3
13796352696 3
13555586375 3
15765322612 3
18249236715 3
13734545500 3
18745461110 3
13845475164 3
18249242169 3
13704860917 3
15246470952 3
13846182607 3
13512679029 3
18249829079 3
18804546526 3
18249240873 3
18249827837 3
18714547100 3
13796353242 3
15145494920 3
15214662370 3
15246479895 3
13512689849 3
15046495770 3
13555595948 3
18249826948 3
18745480275 3
13846192724 3
18724549094 3
18324540752 3
18804542928 3
13512688290 3
18745496143 3
15145487355 3
13946457961 3
13836604095 3
18245471570 3
18249824108 3
13796359216 3
15246490423 3
18845493981 3
18845488862 3
18204547733 3
15845408830 3
18724545425 3
13846172002 3
13674544326 3
13684547604 3
13664543491 3
18245457746 3
18845406486 3
13845409092 3
15904545910 3
15204546483 3
15145450148 3
15774545559 3
18845427019 3
13555583270 3
18745473690 3
15046491085 3
15204546526 3
15145488479 3
15204548693 3
15145487619 3
18845428299 3
18845494332 3
15246473100 3
13644544439 3
15246489845 3
13624543289 3
13945464542 3
18245471628 3
15046492072 3
18304546466 3
13555592744 3
18745476236 3
13512669420 3
15246493835 3
15904544174 3
18249263776 3
13903687063 3
18324547818 3
15045400259 3
18249252205 3
18249243043 3
13946453925 3
13512681518 3
15945881822 3
13946445165 3
13555594043 3
18245472663 3
13845456952 3
15164518896 3
13945485673 3
15046493121 3
18845498292 3
18845498348 3
13504544033 3
18249258055 3
18724216297 3
13512664126 3
13846157883 3
18724217060 3
18845413219 3
13664548997 3
18845480300 3
18845487845 3
18249250062 3
13945471433 3
18845426906 3
18724223520 3
15046495372 3
15045417455 3
13846157809 3
18204541914 3
18245461389 3
13803661033 3
18304540849 3
18845412334 3
18845483765 3
13845459643 3
18845404150 3
18245453412 3
15046498472 3
15754546017 3
15845450367 3
15765355770 3
18245463075 3
18724219162 3
15946555905 3
18745497995 3
18724542598 3
13704543593 3
18724541757 3
18804544587 3
18204546354 3
13512646331 3
13903683365 3
18724546603 3
18324549089 3
18204544997 3
13846145924 3
13664548183 3
18324546466 3
18714542512 3
18724226516 3
15245459381 3
15164513655 3
18845401190 3
13845412035 3
13664544719 3
15246490250 3
13945484594 3
13846195834 3
13845453214 3
13512670032 3
18324547845 3
13684540569 3
18845418033 3
15246477912 3
18845483455 3
13836661072 3
13845407975 3
18249243336 3
13555596240 3
15845402462 3
18724221374 3
13734549070 3
15245482061 3
15145450479 3
18304549272 3
13684541870 3
13846177047 3
13512668990 3
18324540322 3
15245488321 3
15246489325 3
13903686103 3
13846142540 3
15245450725 3
13614698838 3
13704861476 3
13836649172 3
15145453451 3
18249257625 3
18724549434 3
15245488492 3
13664549919 3
13704866956 3
13846135078 3
13846184578 3
13846194758 3
18714542262 3
13945468167 3
13904548032 3
15045419412 3
13512680137 3
13946405675 3
13903682748 3
18249821621 3
13946407653 3
18245471847 3
18714547717 3
18845482618 3
18245495552 3
15045403331 3
18724541342 3
18324548691 3
15246496301 3
15214663694 3
13684541918 3
13945452358 3
18245489502 3
13644543363 3
13614698878 3
13704866513 3
18204542383 3
15765355513 3
18245498434 3
15246464139 3
18249236485 3
13945482375 3
15846995701 3
18714541219 3
13845417276 3
18204540298 3
15164517711 3
15204549605 3
18724543134 3
15046464468 3
18324542985 3
18724224659 3
18845429275 3
15245454614 3
13614541776 3
15246485414 3
13504542718 3
13836660458 3
13946424339 3
18245499907 3
15214661558 3
18245450600 3
13512647786 3
18745475489 3
15754540981 3
15204544736 3
13555594121 3
18745486379 3
18745483956 3
13555594087 3
13644540642 3
13946459114 3
18245467571 3
13846134058 3
13604864560 3
15246487353 3
18249255598 3
13845405492 3
15246489405 3
18324546043 3
18804543802 3
18804543893 3
15246491916 3
15845452813 3
18245451433 3
18245487600 3
15765355101 3
15246473247 3
13512680609 3
15145454664 3
18745461720 3
13846147872 3
13796357025 3
18245454092 3
18245453147 3
15774545394 3
18724223851 3
15214666073 3
18324540389 3
13684545070 3
13846136879 3
18249269077 3
18204540934 3
18245462191 3
18249262564 3
13604541411 3
13836660804 3
13845479761 3
18845494881 3
18249235486 3
18845422851 3
15904546193 3
15246485135 3
13836648969 3
15246464151 3
13555591032 3
13845418005 3
13512669597 3
13614541550 3
15804547873 3
18845487410 3
18745472170 3
15046496575 3
13946445121 3
18324547800 3
18324541900 3
15045416878 3
18249243662 3
13604549773 3
15145453581 3
18714541016 3
18804549209 3
13604540994 3
15214665306 3
15846994479 3
13846177361 3
18724224085 3
13734542768 3
13614690022 3
18845401847 3
13836662305 3
13604868729 3
13846178201 3
13836661747 3
15204547521 3
13836660196 3
13836660982 3
13946428803 3
13734545473 3
18745497824 3
15904542025 3
18745486303 3
15245456891 3
13846185957 3
18304547015 3
18324543190 3
18804540449 3
13674544660 3
13624543090 3
18204540361 3
13664549060 3
18324544566 3
18714542319 3
13846176132 3
15245482741 3
15945400759 3
18845424877 3
18249829586 3
15754548472 3
13684547550 3
18304548883 3
18249240373 3
18845487764 3
13555584427 3
13555585235 3
13845403941 3
15045408031 3
15245458485 3
18714540225 3
18324541682 3
13846174909 3
13903683915 3
18204544181 3
15945886527 3
13512645703 3
15245480155 3
18745468753 3
18745489518 3
13836666058 3
18845421357 3
13704549531 3
13845413526 3
18245475600 3
18324540392 3
13603694140 3
13674544662 3
13846168095 3
15246482637 3
15145453630 3
18245490033 3
13845409139 3
13684548462 3
13664547571 3
13845415343 3
18245455448 3
13846153845 3
18249820410 3
15246464396 3
18304540042 3
13512681576 3
18724542559 3
13684542808 3
13845405923 3
15046467003 3
13603697957 3
15754546739 3
18745458802 3
13684546906 3
13945453467 3
18714544219 3
15245487912 3
15845452014 3
18845403622 3
15846997417 3
13845414943 3
13846173865 3
13846178436 3
18845411340 3
15765327068 3
13704542246 3
18245484197 3
15245486238 3
13684546285 3
18249268746 3
13644549822 3
15765327151 3
18845483050 3
13846196706 3
18845489704 3
15245481061 3
18745497934 3
18745451294 3
18204545322 3
18845481202 3
13846153363 3
18714545766 3
18324544209 3
15945403033 3
18724215204 3
18745491521 3
18245485960 3
18845418487 3
15765301789 3
13903683761 3
18304544102 3
13945481894 3
13504545232 3
13796356486 3
13512645202 3
18304544898 3
18249829883 3
13846169056 3
18249828119 3
18245477092 3
15046464640 3
13512686821 3
13512644181 3
18845495047 3
13846131891 3
18204546525 3
15245456013 3
15046494988 3
18304541946 3
18724543336 3
13512689263 3
15774546562 3
18845403629 3
15246462658 3
13946446441 3
18724223450 3
18249239410 3
18845415079 3
13945485878 3
18249821912 3
13555592731 3
18845427202 3
13624542124 3
13845419437 3
18324549900 3
13845454804 3
18324540105 3
13555586630 3
15145454922 3
13664542352 3
18845481007 3
18724226143 3
13803656421 3
15246464787 3
18245484351 3
13555595080 3
18249245408 3
15246477691 3
18249239355 3
18245493044 3
18245463929 3
13846165536 3
13614544879 3
13946420200 3
13704546892 3
15246484406 3
18245464130 3
13846173371 3
18724217653 3
13634545391 3
18249825243 3
13836615773 3
18745468584 3
15245485521 3
18745491803 3
15045401885 3
13945474625 3
18204540349 3
13845419570 3
18745460591 3
13846142720 3
15046493212 3
13614699482 3
13512688224 3
13836669360 3
13946458169 3
18724549330 3
13704866114 3
18745493994 3
13845414130 3
13704863174 3
15946563613 3
13796357396 3
13796357359 3
15045410417 3
15246492269 3
15246485055 3
13674544689 3
15164515028 3
15164510262 3
13664546383 3
18245495988 3
13946458221 3
18204544579 3
18249249911 3
13803667042 3
18245485004 3
13845405073 3
13803664473 3
18845487682 3
18245486420 3
13903688535 3
13945472217 3
15804543632 3
18249821585 3
18745492564 3
13604549917 3
15145498102 3
13845479483 3
15245482166 3
15145452837 3
13903688543 3
15246493663 3
13704862982 3
13634546744 3
18745490877 3
13836658713 3
13903685324 3
13846180281 3
18245474406 3
18724547434 3
15145487517 3
18249256727 3
13836605660 3
18245460861 3
18845402682 3
18249269648 3
13664547767 3
13946424392 3
13945451067 3
13846193004 3
15246468669 3
18845483085 3
15946552135 3
18845408371 3
18304548642 3
13704863361 3
18745455605 3
15145497470 3
15145498470 3
13555595239 3
15245457952 3
15946553020 3
13846185630 3
13945481741 3
13846139158 3
18245487193 3
18845483675 3
18245496461 3
13664540146 3
15245482025 3
18245462043 3
13684547103 3
13846131722 3
13734542882 3
15045418565 3
15045412972 3
18204545836 3
13946427203 3
15045401711 3
13945484050 3
15845456241 3
13846167093 3
13684540617 3
13836648212 3
13836649589 3
13734549060 3
13796351669 3
13512694030 3
13704866021 3
18249268287 3
18249236669 3
18845410521 3
13846151751 3
13512641363 3
13836647893 3
13603694767 3
15245480901 3
13704863102 3
13644684797 3
13644684315 3
18324541019 3
18249262909 3
18845404582 3
15754541651 3
13555583945 3
18745473609 3
13634541773 3
15245458010 3
15245458703 3
13845456635 3
15846993313 3
18249242060 3
18249243357 3
18845487873 3
13512674918 3
13836640170 3
13634543709 3
15246461320 3
13634543979 3
13634544030 3
13684543190 3
13624541380 3
13624541223 3
13624541159 3
13614699523 3
13512689113 3
18324547986 3
18249261386 3
18249261720 3
18249240772 3
18304542427 3
18249238856 3
13796358386 3
15246492860 3
15145451387 3
18249257882 3
13846143525 3
18245481882 3
18745467025 3
13624541050 3
15246489329 3
13845413815 3
15246491289 3
18245496547 3
18249240019 3
15145456351 3
18249254197 3
15145458109 3
15145458127 3
18845404306 3
15945880835 3
18845425320 3
18304548263 3
13946455581 3
13624542135 3
15045418580 3
13846135951 3
13644544072 3
13614692016 3
13644542981 3
13614693809 3
13614693659 3
13614691639 3
13614691560 3
13664545903 3
13836650016 3
13845407352 3
18724220313 3
18845488353 3
13846162683 3
18304549635 3
13614698786 3
13614698702 3
13846132021 3
13614698229 3
15246476815 3
13644543595 3
13614690236 3
15804549802 3
13644546631 3
13614691135 3
18745470162 3
15245453269 3
15945403683 3
15945404289 3
15774545953 3
18324540685 3
13704865408 3
18324541683 3
15214664326 3
13614695915 3
13614694003 3
13614698029 3
13614693667 3
13614692627 3
13614692917 3
13614692615 3
18324541605 3
18324541607 3
18745467986 3
15945402427 3
18745469512 3
13946425859 3
15946564887 3
13512666028 3
15246488913 3
13512680132 3
13624548252 3
18324541259 3
13614541291 3
13614541285 3
18324543620 3
18324543609 3
18324543379 3
13624544517 3
13614695906 3
18245479943 3
18745498091 3
13644684739 3
18745466205 3
18245468626 3
13846140231 3
13845450243 3
13845412291 3
13614694306 3
15804542912 3
15804543270 3
13624545275 3
13614541972 3
13624545397 3
18324543962 3
18745492162 3
15246493564 3
18745493891 3
18304541050 3
15046495286 3
18245497581 3
18245497652 3
18245466519 3
15245487629 3
18845493520 3
13945462017 3
13614699589 3
13845474725 3
13674549701 3
18745489380 3
15046465783 3
15904540995 3
18245491102 3
18724222572 3
13644543503 3
15046466530 3
18245457258 3
18249257646 3
13845470723 3
13603699026 3
13603697732 3
13674549093 3
13836649461 3
15946568050 3
15846992963 3
15846994116 3
13604863759 3
13946406705 3
18845426521 3
13846164031 3
13604863006 3
13644542016 3
13644540597 3
15246494079 3
18745486181 3
13846173557 3
13846174310 3
15045403025 3
13846162771 3
13945456512 3
18204540784 3
13614696020 3
13614696251 3
13604863375 3
13604863807 3
13614696529 3
13604864806 3
13604865305 3
13604865675 3
13512680779 3
13614696871 3
18745482180 3
18845427165 3
13704540779 3
18204542503 3
13846157370 3
15765341157 3
13704866256 3
13614696175 3
13704867091 3
13796355161 3
13603693982 3
15765343376 3
13614696389 3
18724224028 3
18324540181 3
18249822619 3
13946459773 3
15145498939 3
13664545298 3
15046462566 3
18845427592 3
13512676628 3
18845485982 3
18245452291 3
18724540826 3
13614696256 3
13846134813 3
15046496050 3
15046495052 3
18724549280 3
15145490389 3
13846178247 3
15145454319 3
13684545954 3
13836602287 3
18245470164 3
18204543771 3
18249257964 3
13614544385 3
18204545017 3
13836649398 3
13846139363 3
15145458448 3
18845487684 3
15164513224 3
13504541158 3
15145489787 3
13634545370 3
18245496293 3
13624545946 3
15046469620 3
18845414462 3
13845401272 3
13504544841 3
13614692576 3
13634544192 3
13634544970 3
13836643959 3
13946426083 3
13945466389 3
15204549231 3
18249247552 3
13845470207 3
13603698919 3
15245459180 3
15246471396 3
13803666468 3
15765353198 3
18845427981 3
13796350632 3
15245482709 3
15946557536 3
18745495270 3
18304540076 3
18249260106 3
18249240875 3
18249264181 3
15945884875 3
18249269263 3
18304540996 3
18249260393 3
13604545731 3
13624549516 3
18745462253 3
15845407182 3
15945403242 3
13845416807 3
13836663406 3
18249262903 3
15046460283 3
13664547530 3
13504547489 3
15245484649 3
18245451823 3
15204540380 3
15046460882 3
18804548127 3
15246498642 3
18204547009 3
13846178448 3
18845426030 3
15845400127 3
13945474997 3
15246462690 3
18745459193 3
18845488182 3
13846141170 3
18845488357 3
13604866092 3
13846155286 3
18845413171 3
18845488295 3
18845487365 3
18845488195 3
18845426048 3
18845426086 3
13845457351 3
13512698150 3
18204540725 3
15046461680 3
18304546642 3
13644543185 3
15145488390 3
15204542611 3
18249240229 3
18204542380 3
13734542636 3
18245450379 3
18304547306 3
18249254511 3
13946459882 3
13946403403 3
15246484820 3
15045407089 3
15714669866 3
15714669799 3
13704548434 3
18845481198 3
18245472124 3
15164517062 3
13684546412 3
18304541675 3
13845477753 3
15046462855 3
18804543240 3
18204548912 3
15045412969 3
15204540250 3
13796354731 3
13555592646 3
15246498184 3
18845487896 3
13846154918 3
15204547565 3
18246368838 3
15046461416 3
18204542937 3
18724226403 3
13945487361 3
18245475476 3
18745474727 3
18249261598 3
13644543749 3
18845404281 3
15046490681 3
13846152191 3
18245468965 3
15046469379 3
18245471981 3
18745465279 3
13644545286 3
13512677094 3
18245497706 3
15145490912 3
15246478004 3
18249826635 3
18845497933 3
13945475035 3
18845427586 3
18245498389 3
13704544413 3
13684540551 3
18245495803 3
15946560021 3
18249259865 3
13946453269 3
18304543515 3
15245480781 3
18714540124 3
18245461197 3
18245461506 3
18724546779 3
18245464672 3
18249243135 3
13644544137 3
15246486881 3
18724211943 3
18245459505 3
15045408302 3
18845490867 3
13846146492 3
18724220069 3
15246485620 3
13555589142 3
18245458814 3
18324549871 3
15046463727 3
15204545060 3
15904540115 3
15046465071 3
18249245266 3
15046462937 3
18245452357 3
13846196171 3
15946568533 3
18249253973 3
18845413128 3
15946558614 3
15145453288 3
13512669874 3
13846182212 3
15045409279 3
18724216021 3
15045406185 3
18845420707 3
18845487802 3
18745456287 3
18714547857 3
18245460290 3
15045406135 3
15145453589 3
18745451752 3
15046492170 3
13945468362 3
15046492373 3
13845414587 3
15046492615 3
18714542007 3
15946565750 3
18714542127 3
18745453106 3
18714544230 3
18724548813 3
15846999425 3
13704548246 3
18845425774 3
18245488265 3
13845416301 3
13504542393 3
18745457867 3
18745459505 3
18245495910 3
18249821276 3
18245496203 3
13846183213 3
18204545189 3
15946569069 3
18745454989 3
18745455236 3
18724210053 3
13846178907 3
13846180962 3
15846996560 3
15904544026 3
15046493051 3
15904543291 3
18714547325 3
13846172990 3
15845453867 3
15045402157 3
18204543183 3
15046460571 3
15946563606 3
18745452714 3
18745453014 3
18714546951 3
15946562359 3
18804546731 3
18724548869 3
13945464926 3
13945465962 3
15046491825 3
15046491923 3
18724216337 3
18724212010 3
18724213621 3
13945463080 3
18724547289 3
18245460265 3
18724542553 3
18724542862 3
18724542891 3
18724210651 3
18724545015 3
18714542532 3
18714542780 3
15046491209 3
15046491282 3
13903688772 3
18245495689 3
15904543591 3
18724229736 3
18724212049 3
15946560015 3
15946560802 3
15946561005 3
15046490575 3
13512689453 3
18245462534 3
13644543886 3
18245457324 3
15904542836 3
18245495571 3
18245473215 3
18714541207 3
13945482210 3
15046490351 3
15046490362 3
18724221725 3
18724221796 3
18724221852 3
18245491787 3
18724222961 3
15046469725 3
15046469792 3
15204543338 3
15046469852 3
13945480681 3
18245457212 3
18724220192 3
18245458232 3
18324548169 3
13946408530 3
18324549257 3
13903681687 3
15846998305 3
15046468832 3
18804544594 3
15046469087 3
18245453162 3
13846199790 3
15846996731 3
15046468167 3
18245466323 3
15046468590 3
18245498120 3
18245499029 3
15846992707 3
15846994821 3
15246482750 3
18845487839 3
18245497589 3
18245497650 3
13945488760 3
13846194176 3
13945498875 3
18245496631 3
13945487976 3
18204549836 3
15845455729 3
15845456106 3
15845456975 3
15046462210 3
15046462306 3
15046462359 3
13846190626 3
18249266451 3
18845481622 3
18845480359 3
15846993760 3
18245498843 3
18249826213 3
13803655739 3
18845412601 3
15945404916 3
18845414887 3
15246477800 3
18845492282 3
13946456410 3
18845485251 3
15045419289 3
13603692782 3
18714545336 3
15245482035 3
13624542761 3
18745493768 3
18845411390 3
18724221396 3
18724545430 3
15845407395 3
15245453386 3
18845490272 3
18204547889 3
13512646073 3
13512664927 3
13614692819 3
15164510460 3
15164510461 3
15846997776 3
15046469173 3
18724219469 3
15245487356 3
13704863026 3
15145497085 3
13604863062 3
18245450273 3
18745461361 3
18245453689 3
18245465402 3
18845426016 3
18845418500 3
13603698260 3
15046460585 3
18724218023 3
18324549337 3
18845426042 3
15765353189 3
15946568501 3
18324544077 3
15046460989 3
18724221035 3
13512669434 3
15246466928 3
13846156745 3
15045416320 3
15046497998 3
13603699465 3
13946428569 3
13845455238 3
15245481681 3
13836653948 3
15246491325 3
18204549819 3
13512687403 3
18204549806 3
18845408044 3
18724546408 3
13644547896 3
15046496980 3
18245486629 3
18204541773 3
18745483192 3
18845499617 3
13846141526 3
13603691296 3
18845496330 3
18845495223 3
18845493602 3
18204547005 3
15765353688 3
18304542655 3
15145453348 3
18724221858 3
13946458958 3
13603692610 3
13734544501 3
18845426312 3
18245453935 3
15946567202 3
15946568486 3
13512679592 3
13512645169 3
18724223669 3
15164511620 3
18245463149 3
15145459016 3
13624549238 3
15246488713 3
18249248483 3
15164516859 3
13555598107 3
15946568196 3
13504696487 3
15246486112 3
18845426743 3
18845493353 3
13946455749 3
15246498864 3
13946473436 3
18304544887 3
15214664036 3
18845426392 3
18245488408 3
18845408660 3
18845411381 3
18245457506 3
18845495509 3
18804543639 3
13512682376 3
18845484125 3
15246490759 3
18249261621 3
13946455242 3
13845419560 3
13836604490 3
13845453034 3
18245484278 3
18745475966 3
15946558143 3
18304540515 3
18714544268 3
18245492665 3
18724218220 3
15145455255 3
15245486732 3
18245469884 3
18249258918 3
15245454951 3
13846146371 3
18845408934 3
13946451132 3
13504547932 3
15145489231 3
13846142730 3
18845486095 3
13604542976 3
13846161239 3
18745459818 3
18324541029 3
15045405043 3
18245469315 3
13796353284 3
13846140792 3
18724226990 3
15774541155 3
15214660238 3
13512663291 3
18204547947 3
15246482852 3
13555580697 3
13845418390 3
15846991583 3
13604865043 3
18724215306 3
18845434900 3
13614546070 3
15246463121 3
18245450931 3
18249257509 3
18845494157 3
15804542760 3
13846193026 3
18245464303 3
18249820371 3
18204543370 3
13946457546 3
13846181446 3
13684543067 3
13734542609 3
15246484490 3
15214661207 3
18845426090 3
18845414606 3
13512665854 3
18745495753 3
18249259735 3
18845425470 3
13684541687 3
18845487371 3
18245460304 3
15145494986 3
15045409836 3
18245487180 3
18324543176 3
13846174702 3
15946564175 3
13846169297 3
15246462644 3
15904540314 3
18245499875 3
15945400815 3
13704860796 3
13945481389 3
13604548921 3
18245481909 3
15804547977 3
13704861503 3
18324540936 3
18324540963 3
13664542770 3
13734547536 3
13704864867 3
13734547032 3
18324540721 3
13845453770 3
18204547513 3
15246493081 3
18845495103 3
18745472805 3
15765312277 3
18745499351 3
13796352482 3
13946447433 3
18724223886 3
18249253536 3
15246462133 3
15246486256 3
18245483161 3
13634544809 3
13634546591 3
18745492089 3
18745495856 3
18845497377 3
13634540615 3
13946474906 3
18324540512 3
18845497279 3
18724212804 3
13624541601 3
13624540902 3
13624541716 3
18245483310 3
18324541631 3
13614698235 3
13614698272 3
13846132635 3
13614541725 3
13644544689 3
15946556262 3
18249820839 3
13946458736 3
18745478892 3
15946561514 3
18249821066 3
18845424845 3
13614693723 3
13614697906 3
18245488326 3
18714544810 3
18324541052 3
13624544280 3
13614544151 3
15946563379 3
15145490093 3
18845404538 3
15145490976 3
15754541073 3
15754544553 3
15945884665 3
13845413287 3
13614690121 3
13614541129 3
13624547327 3
13614541706 3
13846131007 3
18245486751 3
15145458303 3
15145459350 3
18845414603 3
18845497656 3
13664547894 3
18845498180 3
18845498729 3
13846163112 3
13836649932 3
13846185341 3
18249239306 3
15145455835 3
18249253880 3
18745471912 3
15246464549 3
15145489583 3
13704868797 3
13603698381 3
13836650684 3
15945401310 3
18304543661 3
15046498790 3
13634547386 3
18845411980 3
13845402186 3
13846174005 3
15145497395 3
13836650286 3
13945477538 3
15204544882 3
13555594856 3
13604540228 3
15904541107 3
18845411970 3
13603695830 3
15145493635 3
18845487826 3
13836644162 3
15045418779 3
15204540736 3
18845488447 3
18745499722 3
18845487825 3
15145497792 3
15045418834 3
13504544558 3
13845470481 3
18724219194 3
18745489570 3
13836662717 3
18845487893 3
13946426375 3
13504546461 3
13734541965 3
13845405259 3
13704867269 3
13946408807 3
18304541173 3
18845428195 3
18845489601 3
15046493435 3
13836662571 3
15774545960 3
15774545961 3
18845428216 3
15204540850 3
13704542795 3
15046499665 3
18249820129 3
18745450086 3
18745457010 3
13946427187 3
13504549714 3
15246465709 3
15164515670 3
13614544720 3
13846191725 3
15204549171 3
13624549967 3
13904544067 3
18324540034 3
13512672844 3
18845415162 3
18714543703 3
13512664662 3
15945400192 3
15245487458 3
18845411367 3
18804541065 3
18845428203 3
15045418584 3
18745457673 3
18724547786 3
13674549571 3
13644542157 3
18745456163 3
13836615901 3
13796354493 3
13512671978 3
18204540804 3
13846134541 3
13846169037 3
13945468687 3
13846156053 3
15046497758 3
15145499495 3
18724542312 3
18745459423 3
15046494356 3
15045416216 3
15045416326 3
13846141316 3
15045413136 3
18245476165 3
15045413665 3
18245477992 3
13846166376 3
15045418027 3
15045413397 3
13624547638 3
18845486004 3
18324544520 3
15045412060 3
15045413830 3
13624548246 3
15045407519 3
15214667002 3
18724215510 3
13846166423 3
15245457620 3
18845487862 3
18724229283 3
18245461566 3
18204548542 3
13946445873 3
13684541318 3
15145495190 3
18304546600 3
13946441550 3
18745473197 3
13846146675 3
13704865754 3
13846174531 3
13846175003 3
18245483575 3
18245484325 3
15945880119 3
13836667914 3
18724215966 3
15145495872 3
13674544358 3
13846148045 3
13846196764 3
13634542354 3
13946449860 3
13945463944 3
18845487906 3
13846192014 3
13846190904 3
13846148030 3
18245480976 3
18245483231 3
13845456139 3
18845418101 3
15774542121 3
15145453635 3
18745459214 3
13644548215 3
15045402998 3
13846145226 3
18845487864 3
13555594734 3
15765312288 3
13684540892 3
15204543708 3
15246492855 3
13846145721 3
13903684248 3
18249256553 3
18249260380 3
13555592664 3
18245453465 3
13836650324 3
13803650642 3
18745479392 3
13504549382 3
15946560202 3
13604548474 3
15246490305 3
13614697068 3
15045416992 3
18724228218 3
13846170845 3
15145493625 3
18845427212 3
13836657551 3
13604543319 3
13512640385 3
18745464325 3
18845415127 3
13796354243 3
18845492973 3
15904546239 3
18245476357 3
13845417102 3
15045401470 3
18724547373 3
15946559269 3
13846150709 3
15904548160 3
15246462535 3
18845404451 3
18724223193 3
15164515201 3
13704544383 3
18304548766 3
18249249336 3
15214666430 3
18845427655 3
13684540809 3
18204542645 3
18204541458 3
13946451662 3
18724229882 3
13945485803 3
15145497937 3
13903688175 3
13836657435 3
18845494292 3
18804542835 3
18745454574 3
18304540883 3
15164519171 3
13704544497 3
15046469494 3
18845434100 3
15946561569 3
15246492837 3
13684540109 3
18245486851 3
18745452683 3
18245455424 3
15045400721 3
15046463572 3
18724229597 3
15045418497 3
18249824220 3
18249820650 3
18249269526 3
18204540010 3
18245451565 3
18304548623 3
15145489630 3
13512662153 3
15045413101 3
15045410981 3
15045408382 3
18245475667 3
18745462964 3
15045417991 3
15045415195 3
18845426856 3
18304542257 3
18245491002 3
18845422070 3
18845426842 3
18249268652 3
13903687519 3
13845470153 3
13945483233 3
15045413823 3
18249821261 3
18249269124 3
13903682330 3
15904546702 3
18245488792 3
13946427052 3
18204546669 3
15045414812 3
15164519557 3
13846148665 3
13946451964 3
15246463226 3
13846167374 3
13704866675 3
18804548252 3
15046466462 3
15045403561 3
15045402334 3
18249269506 3
18249268856 3
18249268195 3
18204540532 3
15145456338 3
18845487805 3
18245482275 3
18845488028 3
18745484396 3
13603695587 3
15246494930 3
13512665175 3
18845422860 3
18804547913 3
13845401833 3
15214661750 3
15045410339 3
13836601285 3
13846148553 3
18245450271 3
18245450263 3
18304546180 3
18804545766 3
18245451096 3
18304547331 3
18845407309 3
13604542375 3
18724219490 3
18245479061 3
18845411959 3
18845409969 3
13734549524 3
15845452282 3
18845486950 3
13512670356 3
18845406952 3
18745493252 3
18845428172 3
13634541440 3
13512668652 3
15145454353 3
13846131041 3
18249257223 3
13836661368 3
13512666160 3
18745479284 3
15214660523 3
15946555707 3
15246470310 3
13946442812 3
18845408468 3
18845411956 3
15245485452 3
15845453548 3
13803660971 3
18249259957 3
18245498875 3
15945401807 3
13614694221 3
13836642335 3
15246472771 3
18745452114 3
15846990712 3
18845428191 3
15845453825 3
13504544801 3
18845429463 3
18845485523 3
13704540225 3
18724225899 3
18724544171 3
18745467736 3
18845425625 3
18845425626 3
13945466163 3
13504698573 3
13845475719 3
15804547532 3
15774545613 3
15845405349 3
13946472365 3
18845428220 3
13555596443 3
13555597241 3
13796352942 3
13846132799 3
13684545502 3
13836655660 3
13845459355 3
18845401608 3
18845407399 3
13803668116 3
18845428223 3
13555597883 3
18245483129 3
13704542319 3
18249247716 3
15046499756 3
15164512475 3
13604867957 3
18845498949 3
18324546365 3
18249258080 3
13845406618 3
13946444536 3
15246476439 3
15045409572 3
13945472581 3
18245487110 3
13836603559 3
13836652237 3
15214663042 3
18845411338 3
18245480963 3
15754546039 3
13836609585 3
18746376876 3
15214663186 3
15145488132 3
15246462630 3
13512644773 3
18249247188 3
15945887746 3
18745489348 3
15045401082 3
13512683053 3
13634542632 3
15046469860 3
15145497527 3
13664545616 3
18745456691 3
13836648847 3
13634545613 3
13846173001 3
18845486359 3
18714547197 3
15145494979 3
15945402805 3
13836652043 3
18204548107 3
18714547745 3
15846999549 3
18845429100 3
13512647648 3
15145497574 3
18845410078 3
18249824145 3
18245462122 3
18245459158 3
18845415101 3
15045402186 3
18724545009 3
15845403329 3
15845450163 3
15045402912 3
18745470690 3
18249246201 3
18249246202 3
18745498627 3
15245486559 3
15904549137 3
18249828676 3
13704547251 3
18249822253 3
15204541510 3
18845499686 3
18724211873 3
18845428187 3
13504698951 3
13845403750 3
13846185013 3
18845489506 3
13555598173 3
18745489969 3
13704546627 3
18245479680 3
18249236300 3
15945886110 3
18845483862 3
18745495348 3
15774545669 3
15214662383 3
18845411967 3
15245457023 3
15046490280 3
15945883625 3
13836663101 3
15246461679 3
18845495010 3
18845405481 3
15245487301 3
15246462167 3
13945455997 3
18745450378 3
15245456281 3
13512686457 3
18845412641 3
18845427795 3
18845499680 3
13512667277 3
18249257298 3
18245487108 3
18724227157 3
13803653542 3
13684543015 3
18745455816 3
13512699650 3
18204547640 3
18804548652 3
18245473689 3
18724226373 3
15945885305 3
15164517837 3
18245483972 3
18245474673 3
13504699997 3
18245482144 3
18745489323 3
15845408501 3
15164512175 3
13734549665 3
18845413026 3
13555596142 3
15845402161 3
18845495503 3
18245455297 3
18845499660 3
13624542633 3
18845402500 3
18245455397 3
13836668951 3
18845401257 3
18745472330 3
18845414920 3
13512643474 3
18845487699 3
15946561967 3
15245483716 3
18245471308 3
18845401081 3
13512644184 3
18204541352 3
18845408448 3
15145451027 3
15045410837 3
18714547587 3
15145454327 3
15046490164 3
18845412694 3
18245465694 3
18724216967 3
18724211353 3
13504546365 3
18845482149 3
18249264675 3
18804549358 3
18845499667 3
15046498299 3
15164516090 3
15845408904 3
15754546018 3
13836641750 3
13803667461 3
13846142687 3
13945479432 3
15245455324 3
18245465403 3
13845459651 3
18745463918 3
15754546625 3
13664546763 3
15245450475 3
18845417761 3
13614696627 3
13504696403 3
13512673407 3
13803668487 3
18245484189 3
18724548619 3
15145487031 3
13946449442 3
18745471294 3
18845402046 3
15754547895 3
13624545071 3
13624549668 3
15904544121 3
15046464046 3
13846135461 3
18845493791 3
18245451407 3
15145453016 3
13836609923 3
13704544350 3
18249824969 3
18804545613 3
13664544425 3
13684546801 3
18724215010 3
18304545213 3
18745471300 3
18845415150 3
18845486585 3
13946425935 3
13734544490 3
15946554979 3
13704543831 3
18245476719 3
18245457035 3
15045402621 3
18304543404 3
18845425630 3
15904545329 3
18845419761 3
18745495309 3
18249235526 3
18845408112 3
18845405460 3
18845400985 3
18204540043 3
13846168714 3
15246465003 3
15045410368 3
18249246912 3
15164517692 3
13512681106 3
15245453807 3
13836663160 3
18245493106 3
13512679116 3
13836655030 3
13846160173 3
15145454266 3
18745485320 3
13624549985 3
13903685515 3
18845489563 3
13846173826 3
18845489286 3
18245466689 3
15246464631 3
18304540166 3
13704542908 3
18304548365 3
13512684139 3
13504549611 3
13846133921 3
13684541487 3
13603694353 3
13845473823 3
15246485190 3
15946561095 3
18245472662 3
18845425914 3
18845411386 3
15046461972 3
15246476958 3
13845400072 3
13946402313 3
15204540659 3
13846180650 3
18724216080 3
13845403155 3
13846161046 3
13946449379 3
13603699036 3
15245450645 3
18845406527 3
18245455807 3
18845414481 3
15246470606 3
18845411331 3
13644541920 3
18845499610 3
18746364543 3
18745454522 3
13836659161 3
18745497690 3
18304541761 3
18845405192 3
18249235938 3
18745488829 3
15246477196 3
15246489039 3
15045404396 3
13846142441 3
13512640192 3
13644546695 3
18845407653 3
18245498446 3
18249258367 3
18745488239 3
13903684041 3
15046490600 3
18745452232 3
15046491650 3
18249259176 3
13734548091 3
13644543510 3
15246462590 3
15246472897 3
13664542793 3
15846993869 3
15164518719 3
13845479476 3
18845495530 3
18245476946 3
18249827918 3
15904549451 3
13836646568 3
15846990614 3
13846144051 3
18724226511 3
18745475468 3
13845475223 3
18724543860 3
18845486387 3
15754546179 3
18845400829 3
15046499258 3
15946567696 3
18845427591 3
18845489536 3
15245480905 3
15145450705 3
18845495576 3
18845491643 3
18245473686 3
18745469302 3
13946440346 3
18845489593 3
15845451887 3
13614690792 3
13555587341 3
13664547667 3
18724215389 3
13796351706 3
18845423564 3
15145451128 3
18245471401 3
18845483962 3
15246495218 3
13614698330 3
13512648719 3
13846135375 3
18249268018 3
18724545465 3
18249241820 3
18249241830 3
13846177712 3
15246461656 3
18249269159 3
15245451755 3
18804549495 3
13846177731 3
13945487468 3
18745470911 3
18845403690 3
13845476720 3
18724225055 3
15845457006 3
13704868593 3
13846171321 3
18745483108 3
15046466287 3
18324548845 3
13644543461 3
13512677425 3
18245483559 3
15946555808 3
15046467049 3
15246468971 3
13704863695 3
13904544702 3
13512688694 3
18304542673 3
18845498181 3
18845426590 3
15204546252 3
15045414760 3
13946426339 3
13512686763 3
18845496060 3
13946456230 3
13603699421 3
18245499360 3
13604864621 3
18845491327 3
18745456121 3
18249263186 3
18845414497 3
15945884932 3
15845456974 3
18845481543 3
18714545205 3
15804549596 3
15214661918 3
18204545398 3
18324540945 3
13846136021 3
13512643745 3
13704862726 3
18845481106 3
18324545640 3
13604543882 3
13846163637 3
15214663056 3
13846179261 3
15845459965 3
18245475652 3
18245492243 3
13604865590 3
13512668932 3
13845478316 3
15245481808 3
18845494389 3
15245451837 3
15046465218 3
13846189981 3
18845489498 3
15214660672 3
18249236039 3
13684546583 3
18804544365 3
18724545443 3
13846195872 3
15804549120 3
18245450981 3
18745462662 3
15946569197 3
13845403193 3
13512649304 3
18724224005 3
18745494055 3
13846184025 3
18804547535 3
15045402425 3
15045416357 3
13846196078 3
13704549505 3
13604541490 3
15204546463 3
13634543746 3
15245458493 3
18845489557 3
18845480485 3
18745475819 3
18245487738 3
15045411505 3
18804548406 3
13704863093 3
18745450285 3
13504547188 3
13845406839 3
13803662771 3
15246491433 3
13946423374 3
18249257907 3
18304545453 3
18304541518 3
18724214579 3
15145450441 3
18745480458 3
18845487575 3
18745456680 3
13845400251 3
13846142281 3
18249265355 3
18249258846 3
13846199211 3
18304540338 3
18745499563 3
13845403877 3
15845451308 3
13846153998 3
18245486027 3
13704545663 3
18724548460 3
15145491899 3
13614697270 3
15046465912 3
13604866923 3
18324545670 3
18745470176 3
15904545918 3
13903683970 3
18249247854 3
13836665287 3
18724212449 3
13846163027 3
15946561252 3
18845487093 3
13946448629 3
13845477406 3
18845405187 3
13614696475 3
13945478115 3
13846167872 3
15145459572 3
15045419215 3
13604547982 3
15246480953 3
13904544135 3
13836665825 3
18845423906 3
18304548485 3
13704867147 3
13604540645 3
13836602332 3
18249248423 3
18249259245 3
18249240736 3
18845490520 3
13836653979 3
15145455702 3
15145497818 3
15246492998 3
13846141423 3
13555582473 3
13674549010 3
18324547680 3
15845403520 3
15145450228 3
13946407898 3
18324548873 3
18724218086 3
13796355267 3
13946444498 3
15145456137 3
13845478289 3
15045411239 3
15045402391 3
18245491943 3
18324545672 3
15846994089 3
13803662526 3
13845406921 3
15046467180 3
18245459424 3
13614690470 3
13684549773 3
18304546026 3
13846176559 3
15245480500 3
18714540818 3
18845493749 3
18245457813 3
15246476205 3
15046490753 3
18249257751 3
18249249600 3
18249824716 3
18845412321 3
18845490595 3
18845423225 3
13555587414 3
13504546525 3
15046461021 3
15245458161 3
13845405631 3
18249267027 3
18714545044 3
15946558013 3
15245457441 3
13945460882 3
13512649510 3
18249267906 3
18324548835 3
13614698952 3
18245479085 3
18245470527 3
13845477018 3
13664542885 3
18249263910 3
15804547321 3
13846147987 3
13734543128 3
13846132219 3
13803655604 3
18245484001 3
13684546935 3
18304544263 3
15204542020 3
13674544760 3
15045400839 3
15045418677 3
15845403952 3
18304542215 3
18245479291 3
13512661081 3
18745455582 3
15246480722 3
13555591410 3
13614541982 3
15246499032 3
13504698332 3
15946567370 3
13684544214 3
13845454371 3
18845483952 3
13945475167 3
15245488585 3
13836649719 3
13644549271 3
13945459756 3
18845488804 3
18724224055 3
15145496037 3
15245487904 3
13634540523 3
18249249242 3
18714549932 3
13555597270 3
15246469620 3
15774547373 3
18724223530 3
18245487432 3
13504548762 3
18245455106 3
13604864906 3
18845481196 3
13803650362 3
13945463611 3
15145489232 3
15246482518 3
18249254218 3
13836615061 3
15754548691 3
13945450660 3
18724548017 3
18249824755 3
13684547631 3
18245492599 3
18245458008 3
13903685077 3
13904545868 3
13836615846 3
18714547573 3
13555593147 3
13846186368 3
13734544346 3
18845487772 3
15946566579 3
18245469850 3
15246481243 3
13704860208 3
15245452805 3
13803653261 3
18714543181 3
13684540176 3
18714545547 3
15045413256 3
15145451933 3
13803656845 3
18245484445 3
13846181629 3
15945887970 3
13504542942 3
13684542956 3
18724218662 3
18845401687 3
13945479975 3
15845402901 3
13945499348 3
18845481273 3
13803654786 3
18845405190 3
15145458001 3
13664545819 3
18245473640 3
18845409499 3
13555582056 3
13603696225 3
13634546741 3
13904545848 3
18745462429 3
15245481156 3
15946562476 3
18245479029 3
13644543821 3
15846992692 3
13512684435 3
18249261812 3
13644549746 3
13604864289 3
15245456102 3
13846180187 3
13945464312 3
18804543570 3
18204540540 3
15804547641 3
13604543892 3
13836659825 3
13664549881 3
18845405475 3
13684547090 3
18845496301 3
13803658339 3
18245451278 3
13836655839 3
15245450879 3
13845479572 3
13846180209 3
15846998556 3
18845496763 3
18845493923 3
13945488736 3
13836664892 3
15045414229 3
18745486335 3
15145457610 3
13704867822 3
18249247890 3
15246467310 3
15145498469 3
18804543832 3
15945884415 3
13803662434 3
13603699148 3
13604541083 3
18845486362 3
15245455282 3
15804546805 3
18249824545 3
18845492863 3
15246483846 3
15804541710 3
13803669585 3
15164513581 3
15774546196 3
15845406269 3
18245469183 3
13836603657 3
15246466640 3
18204543264 3
15045402744 3
15754548608 3
18245476221 3
15846993795 3
18249255766 3
15845407244 3
13734544586 3
18845493409 3
13512646190 3
18714547250 3
13803660162 3
18745491630 3
13555593483 3
15904545279 3
13836664370 3
15246490306 3
13945489113 3
15164511050 3
18845423664 3
18245482839 3
15245459803 3
18845426537 3
18724220717 3
18245486113 3
15904547042 3
13504546931 3
13846184957 3
18845427140 3
18745469029 3
18249252336 3
15245454302 3
18745497835 3
15246498217 3
15246490853 3
15946568549 3
18249822960 3
18249238517 3
15845409600 3
18804542077 3
18845494226 3
13846181191 3
15804547910 3
15246468419 3
13664544237 3
18245479807 3
18249825116 3
15045411336 3
15214666158 3
15214663138 3
15946559775 3
18249247805 3
13846137814 3
15845452356 3
13614698180 3
15245485242 3
18204541545 3
13846142162 3
13845403712 3
18745499971 3
13504696142 3
13846144751 3
15045409136 3
13946473362 3
15804544815 3
15845458547 3
13512644733 3
18245497737 3
13845458002 3
13946428386 3
15245480190 3
15045408780 3
15245481812 3
18724547919 3
18249238812 3
18745493211 3
18245459662 3
18245487237 3
18745490321 3
13845477004 3
15946553085 3
13945459547 3
13836600426 3
13512660398 3
13674544280 3
18249242007 3
13845478619 3
18245459475 3
18845413023 3
15845453562 3
15246466356 3
18714540418 3
13946473096 3
15945885042 3
15046467586 3
13846141522 3
13946423179 3
13604540650 3
15045407872 3
18804545731 3
13846161800 3
15845458203 3
18249268478 3
18249822206 3
15945889403 3
13945489521 3
15245458740 3
18804543161 3
18724540680 3
18249264031 3
15046493084 3
15045404020 3
13836652977 3
15046465230 3
15046468199 3
15145456125 3
18324543627 3
13946423069 3
13946444480 3
18245450819 3
15804544732 3
15046465376 3
13836643503 3
18724541939 3
18245476308 3
18724545945 3
15046462932 3
15045411229 3
15945886636 3
13846195835 3
13945497410 3
15904545096 3
18745498650 3
15845454017 3
13634542810 3
18249824935 3
18745475392 3
13603695883 3
13836665792 3
13845409104 3
15946562293 3
13614541618 3
15754548659 3
15804548105 3
15845408675 3
18745495830 3
13604541561 3
13846150270 3
18724210728 3
18845401934 3
15045401575 3
15845456752 3
15246471881 3
13946409560 3
13684547930 3
18249823739 3
13614697191 3
18845495855 3
15246481387 3
13846150662 3
18204549399 3
13836645267 3
13796353325 3
13945474326 3
18249820330 3
13946405004 3
15246473338 3
15804545239 3
13512676820 3
13846163483 3
18845486623 3
13504548496 3
13504547529 3
18804543634 3
18249823627 3
13836653970 3
13946443807 3
15845456820 3
18249827311 3
13803656185 3
18249259517 3
13796354317 3
18249828370 3
13945469653 3
18245466641 3
15214666336 3
13945476879 3
13644543581 3
13845452013 3
13803669519 3
18324544247 3
13604866712 3
18745488035 3
18249241896 3
18745488290 3
18245457310 3
13845451850 3
18724217606 3
15045413616 3
18845408017 3
13904544657 3
18249822327 3
15754546234 3
15045410262 3
13845475936 3
13846188895 3
13846145452 3
18745488032 3
18249261380 3
18245478416 3
18745470069 3
13803669363 3
18745475032 3
15046499381 3
13644684121 3
18249257055 3
13803663352 3
18724544356 3
18304544530 3
15845401805 3
15045409635 3
13903682892 3
13846191315 3
18724213699 3
15046461730 3
13846194293 3
18249251341 3
15804548782 3
15046497688 3
15245481120 3
18249252009 3
15246498193 3
18845480420 3
13846160996 3
15845403984 3
18245474430 3
18304546436 3
15046492056 3
18745458624 3
18245475514 3
13803659178 3
13846165975 3
13945486504 3
15845450592 3
13504698794 3
15145489963 3
13846137386 3
13846182921 3
15214660205 3
15845403536 3
13512649536 3
15845455963 3
13634544023 3
15846999831 3
13836664858 3
15045408778 3
15845409458 3
13734541088 3
13603694421 3
15245459299 3
18245461380 3
15145451792 3
13946440178 3
18249257196 3
15145488980 3
15214661369 3
13504546727 3
18304546582 3
15245458249 3
13846187361 3
15145450153 3
13674549346 3
18714540571 3
15246481418 3
18249256805 3
13704546350 3
13903683205 3
15846992768 3
15214669398 3
15774540670 3
18845408447 3
13504549884 3
18745452293 3
13614699042 3
15946550841 3
18714544367 3
13846164529 3
15204542590 3
13946405189 3
18245458726 3
18714541548 3
13946443716 3
15164513536 3
13846144275 3
13946421724 3
13604545793 3
13946442734 3
18249266291 3
18724219002 3
15246487847 3
18245458898 3
18245486105 3
18249821319 3
18804540029 3
18845427872 3
13845476438 3
18745494393 3
18845484912 3
15046497116 3
18804549237 3
18245457916 3
18249247392 3
13846140639 3
15046468876 3
15804546614 3
18245470362 3
18245475208 3
18804541316 3
18249253293 3
18724545562 3
13704544599 3
13945476806 3
18245499431 3
18245456169 3
13664542571 3
18249244976 3
15846997004 3
13946420959 3
13512645542 3
15045405356 3
18745482796 3
15804546395 3
13945469498 3
13945460754 3
18249244929 3
15164513452 3
18245456758 3
15845406402 3
15045416745 3
13946408809 3
15904542067 3
13504548306 3
15145488136 3
18804541233 3
18249252885 3
15214666373 3
13946447953 3
13512665862 3
18845400558 3
18804541872 3
13614540770 3
18845400428 3
18245468912 3
15046465792 3
18845486114 3
18249261263 3
13846185652 3
15204543454 3
18804543132 3
18804543223 3
18745452813 3
13684549120 3
15946557014 3
15845402870 3
18249238621 3
13836645353 3
18249241919 3
13614693053 3
13734543136 3
18845484017 3
13836660365 3
18249257561 3
18804542353 3
13836663624 3
15774540690 3
15246471507 3
18804545543 3
18249269265 3
13624541295 3
18845424152 3
18845484128 3
15846996494 3
13846184983 3
15754546170 3
13836643067 3
15845405980 3
18249269603 3
15774549321 3
18724223866 3
15046469969 3
13945484308 3
18304540187 3
15904546916 3
15046491816 3
13684541404 3
15845403096 3
15774549987 3
15045414270 3
13512687871 3
13903688641 3
15164512748 3
13803669141 3
15045404695 3
13946409663 3
13836656326 3
13846131610 3
15945402246 3
18249249019 3
18845491552 3
15246489496 3
15774546377 3
13845457850 3
15046466465 3
18845407236 3
15246482980 3
18745486073 3
15845455297 3
13604548252 3
13512688784 3
13504546227 3
15845458102 3
18804543128 3
15145458636 3
13946445571 3
15164519738 3
15214660035 3
15945884835 3
18845491871 3
18245480593 3
18249256158 3
15145488495 3
15145496788 3
15845402741 3
18724222213 3
18745469267 3
18245482851 3
13903685532 3
15845401489 3
18249238696 3
15845455131 3
15046490098 3
15145488460 3
13555584363 3
15145455939 3
15204544655 3
13803668893 3
18724212055 3
13644681806 3
15046461797 3
18245458492 3
13946403785 3
18845480653 3
15804542669 3
18714543793 3
18745488242 3
13604863719 3
13704865712 3
15164519952 3
13846192940 3
18804542051 3
15045415524 3
15145456239 3
18804546704 3
18745479322 3
18845426460 3
13512662572 3
13634542428 3
15845401089 3
18245491951 3
13512663306 3
13603696805 3
18845423138 3
18249236938 3
13846150011 3
18724214248 3
18845406493 3
18845492338 3
15946569494 3
13946425597 3
13846182771 3
15245483537 3
15845402500 3
13846184905 3
15046499533 3
15046460035 3
18845496953 3
13734549599 3
18845414869 3
15204541697 3
13845416022 3
13945482471 3
15246490723 3
18324544239 3
18745492076 3
18745461085 3
18724219115 3
13604543961 3
18245487515 3
18845412002 3
15204548148 3
18249250265 3
18804541885 3
13845406595 3
15246490791 3
13704862805 3
13846193767 3
18845493929 3
13836645620 3
13684547050 3
13945462110 3
18714547635 3
15246467290 3
18845403458 3
15245485975 3
15245489526 3
18845408001 3
13836600719 3
18204541833 3
13846167663 3
15774545351 3
18249241167 3
18714540342 3
15846998839 3
15804547917 3
18245476342 3
15904549894 3
13555582528 3
13845454941 3
15145496976 3
15045412311 3
13846151688 3
15046460454 3
13704866101 3
15904549174 3
18249239843 3
18249239841 3
15214663889 3
13904547939 3
13846169150 3
13704544082 3
18204542800 3
13555594854 3
14745693337 3
18249236907 3
13604866027 3
13512666152 3
18249250440 3
18745486130 3
15946558594 3
18249826966 3
13512667509 3
15804543563 3
18245496160 3
15045407942 3
18249255365 3
13555585253 3
15945885925 3
18204542847 3
15246463291 3
13555587295 3
18745456714 3
15246492638 3
18204541210 3
13604545863 3
13504697652 3
18845497388 3
18804545657 3
18845499995 3
13644549932 3
15164516764 3
13603696212 3
15045414729 3
15945402771 3
15145457331 3
18304548058 3
18245459566 3
13845476247 3
18745458303 3
15945401821 3
18845483104 3
18845423958 3
13604549541 3
13846148938 3
13504544294 3
13945477910 3
13845453894 3
18245487309 3
18245471269 3
13946424525 3
15245452097 3
13734546174 3
15946568254 3
15145495922 3
18245473187 3
15245455137 3
15046469272 3
15245487170 3
18324544237 3
15046460422 3
18714543576 3
13846137568 3
15245489713 3
18304549503 3
13845471826 3
13684544546 3
18804549281 3
13624549384 3
15804544811 3
13604547475 3
13704868183 3
13946406818 3
15046461707 3
18845492419 3
13836615060 3
18845483383 3
18745450144 3
13903685109 3
15045418835 3
18724229831 3
13945456286 3
18845401378 3
13946401480 3
18714540362 3
13704545455 3
18249828161 3
13946473058 3
15946565318 3
15845403433 3
18249826902 3
18245472388 3
18245475533 3
15245450537 3
18249269816 3
15245489843 3
15945880741 3
13946440905 3
15245488875 3
13644544224 3
13836615438 3
13634544599 3
18324544138 3
13846198629 3
15754548619 3
18249256088 3
15946553627 3
18845403547 3
18845496287 3
15046496012 3
13604868802 3
18745491937 3
15246467616 3
18249257656 3
13836665201 3
15246484278 3
13946406663 3
13945466132 3
18249827036 3
13664542631 3
18845495252 3
15846994262 3
15246497073 3
13555583437 3
13946474979 3
15204549375 3
15145452087 3
15145491843 3
15145498636 3
18245466152 3
13846192558 3
15046499667 3
15045415459 3
18745480891 3
15774547887 3
13684547659 3
13946428618 3
13846158101 3
18745482215 3
18245461987 3
13846130483 3
18845425344 3
13846181996 3
13846153495 3
18304546701 3
18245478175 3
13946450599 3
18804549954 3
15046461724 3
15754540280 3
13624547321 3
18249826081 3
13946404633 3
18745491041 3
15214668055 3
13836641259 3
13845400876 3
13624545189 3
13946409521 3
15145459332 3
13945487415 3
18245464893 3
13846138637 3
18845403139 3
18204546209 3
13846175486 3
15045408463 3
15774547321 3
15245455187 3
13555583448 3
15945888330 3
15246489122 3
15245456261 3
13604543611 3
13604544987 3
18845495895 3
13604546299 3
13946443918 3
18249242489 3
18845415488 3
13846137332 3
13845474823 3
18745482486 3
15774545570 3
18804547409 3
13644548891 3
18249268492 3
15846993798 3
18245483380 3
18714541930 3
13945461992 3
18804542503 3
18249827006 3
18245486242 3
13946426544 3
18745458486 3
18745452865 3
15754546562 3
18249251011 3
18745455873 3
18804549282 3
13624542301 3
15046464840 3
13512669036 3
18324541120 3
18845495609 3
15145494252 3
13845473383 3
15946556191 3
13846162623 3
13614692739 3
13945465658 3
15946565737 3
15245486731 3
15145496959 3
18845400156 3
18845429532 3
13945475002 3
13846177016 3
15246486998 3
15145457937 3
13946453538 3
18304546046 3
15245488410 3
18204545508 3
15946560597 3
18245486970 3
13704869936 3
18714547764 3
13846163227 3
13684546380 3
13946454833 3
15904540585 3
13945468971 3
18304543166 3
18304542616 3
13945469619 3
13846148308 3
18245466528 3
18845489418 3
18845493295 3
13803665923 3
18804541596 3
13846163992 3
13603692198 3
18845406941 3
15245480504 3
15754548654 3
18245473380 3
13512643806 3
18714545631 3
15164513461 3
18245470741 3
15046490812 3
15804541935 3
18804549158 3
18724229732 3
13603693203 3
13846157721 3
13803663182 3
15754548656 3
15245456447 3
15245450815 3
13946443031 3
15046492766 3
13836653244 3
18245461529 3
13704542961 3
15246473385 3
15946559971 3
13903681170 3
15246469904 3
13604863529 3
18804545329 3
15046464454 3
15846992587 3
18745462328 3
18745473452 3
15945887459 3
18845495718 3
15246483219 3
18724216197 3
18724229625 3
15145452878 3
13945481995 3
18745463785 3
15046499907 3
18845492157 3
18845496119 3
13904549384 3
13946424654 3
15945880321 3
15246492733 3
13644684618 3
13836660221 3
13664549842 3
15046466684 3
18724543183 3
18249258682 3
13512668626 3
18804542349 3
15246467962 3
13946449734 3
15245486059 3
18724545348 3
13946406140 3
13512677584 3
13512699263 3
13846193902 3
13664548896 3
18714541897 3
15145495949 3
13945462631 3
18249242590 3
15774541255 3
18249252159 3
13846184713 3
18249239470 3
15204545712 3
15945401124 3
13734547506 3
18245488942 3
13836614752 3
13684542946 3
13846148302 3
13555596096 3
15804542620 3
15946550773 3
15945886830 3
15754546029 3
18204546896 3
13945499061 3
15164510053 3
13846174905 3
13904547424 3
18804541140 3
13664547203 3
18745476272 3
13836663924 3
18745493991 3
13845452656 3
13846183856 3
15945885376 3
13846146071 3
13803661349 3
13845406375 3
13512681314 3
15164511314 3
18804549279 3
18724548709 3
13504696353 3
18324547439 3
13946420975 3
18745495507 3
13555583056 3
18745454980 3
18245453008 3
13945479471 3
15245489011 3
18245456941 3
15804544783 3
13845455986 3
13604863985 3
18724211034 3
15246482825 3
13614691136 3
15804544835 3
13946420450 3
13603695882 3
13945459655 3
18745489382 3
18724540835 3
13512683463 3
13946441711 3
13734545971 3
15045409530 3
15774544671 3
13845473550 3
18845404428 3
15045400750 3
15846993136 3
15045406169 3
15246490956 3
18245498807 3
18324541158 3
13555586415 3
18304541583 3
13504543176 3
13684547661 3
18745469387 3
13845458247 3
15246497780 3
18745476244 3
18204546843 3
13704545965 3
13846173225 3
13846193146 3
18245453977 3
13604867223 3
15846993022 3
15245452103 3
18845400131 3
13734542716 3
13644540306 3
18724212720 3
13946447056 3
18845427310 3
13845417696 3
18845407996 3
15804545406 3
18245450831 3
18204547830 3
15246490054 3
18804543563 3
13555581522 3
15046461180 3
13845417893 3
13684542205 3
18804545616 3
18304548712 3
18845405239 3
13903686553 3
13803665118 3
13846104741 3
15246495996 3
13846199040 3
18845480480 3
13555581075 3
18804547121 3
18804547131 3
18845492180 3
15904548556 3
18845482085 3
18249243685 3
15845400618 3
13946405466 3
13796354849 3
13945457344 3
15774540605 3
13555596430 3
18204549486 3
18745460747 3
18249260096 3
13846140631 3
18745471793 3
18745474045 3
18249235994 3
15046460258 3
15246475680 3
18204548161 3
13845416485 3
15904541051 3
18249252654 3
13836602862 3
18245452690 3
18714540529 3
15804548053 3
15046497877 3
13946423427 3
18845484303 3
18804545581 3
18724221898 3
18245481532 3
13945469852 3
18804542859 3
13836651516 3
15145495488 3
18245450473 3
13634546476 3
15204540945 3
18724214711 3
15774549168 3
15045418450 3
15846991522 3
18724544450 3
15846990473 3
18245486559 3
13555585197 3
15845401265 3
13845400753 3
13504697533 3
13845473435 3
15946558532 3
15845452505 3
13504541877 3
13845478355 3
15774541056 3
15246490410 3
18204547834 3
18249267566 3
15246466858 3
15804549024 3
15204543137 3
15946551068 3
18745484218 3
18724226165 3
13946449063 3
13846179808 3
15245480749 3
13946424966 3
18245461228 3
13836649156 3
18245455464 3
15945404495 3
13946400297 3
13846179941 3
18804547181 3
15845405430 3
13946474030 3
15946563532 3
13946473412 3
15765344044 3
18249254571 3
13603699282 3
13846189193 3
13624543502 3
18724546918 3
15774541191 3
18845402559 3
13734546110 3
13664545122 3
13555594969 3
13946457009 3
13846152422 3
18745490442 3
18745454114 3
13836607017 3
18745475096 3
13845417255 3
18745487339 3
15246471497 3
13946407623 3
18845400565 3
15845457011 3
13836648805 3
18245461956 3
18845497126 3
18249236649 3
15145452641 3
13624543613 3
15774545550 3
15804540288 3
15246499110 3
18249242618 3
13512678120 3
13704543020 3
13846153470 3
15845400619 3
13846176920 3
15945402535 3
13512684348 3
15045400829 3
18745487862 3
13836664126 3
18304547354 3
13946449064 3
15046467980 3
15945881968 3
18845401790 3
15145459365 3
15946558161 3
18804540359 3
13634543727 3
13624541536 3
13945460196 3
13555581029 3
15804546531 3
18245498879 3
18845426963 3
18845495155 3
15245483714 3
18245457148 3
15946564439 3
18304546803 3
15946557987 3
18245468935 3
18745477807 3
13604549753 3
15246467825 3
18249823889 3
15246485659 3
15946559412 3
18304549840 3
18804542076 3
18745458176 3
13604542747 3
18845402928 3
13846165083 3
13664549723 3
15164513156 3
18204541549 3
18249246521 3
18724226958 3
15246469294 3
15246497078 3
13846135198 3
13946445095 3
15774544646 3
15246462740 3
15804547595 3
13846149209 3
15246487490 3
18245461061 3
15946563706 3
18245485871 3
15045417525 3
15245450170 3
13846148521 3
15246463509 3
18249244376 3
13945486097 3
15845403038 3
13845457864 3
15904544018 3
15246462609 3
15045407928 3
13846169064 3
13604549710 3
18204542307 3
18245454301 3
13946425774 3
18724217980 3
13836651092 3
15774545066 3
13836643693 3
15046494890 3
15204544052 3
18245485470 3
15845453732 3
18745474252 3
15754548695 3
18304547088 3
13512678519 3
13946409681 3
13734548443 3
15946568871 3
15754547009 3
13803652161 3
15046491585 3
18845486937 3
18804544568 3
18245473950 3
18724220869 3
18845425099 3
15145455039 3
13946445298 3
13634544014 3
13946408722 3
13945472973 3
15246480464 3
18745454259 3
15945887013 3
18324544643 3
13512688725 3
13846151687 3
18714540041 3
13704543071 3
18304540600 3
13945499531 3
15246478300 3
13704862939 3
18245496309 3
18249239740 3
15246463034 3
15246490049 3
18804544535 3
15246499001 3
13555590475 3
18724541020 3
13945462191 3
18304547235 3
18245487141 3
18245457687 3
18845497029 3
18245463562 3
18745470675 3
13603694528 3
18804542219 3
15774540186 3
13614691592 3
18845490365 3
13946406171 3
13946451628 3
15245482153 3
18845405250 3
15945887712 3
15246479292 3
15045416338 3
13555586690 3
18714540327 3
13704542612 3
18845406431 3
18724215949 3
18204542100 3
18245464600 3
18245471506 3
13803657470 3
18845496661 3
13846199861 3
13846138113 3
15045400065 3
15904541783 3
18324543437 3
18249824571 3
13845478260 3
15246487176 3
18745456519 3
13603697931 3
15246472521 3
15245458747 3
13604545483 3
18724544181 3
15246477891 3
13845476175 3
15804548517 3
18245455727 3
13603697703 3
15804544650 3
15145454067 3
13614695086 3
18845483921 3
15246477875 3
18204547931 3
18245464010 3
18249235869 3
18745492861 3
13946441115 3
15246474327 3
18745453544 3
13946451778 3
15904548477 3
18724542468 3
15246486922 3
13604548202 3
18249824570 3
18845484301 3
18745474849 3
18724544570 3
13836600352 3
15045416841 3
13845477048 3
13603695360 3
15945886948 3
13512679707 3
18324543349 3
13504698297 3
18724546661 3
18845406099 3
13945457381 3
13604542056 3
13512677261 3
15145456220 3
18745498183 3
18845400862 3
18245459236 3
15904547838 3
13845417466 3
18245463718 3
13903684941 3
18249820882 3
15245483085 3
13512676952 3
18245456940 3
13684543834 3
18724213240 3
18745467528 3
13903680405 3
18745475751 3
13604549975 3
18804548233 3
18304541506 3
18724221186 3
18745470071 3
15245452712 3
13836656414 3
13512678509 3
18249248147 3
15846996670 3
18245453426 3
18845484707 3
13684548304 3
18845401343 3
15214661541 3
13512663486 3
18245477498 3
15245454592 3
15845402638 3
18714542970 3
18845491357 3
13846171727 3
18245486367 3
13803669309 3
18745456418 3
15214664024 3
18745474316 3
15945400602 3
13555585785 3
15246474271 3
15145496291 3
13504540548 3
18745480072 3
15246487081 3
15246464669 3
15774540158 3
18845409630 3
15904548328 3
18845496660 3
13946406978 3
15804541278 3
15046468096 3
18249824891 3
18845419595 3
15045416159 3
13803661040 3
18304541981 3
13504542946 3
15946557445 3
13604866861 3
13945453795 3
13945457535 3
13945483605 3
13946402602 3
13846135449 3
13845459376 3
13614694623 3
15246483806 3
15804541139 3
13903683565 3
15245487993 3
15904546198 3
18724225857 3
13945466157 3
13846178517 3
13803658155 3
18745455121 3
15846991191 3
15046463667 3
18245450386 3
18724226358 3
18845486396 3
13644548376 3
13614691422 3
13945473593 3
13604549569 3
13946446715 3
18845406377 3
15754548669 3
15946566279 3
13945455061 3
18204544766 3
18724549871 3
13846154284 3
15946567269 3
13945474823 3
13846138878 3
18245487182 3
15246469366 3
18245457573 3
18804540587 3
18724211086 3
18845426497 3
18249821970 3
15754546564 3
15045407975 3
13664549863 3
15804543967 3
15214664177 3
15945881132 3
18714548124 3
18845402237 3
18745461939 3
18249253121 3
18745474587 3
15245450679 3
13803674742 3
13604548359 3
13604548539 3
18845414155 3
13803651508 3
18845481663 3
13836605611 3
15845405493 3
15846991729 3
13512699866 3
18745468897 3
13846172417 3
13684549136 3
13644544857 3
15946565620 3
15204544586 3
13836649954 3
15045409598 3
13734547181 3
18745467962 3
18249236756 3
18845409355 3
13664540471 3
15946559352 3
13946445590 3
18249266704 3
18245479629 3
13903689906 3
13946452182 3
13644545145 3
13946454936 3
13946402120 3
15845455355 3
13846140730 3
13664546032 3
18324542211 3
13946451368 3
15246494337 3
18249250145 3
18724214613 3
18245492505 3
18249263245 3
18304540679 3
18249822467 3
18249248416 3
13555595194 3
18245479928 3
13845458144 3
13604545846 3
15904545026 3
15204545932 3
18724228771 3
15946568021 3
18845480844 3
18304543773 3
13836604037 3
18724542572 3
18724225102 3
13945453417 3
15145489697 3
15904541572 3
15846997453 3
13614696470 3
13946425715 3
13512687391 3
13614690291 3
18714541046 3
13504548273 3
13846137273 3
15845407447 3
18245457404 3
15804547764 3
13846142002 3
18245465857 3
13512660636 3
18804546006 3
15804545629 3
15245488932 3
15245454074 3
15045404956 3
13512684861 3
13903682720 3
18745452088 3
18745462088 3
13946427019 3
18845414153 3
18249822267 3
13734542419 3
15845407843 3
13945473047 3
13836608240 3
18245458144 3
13845404731 3
15246472943 3
15246480744 3
15246467730 3
15164514912 3
15246488791 3
13846155773 3
18845417299 3
15045409121 3
13846135088 3
15946556308 3
18745492355 3
15246487754 3
18745491986 3
18745477992 3
18745460522 3
18745488065 3
13846154259 3
13945451294 3
15246482348 3
15946568197 3
13904549845 3
13504543665 3
18745493826 3
18245471976 3
13846152447 3
13946403895 3
15214665654 3
18245473977 3
18724227837 3
13734546348 3
13512644070 3
13624543644 3
18745455541 3
18714546062 3
13946451490 3
13644543943 3
13946422618 3
13504698927 3
13512677939 3
13846104744 3
18304544065 3
13512670847 3
13704542421 3
18845480409 3
15946557058 3
13836662044 3
18249237101 3
15945882933 3
15145490205 3
15245454736 3
18245486151 3
13664541569 3
13846148485 3
13512694607 3
15245489861 3
13846182426 3
15904542439 3
18845416014 3
15804545436 3
18245469452 3
13845451367 3
15046469782 3
15246474423 3
18745455112 3
18845498601 3
13555583032 3
13845418764 3
13946406033 3
18745456544 3
18249236570 3
15804541298 3
13674544041 3
15804541640 3
15946557056 3
13904545021 3
13604549525 3
13512673102 3
18249240626 3
15214660886 3
15045411867 3
18845481637 3
18245465393 3
18845480947 3
13555585034 3
13845410380 3
18745470343 3
18845422940 3
18249824382 3
18245499239 3
18714546754 3
13704541582 3
18804546015 3
13512684837 3
13512662283 3
13512646065 3
18745483919 3
13836601209 3
15246498122 3
13504547801 3
13512640319 3
15945885885 3
13946472723 3
13634541662 3
13604542795 3
13903683049 3
15046494571 3
13846197500 3
18249250200 3
18724211163 3
13836654221 3
18724549620 3
13684542920 3
18304548879 3
15204546531 3
13846173691 3
18245454216 3
18745476889 3
18804545992 3
13946453558 3
13684547483 3
18249236895 3
13946420068 3
15246488360 3
15845455366 3
15845451788 3
18745469860 3
18249268177 3
18249238966 3
15145452513 3
15204545288 3
18249266246 3
13604549304 3
13803665376 3
13603691085 3
15046465348 3
13803651885 3
15754546717 3
13845474244 3
13836660728 3
15046467568 3
15045406331 3
13604868081 3
15164511988 3
13644545484 3
13512673717 3
13945478190 3
13664547728 3
15045405544 3
13945466292 3
13836643281 3
13836643481 3
15145487810 3
18804540936 3
13945476084 3
15846996003 3
18845486508 3
15246470838 3
13604867179 3
18745487207 3
18304540106 3
13634545961 3
13945498738 3
13946451613 3
18724542117 3
18249243195 3
13504544530 3
15945886138 3
18724546968 3
15045404799 3
13604542317 3
15246464046 3
18249242153 3
18245455521 3
18304543758 3
13836644635 3
13945479641 3
15246499202 3
18845416099 3
13945463627 3
13945465806 3
15046463474 3
15945886145 3
18304542451 3
18245488064 3
18745499775 3
18204545167 3
15204547809 3
15164511915 3
13946403280 3
15774545257 3
13946451182 3
18249248146 3
15046498207 3
18249254866 3
13836644010 3
18845404940 3
18804544840 3
13903682182 3
18745455069 3
15246462472 3
18745465350 3
18245484246 3
15846995238 3
18245473657 3
13846145029 3
13796351461 3
18724215055 3
18745491259 3
18745498159 3
13704867116 3
13555590986 3
13624540711 3
18845401226 3
18745453083 3
18845496196 3
15946565862 3
13704863775 3
13946441780 3
18845492679 3
15204546293 3
13614693629 3
15246466826 3
13604867252 3
18745469581 3
13512668407 3
13803663307 3
18245496626 3
15945883511 3
13512680130 3
13803663632 3
18745470791 3
13512666156 3
13945477174 3
13845404245 3
18845495722 3
13604545751 3
13604544079 3
15754543939 3
13836608527 3
18745470437 3
13734549380 3
13512665997 3
15904542638 3
18245482613 3
18745469620 3
18245478284 3
15804548332 3
13734540182 3
13845417764 3
15246466241 3
18804540683 3
13846157193 3
18249250485 3
18714549092 3
18249250486 3
18745473916 3
13512672224 3
18845488594 3
18745481357 3
18845495594 3
18745470251 3
13614692224 3
18304545830 3
18845416982 3
13624543125 3
15774545577 3
15846990752 3
13512686644 3
18845480546 3
13644542059 3
13836649251 3
18845400268 3
18845422767 3
13946421798 3
18724213050 3
18804548688 3
13945484833 3
13604540477 3
13512674008 3
15945402420 3
13946429773 3
18845416965 3
13512660681 3
15145452116 3
15245484258 3
18249257869 3
13846176241 3
13945461135 3
13846143816 3
13512673507 3
15046462101 3
18249245526 3
15214668183 3
15846990509 3
15904540144 3
18245459650 3
18249248858 3
15204547012 3
18245459004 3
13512668770 3
15246496616 3
13504544672 3
18249826512 3
13734542011 3
15046496256 3
15246483082 3
18724214226 3
18845411121 3
15246488595 3
13845456347 3
13614697411 3
13945475760 3
13845454691 3
15145490122 3
18245478357 3
18845494774 3
18724220320 3
18304543717 3
13512669679 3
18845405497 3
13604548027 3
18804548053 3
13803667689 3
15246486783 3
18245485610 3
18245497587 3
18745486132 3
18845422642 3
18714541353 3
18845407307 3
13946453301 3
