18245496509 3
13946428207 3
13846161496 3
13555599965 3
13604866612 3
13946429028 3
13846168795 3
18245483983 3
15945400482 3
13836605227 3
18745475811 3
15204548676 3
18249240288 3
13946450112 3
18745453538 3
13846164941 3
13903687875 3
13945470713 3
13904544276 3
13603698544 3
13836605840 3
15946550084 3
18745495078 3
13845400312 3
13946454907 3
18245480356 3
18249236164 3
13704862532 3
18249244413 3
18249260019 3
18245459848 3
18245465886 3
13846196930 3
13846151908 3
18249235951 3
18745454322 3
15246464711 3
13846163257 3
15045404551 3
13945452650 3
13803665491 3
13846161563 3
18245488323 3
15946558253 3
15145453337 3
13512648792 3
18245491638 3
18249249718 3
13555583957 3
18245480550 3
13903684779 3
13836662177 3
18714546216 3
13836665896 3
18745496461 3
13836641850 3
15246472701 3
13604865865 3
18245481785 3
18245452460 3
18249824406 3
13603697338 3
13845470367 3
13846177431 3
15845400700 3
15845407578 3
13846198771 3
13845452502 3
13845475868 3
13845477802 3
18745464563 3
15845453549 3
15046494255 3
13836644135 3
13845402659 3
15164517220 3
13945460813 3
18745462058 3
13846153616 3
15145459890 3
15214666099 3
15204540783 3
18745462065 3
18745474493 3
15145499321 3
18745462082 3
13846131134 3
13904544642 3
13836603989 3
15046496439 3
15045402768 3
15845451200 3
13734541331 3
15904540479 3
18745494184 3
13845457860 3
13836650990 3
13946455933 3
13604867469 3
18845498229 3
18245479947 3
13836665648 3
15945404667 3
13504699248 3
15164514027 3
13512687770 3
13946403402 3
13555598608 3
18249249708 3
13555595805 3
18249823099 3
18304540540 3
13803666120 3
18724543782 3
13796352603 3
18245451344 3
15046462009 3
18204549398 3
18204545010 3
13846184305 3
18745483598 3
18304540547 3
18745487478 3
13512683410 3
18249245986 3
13512646862 3
13512666835 3
18724548880 3
13603693379 3
18845491886 3
18245487088 3
15246491306 3
13803652110 3
13555594686 3
18249244496 3
15246470327 3
18845488902 3
13845409217 3
15946562470 3
13846184724 3
15245489495 3
18745455268 3
18245459237 3
13624549193 3
13946458861 3
14794549136 3
13604864368 3
15845454046 3
13845407519 3
13684546262 3
13512688891 3
13512680796 3
13555595352 3
13836669735 3
18845488901 3
18245481775 3
13945478945 3
15246496936 3
13846135455 3
18745483677 3
18204544464 3
18724543672 3
18249822186 3
15246492272 3
13836661035 3
13684546705 3
15845458720 3
13836640709 3
13845411182 3
13644549528 3
13803655844 3
13684542926 3
18249244670 3
18245461663 3
13836602325 3
13512679209 3
18745450692 3
18249260083 3
13836661946 3
15246480553 3
18724545654 3
18204543967 3
13846196541 3
18745452335 3
15904549330 3
15946561109 3
15946550552 3
13504542068 3
18745471800 3
15945889500 3
15945401855 3
13846133282 3
13846137740 3
15245455419 3
15946554307 3
13512646566 3
15245486168 3
13734546616 3
13555589152 3
13704542723 3
13846133576 3
18745491571 3
13904549096 3
13512668130 3
15246461236 3
13945459985 3
13504544760 3
15904543115 3
13945459935 3
15245457996 3
13555593681 3
18745487542 3
13845415289 3
15204548939 3
13846169759 3
18249828977 3
15946568815 3
18745478768 3
18249235609 3
15046462341 3
18304546040 3
13555592530 3
13684549341 3
15845453708 3
15946565098 3
15245453558 3
18745498126 3
18249235352 3
13512647540 3
13845453655 3
15145499612 3
13836665749 3
18714545649 3
18249269889 3
18724216680 3
18324540208 3
18245485181 3
13512640875 3
15245451995 3
13604540575 3
18845424238 3
18724212520 3
13604540585 3
18245465515 3
13846157771 3
15845409302 3
15045413804 3
18745483818 3
18845486599 3
13904546861 3
18724210833 3
13504548155 3
15164512959 3
15145450967 3
13836604637 3
15164518299 3
18745475906 3
13512649681 3
15214667475 3
13803657703 3
18724541715 3
15214666238 3
15046494833 3
13946405838 3
15845404850 3
15245488327 3
18249823851 3
13634542525 3
18745452655 3
15245485064 3
15946558729 3
18745455866 3
13945475497 3
15904544899 3
15245457250 3
15246468622 3
18745463878 3
18745455818 3
13846167419 3
18724217908 3
13704545611 3
13945460830 3
13846139706 3
13555599415 3
13684540838 3
13604866381 3
18745469591 3
18204548173 3
13946494747 3
18724212324 3
13903684178 3
15145498689 3
13512698873 3
13946403993 3
18745490096 3
18745482500 3
15246492403 3
18249828425 3
18724212310 3
15046495013 3
15846999445 3
15246487753 3
15246461630 3
15246461513 3
13846165489 3
13704540536 3
13945498334 3
13512675915 3
13604540486 3
15214669697 3
13734542838 3
18245466113 3
15246484883 3
13945486607 3
13644546171 3
15046497308 3
15245455641 3
13845471458 3
18724217619 3
13836645744 3
13836644457 3
13836662739 3
13946472152 3
15046498622 3
13945479296 3
13803660756 3
15214661955 3
13512663268 3
13512689858 3
13846133717 3
13846172411 3
13836601839 3
18245498811 3
13604864401 3
13945468709 3
15246462868 3
15164513003 3
13945499783 3
13945463803 3
18249259477 3
15046465454 3
18745466670 3
15145498439 3
15845401236 3
18724216585 3
18745457688 3
15046497642 3
13704866894 3
13704549434 3
18745464115 3
15904543629 3
18745454179 3
15845405141 3
18745482607 3
18724214325 3
13684547751 3
18745450856 3
13624545960 3
15045401088 3
13644541837 3
13845407959 3
18745451208 3
15204548207 3
18724217134 3
15204547192 3
18745464906 3
13644543170 3
15214667236 3
15246496070 3
18245457551 3
18804545448 3
15945886372 3
13634540241 3
13846161912 3
13904549836 3
15145453430 3
13846185116 3
13846149960 3
15845403022 3
15845458267 3
13803658453 3
15246477976 3
15046490704 3
18745454199 3
13946448520 3
18724219739 3
15045414093 3
13796357868 3
18745465185 3
18745457699 3
15845458509 3
15214666651 3
15145489454 3
13803657676 3
15845456510 3
13836665989 3
15945887102 3
13555594472 3
13803664348 3
18745460824 3
15845406358 3
15846990619 3
13836657847 3
13504542724 3
13555589092 3
18745477543 3
13946455813 3
18245488975 3
13704861796 3
13945484882 3
13845414317 3
13664541830 3
18245466078 3
15164510616 3
15046465811 3
18249261063 3
13845404035 3
18245482357 3
18724213210 3
13644541589 3
15046463746 3
13845479434 3
15045414581 3
18724214520 3
13634547861 3
13836647917 3
13704861638 3
13604545214 3
13846135638 3
13846134720 3
13846151241 3
18245455849 3
18249268378 3
18745464332 3
18245483986 3
13604863432 3
15145450159 3
13845479073 3
18745459945 3
18724229840 3
13846171992 3
13903683119 3
15145453873 3
15246469326 3
18249824918 3
18249248998 3
15246479196 3
13846168900 3
18249240296 3
18249824885 3
15046468673 3
15946566013 3
15946566025 3
13846134081 3
18245481295 3
13512678548 3
15145457317 3
18245484435 3
18245455743 3
18245476720 3
13946425522 3
13846133490 3
15946567990 3
15946550500 3
15904547892 3
18249237933 3
13555590474 3
18245454378 3
18745473133 3
18245492029 3
18249826767 3
15045403853 3
15046465464 3
13704868905 3
18245458223 3
18245478332 3
13634541943 3
18249269317 3
18249246885 3
13796356550 3
13846177994 3
13624542491 3
18845412775 3
18249827987 3
13603694437 3
15946564611 3
13555586915 3
13604864856 3
15946558897 3
18249825091 3
15946568691 3
15946568692 3
18249821033 3
13803665247 3
13614690495 3
15145488082 3
15904541580 3
13555596342 3
15246496979 3
13836656487 3
15245459486 3
13512666425 3
15946567317 3
13555591609 3
13836669297 3
15845403320 3
13604867470 3
13946457001 3
18745480503 3
18745480510 3
18745480520 3
15046460866 3
13604548854 3
13555592911 3
13836640113 3
13846180468 3
13846187362 3
13555593664 3
15046497547 3
18745459792 3
18204549776 3
13664548069 3
13614691377 3
15046466025 3
18745495797 3
13945451778 3
13504699272 3
15246467207 3
15145498299 3
15946553233 3
13945461632 3
13512669106 3
18249249690 3
18245496806 3
13704545826 3
18249827743 3
13512694411 3
18724216608 3
13846197720 3
15246467866 3
13604863686 3
15046499716 3
13903681670 3
18245498867 3
13512689232 3
15245459399 3
13845452642 3
13504542145 3
18249254030 3
13734543695 3
18745473307 3
13945470730 3
18249828126 3
13644543483 3
15145499506 3
13803653229 3
13845456881 3
15246460059 3
18249825578 3
18745492733 3
13796352919 3
15846990760 3
13512681140 3
15245456622 3
15245456633 3
13624549663 3
18249268909 3
15946561930 3
13846175437 3
13624549575 3
15845454192 3
13836659982 3
18745461558 3
13803663586 3
13946446340 3
13796356606 3
13945477599 3
15246466369 3
18745495364 3
15046497846 3
13836653809 3
13845475422 3
15245484240 3
13644549466 3
13946446944 3
18745460478 3
15164518814 3
15246493543 3
15246490198 3
13512670586 3
13504547735 3
18249827188 3
13512667525 3
18845494503 3
18249253654 3
18249250722 3
13603695101 3
13803661193 3
13504541202 3
13512671110 3
18845413060 3
15245487891 3
13512687688 3
15164514216 3
13512666879 3
15046460937 3
13704545893 3
13555594685 3
15246467421 3
15046490243 3
13836649944 3
13945479752 3
13946426545 3
18845408466 3
13664541106 3
15145458415 3
13945480792 3
15164519811 3
13945468431 3
15804545870 3
13796350370 3
18249825797 3
13644543822 3
18245464047 3
18745475233 3
15245456847 3
13836657803 3
18745470112 3
18249235940 3
13945481048 3
13945481712 3
18245499887 3
13946428596 3
15904547951 3
13845459907 3
15804547086 3
18845480275 3
15145498445 3
18245457611 3
13664547745 3
15045402269 3
13803656205 3
15046466119 3
15904544496 3
13846141868 3
15164517370 3
18245453625 3
18245453202 3
18245457316 3
18245457319 3
13604544973 3
13845418012 3
15945404799 3
13845400619 3
15246476265 3
15246482481 3
15945883843 3
18204548378 3
18204540360 3
15846992910 3
15945401566 3
15845458292 3
15046464963 3
13845410961 3
13946452247 3
13845406048 3
13946407046 3
15045403434 3
18745466876 3
18714541519 3
18745467500 3
13904545949 3
18245427888 3
13945482905 3
18204541314 3
18204548820 3
18245467299 3
13846176595 3
13664542203 3
15145457339 3
13946428055 3
18745455123 3
15246478456 3
13664544492 3
13604549358 3
18724221733 3
18724221700 3
13904545828 3
13836647486 3
13946447220 3
13512673932 3
18745465122 3
15164518696 3
18845424898 3
13845401126 3
18249265561 3
15204547531 3
13836659195 3
15845457608 3
13555587709 3
15045409263 3
15245486185 3
13512668107 3
13704541233 3
13555594880 3
15245486915 3
15245486064 3
13603697859 3
13512676785 3
13846130960 3
15245486130 3
15946560360 3
15845404871 3
15904541210 3
15245486715 3
15246473540 3
13734542195 3
13845450337 3
15804543794 3
15246473404 3
15245486279 3
15845454954 3
15246470789 3
15245486635 3
15145454670 3
15845458834 3
15045416200 3
13846140702 3
13846140720 3
15946560658 3
13946409981 3
13803662713 3
15245483937 3
15245486237 3
15245485170 3
15845455394 3
15045417008 3
15246474799 3
15904545664 3
15045417009 3
15845452692 3
13603693967 3
15245486385 3
15845450164 3
15245486602 3
15246475882 3
13846132084 3
15804543960 3
15246479795 3
15846992360 3
13634544272 3
15045413869 3
18245466765 3
15246490590 3
15246495579 3
13836669421 3
18245489090 3
18245469667 3
18245465796 3
13704861823 3
18245462697 3
18245453778 3
18245465838 3
15214667103 3
18245457889 3
15946558320 3
18724226853 3
15945886573 3
13504549013 3
18204542270 3
13836607662 3
18245459066 3
18245466726 3
15904540639 3
13803664703 3
13555584919 3
18245459097 3
15946553088 3
15246471855 3
18245459169 3
15045415366 3
15245453578 3
13846176458 3
13904547629 3
13614694119 3
13504698636 3
18245456187 3
13704540390 3
13946400013 3
18714542455 3
13846170584 3
15246495956 3
13846160486 3
15245489477 3
13946456448 3
18245451392 3
13845471886 3
13504699056 3
13836668938 3
18245455351 3
15845455812 3
13836607075 3
15164512323 3
15246493537 3
13845450057 3
18724545722 3
13555584809 3
13846162660 3
18245455780 3
13945456069 3
13614698260 3
18204541088 3
18245466596 3
18245457562 3
18204544382 3
15845401757 3
18245467796 3
18245466590 3
15046462365 3
13836663756 3
18245464989 3
13512662158 3
15846999721 3
13836662230 3
15945401939 3
13624543099 3
18245455764 3
18204542746 3
18745459318 3
18245465133 3
15246475269 3
13946423303 3
13946402492 3
18245469296 3
13836661006 3
18204541539 3
13614696751 3
15246491218 3
13946449949 3
18204541596 3
15246499325 3
13946451772 3
18245453356 3
15246481397 3
13946444977 3
13845459298 3
15046497182 3
13845455919 3
18245455633 3
13846130886 3
18324543782 3
13945456825 3
13945497383 3
13634546165 3
15214663542 3
13555586052 3
13684544429 3
13946407367 3
15045404137 3
15845452801 3
15204543958 3
13512672209 3
13734546986 3
13734547516 3
18724221755 3
13796354477 3
15204549830 3
13734546950 3
13734546459 3
15945880004 3
13846136911 3
18845421339 3
13846198675 3
13512684993 3
13796359129 3
15045408535 3
13846150216 3
13903682167 3
15804540602 3
13945459407 3
18745498442 3
13512673549 3
15245480389 3
15904542639 3
13734544653 3
18245455489 3
15204540719 3
13624547397 3
13504548875 3
13846197287 3
13845410548 3
13555597257 3
18745468648 3
13946454562 3
13704861765 3
18245468180 3
15145451587 3
13836604664 3
15945883989 3
13603695051 3
13846178038 3
13624540602 3
13836640219 3
13836640159 3
15804544124 3
13704549986 3
15804548898 3
15904540217 3
15945884703 3
13624540670 3
13946403783 3
18724225476 3
13904548752 3
13904548613 3
13904548447 3
15845452571 3
13846143190 3
13846133660 3
13836649510 3
13836648912 3
13846153155 3
13836606952 3
13836648276 3
15845408858 3
15046462120 3
15245484569 3
18745488697 3
13836650397 3
13846186553 3
13846197550 3
13945465211 3
15204548958 3
15846995738 3
13846182310 3
13846153312 3
13946403128 3
15204549967 3
13945458410 3
13946426877 3
13803666680 3
15145487224 3
15045412797 3
18724226587 3
18714549987 3
13904546541 3
18724545199 3
13846169498 3
15804546220 3
18745466559 3
18745466558 3
13555583948 3
18714547373 3
13796353761 3
18745486773 3
15904549609 3
15046463871 3
15046495305 3
18724220755 3
13634540335 3
15145455315 3
18724226527 3
13846191250 3
18804542818 3
15245480359 3
13945482983 3
15164513474 3
13704543889 3
18745498231 3
15245480183 3
13634546644 3
15245480297 3
15245482359 3
15904541420 3
13945467907 3
13845408321 3
15045404835 3
13846130551 3
13604867416 3
15246471197 3
18845405547 3
13903686051 3
13624544660 3
13512671801 3
18724228689 3
13946484748 3
13836608469 3
18324547505 3
15946550706 3
15845408593 3
13845453269 3
15245485756 3
15045404886 3
15045404998 3
18724226995 3
13704543698 3
15046490991 3
18724215455 3
13555590132 3
15845457695 3
13604867211 3
13512641909 3
13946400839 3
13644545466 3
13604549880 3
13704547224 3
15946564890 3
15245454687 3
13704867674 3
15245458176 3
13604542259 3
13504549151 3
13946427787 3
13846147398 3
13945469715 3
15046460967 3
13845479223 3
15045417556 3
18745477844 3
13946450051 3
13836667637 3
15245450008 3
18245473575 3
13845452770 3
13845453935 3
13846179327 3
13846157253 3
18724548862 3
15946560508 3
13555588421 3
15845453915 3
18745469748 3
13555587361 3
13846171859 3
15846996848 3
15246465687 3
15846991263 3
15204543989 3
13603691586 3
18724545699 3
18745466676 3
15246497731 3
13555585897 3
15245451229 3
13845403532 3
13512643197 3
18745466838 3
18745466857 3
18745466885 3
18745466869 3
18745466863 3
13903686718 3
15204547389 3
18714549880 3
15204549831 3
15204549803 3
15245459529 3
15846991773 3
15846991873 3
15145488597 3
18714544416 3
15846996046 3
13555587616 3
13845403347 3
13846146686 3
15245459012 3
18724545866 3
13945498905 3
18745467891 3
13504543793 3
13803661824 3
15246474349 3
18724213799 3
13674549649 3
18724545788 3
13604541798 3
18714541977 3
13845453866 3
15246476817 3
15204544271 3
13836641051 3
13644546585 3
13946473241 3
13644543686 3
13846172338 3
15204548892 3
15204541740 3
13644546343 3
15204543695 3
13512672149 3
13846133209 3
13846144169 3
13846144263 3
13945453255 3
15845404047 3
15245413888 3
15946569150 3
13624541867 3
13604863607 3
18745494605 3
15846995306 3
13845474174 3
15145487785 3
15204540010 3
13704541337 3
13634541498 3
13945484106 3
13664541921 3
13945498348 3
15845453679 3
13836600427 3
13903682086 3
15845409845 3
15145454866 3
15045412006 3
13664541965 3
13946455565 3
13845457697 3
13946455210 3
13684544468 3
13704543635 3
15845455596 3
15946566339 3
15846996318 3
13946450431 3
13504549107 3
15046464966 3
13704549508 3
13946445023 3
15045414677 3
13946443821 3
13946443683 3
15046495811 3
15845405135 3
13846189892 3
15845408721 3
13945499469 3
18724546576 3
13734547068 3
18724219959 3
13803656922 3
13512644855 3
15046463806 3
15145451496 3
18724544278 3
18745499787 3
13664543225 3
18724544296 3
13704861376 3
13946474410 3
15245458053 3
13803663757 3
13945457033 3
15045413855 3
13555596843 3
18724544273 3
13624549037 3
13846160543 3
13946421490 3
13946421592 3
13946422401 3
13946422645 3
13845479552 3
13836600043 3
13604542815 3
13846130472 3
15164519958 3
13603698990 3
13845459262 3
15246464766 3
13945468363 3
13946445762 3
15046465295 3
18724217797 3
18745473326 3
13946446602 3
15845407455 3
15246466028 3
13846146282 3
13704543498 3
15846993077 3
15946562911 3
13846173851 3
13512684155 3
13846189783 3
15845457747 3
18724219327 3
13836615495 3
15946552058 3
15246469690 3
13836655287 3
13555590593 3
13512645007 3
15245486632 3
15045410190 3
13634542876 3
15845400598 3
15845451819 3
15145490090 3
15145498929 3
13555598483 3
13836668653 3
13904545124 3
15246499966 3
15046467705 3
15245481123 3
18745455890 3
18714549917 3
13846146681 3
13512668613 3
18745480940 3
13945450662 3
15204549863 3
15945881289 3
18724226708 3
13614699661 3
18724225069 3
13945489121 3
18745478003 3
18724544366 3
13836609453 3
15164514599 3
18745455012 3
15046498243 3
15804541058 3
13512649625 3
15045403363 3
15204547131 3
13846139137 3
13846138936 3
13846139125 3
13734543325 3
18724543492 3
18724218599 3
13734546705 3
15845459153 3
15046460403 3
13836604595 3
13945477981 3
13704542367 3
13704542251 3
13945487764 3
15804540763 3
15246465480 3
13504540371 3
13604545466 3
15145495123 3
13803667579 3
14794546708 3
13634544557 3
18745468341 3
13945481674 3
13846131967 3
13684548586 3
18745486771 3
18745466643 3
13555586460 3
13704546346 3
15945883153 3
18745466800 3
18745466811 3
18745466886 3
18745466889 3
15946557151 3
18714541899 3
13846131370 3
18745478805 3
18714541756 3
18714541760 3
15246496887 3
18724229333 3
15145453380 3
18745466648 3
13845400693 3
13946442428 3
13846176339 3
18724546998 3
15946553690 3
18724228614 3
13836607944 3
18745496929 3
13946406126 3
15046491087 3
18745472662 3
13836665417 3
13845415411 3
15845451709 3
13946420786 3
15845450723 3
15204549449 3
13603697946 3
15246461211 3
13555591865 3
15245457499 3
13846132626 3
15246463648 3
13604868091 3
15845450605 3
13512682128 3
14794546475 3
15945885443 3
13664543612 3
13664543692 3
15904549298 3
13836608522 3
15245451715 3
13604548396 3
15245459491 3
13945498353 3
15246483848 3
13803660040 3
15245450135 3
13846190805 3
15214666443 3
15904547475 3
15246495776 3
13604544905 3
15845409681 3
13945497275 3
13845417732 3
13664548626 3
13846176626 3
13504542862 3
15845459127 3
13614696252 3
15204549821 3
13846175845 3
13945453278 3
13846185161 3
13846171289 3
13604543132 3
13504543689 3
13846176990 3
13512667846 3
18724545088 3
13634543302 3
18745466617 3
13512664381 3
13836668572 3
13845476115 3
13845455419 3
13903686821 3
13604545300 3
18724229181 3
13555581785 3
13555596232 3
13796351589 3
15845452620 3
14794546603 3
13734540682 3
15246495598 3
15246471668 3
13845451759 3
15946554796 3
13846139202 3
18745466640 3
13512640590 3
18745480071 3
13512680697 3
13945477202 3
13846154177 3
15946563448 3
13634544844 3
13945487368 3
13664543459 3
13836656453 3
15946554693 3
13846168862 3
13796359491 3
15145458575 3
15846993631 3
13903688702 3
13845451603 3
18745486079 3
18714549860 3
15046494048 3
13684540129 3
13624542373 3
18724545298 3
15845458445 3
18724545858 3
13836664344 3
13836615799 3
15204543890 3
13836645515 3
13945467548 3
15904549685 3
13555590941 3
13704544970 3
18714541468 3
18724543287 3
18745469303 3
13624541209 3
15045405369 3
15214662040 3
13845418172 3
13624542821 3
13836662083 3
13664543324 3
18724545998 3
13846136736 3
13644684172 3
15845458260 3
15246496000 3
15246496460 3
18204542836 3
13504541246 3
13512694160 3
13845476622 3
13796352866 3
13836651429 3
13846164667 3
15245482352 3
13704868728 3
13846155488 3
18745493298 3
18724543818 3
15245452551 3
15214665825 3
15804541423 3
13836650042 3
13846193237 3
18745482191 3
15845404114 3
15946560646 3
13555597707 3
13945453013 3
18724212113 3
18714549956 3
13946472162 3
13846193869 3
15045409560 3
14794546817 3
13704541344 3
13684541927 3
15045417622 3
18724545885 3
15245482938 3
13945463015 3
15246487710 3
15946559159 3
15246474667 3
18724213189 3
18714545530 3
18745466816 3
13604549726 3
13846187229 3
13664547114 3
13604542740 3
13845478180 3
13603697653 3
15164514344 3
13604546293 3
13614544638 3
13836658495 3
15204543385 3
13512667358 3
13836644358 3
13836658393 3
18745488703 3
13664548127 3
13945471598 3
15904542071 3
13836644733 3
13704541774 3
15145488866 3
18714546747 3
13604542643 3
18204548033 3
18745489591 3
13903689506 3
14794547023 3
15945884163 3
13946455587 3
13946471810 3
18724210056 3
13704869976 3
13946408079 3
13945479645 3
13836656637 3
15045414968 3
13604542372 3
15045411525 3
18745476642 3
15246467568 3
18204548060 3
15246467573 3
13846195347 3
13624545339 3
13512684384 3
18245462114 3
13946441292 3
15945404151 3
18245453334 3
18204548288 3
13644541532 3
15845408012 3
13836661984 3
13946425012 3
15245454760 3
13504696376 3
13845450571 3
13845456819 3
18724545911 3
13803656884 3
13803664221 3
13803662057 3
18204541869 3
18245451261 3
18245465576 3
18245452177 3
15145487609 3
18245452553 3
18245452321 3
18245452155 3
13555592901 3
18245452388 3
18204541995 3
18724225463 3
13945461061 3
13846134226 3
13504547238 3
13946448961 3
13704862062 3
15145498436 3
15945401933 3
18245455554 3
18204544441 3
18204544446 3
18204544466 3
18204544499 3
13836646020 3
13704544260 3
18204546060 3
13704549902 3
13946449587 3
15145487989 3
13704542522 3
18245454321 3
18245465432 3
18724211487 3
18245451717 3
18745464273 3
15245484040 3
18204541987 3
18745464813 3
18204542454 3
18204548005 3
18204546987 3
18745464821 3
13614692236 3
18204548987 3
18204548087 3
15946559733 3
13946442697 3
18204546006 3
13845401293 3
13846147551 3
18245451588 3
18245452800 3
18245452677 3
18204541456 3
18245465118 3
13946409122 3
18245456515 3
13846160905 3
18245457878 3
13945457638 3
15904542897 3
18724226782 3
15946560625 3
13846181638 3
15145497221 3
18245452122 3
18245451986 3
15046493922 3
15145457866 3
15804546916 3
13846172332 3
13836665928 3
15846995622 3
13604542191 3
13845479380 3
18245451668 3
18204542955 3
18204541868 3
15045406479 3
18245454561 3
18204544397 3
18204544816 3
18204542660 3
18245454540 3
18245454565 3
18245454516 3
18245464096 3
13946456812 3
13945458308 3
18245464453 3
18724546688 3
13512688086 3
18724222232 3
18245464246 3
18245462179 3
18745472927 3
18245460999 3
18204549456 3
18724227678 3
13836644613 3
15046464549 3
13946409035 3
13945487143 3
13836657249 3
15845451103 3
18745474527 3
18745484327 3
13512675795 3
13945473485 3
15246490617 3
15245452658 3
15145492219 3
15204546689 3
13614690740 3
13846177367 3
13846177356 3
18245463115 3
18245456505 3
13504540610 3
18245456833 3
18745464789 3
13836604061 3
18245456477 3
15214666476 3
15145456515 3
13836660086 3
13504543052 3
15245483175 3
13555582171 3
15204547482 3
13946409891 3
15204543900 3
13846181511 3
15946559699 3
15245482326 3
15904542428 3
13512680617 3
13803655184 3
15245455218 3
13603695752 3
18245464718 3
15946554092 3
18204541510 3
18745493248 3
15845450696 3
13614693933 3
13846185697 3
13846168125 3
18745460935 3
13604544970 3
18245464668 3
15904543692 3
18204544098 3
18245469468 3
18245469432 3
18745494652 3
13634544278 3
18245452617 3
15145457243 3
18245451737 3
13704865075 3
18724226992 3
18724226993 3
18245452611 3
13945453092 3
18245452669 3
18204548277 3
13664548922 3
13603693148 3
18724213928 3
18204542920 3
13846142251 3
18245465215 3
13555594424 3
13946401800 3
13634546642 3
18204544711 3
18245455055 3
13845476570 3
18245463551 3
18724226484 3
18745496685 3
13904546505 3
13904549615 3
18245468088 3
18204545858 3
13704549463 3
13904545006 3
13512694998 3
15214666470 3
13836607300 3
18245461888 3
13836606922 3
13846155099 3
18245456466 3
18714541507 3
15204540823 3
18745481118 3
13604866392 3
18724222100 3
13796353029 3
18724222219 3
18724222231 3
15204540391 3
18724222586 3
18724222559 3
18745475019 3
18745478413 3
13845471032 3
18724545420 3
13845456304 3
13846149821 3
18245462733 3
18724222764 3
18204545936 3
18245462546 3
13704549581 3
15946563475 3
13644540532 3
13684542479 3
18204543380 3
13945480212 3
13512694979 3
15845450632 3
18245463719 3
18245452007 3
18245451235 3
13512673986 3
15045410458 3
13946448350 3
13504545249 3
15045411552 3
15045403667 3
18745478473 3
18745491569 3
15045405327 3
13946400263 3
15046494702 3
18204546533 3
13846171273 3
13555596031 3
13624545291 3
15946551197 3
15845409935 3
13644684915 3
13945455547 3
13945459343 3
15246477987 3
13504544621 3
13803657712 3
15246487823 3
13845407137 3
18714546650 3
18745487325 3
13704864187 3
15245451200 3
13604547824 3
15245451135 3
15245451179 3
15245451103 3
15245451167 3
13846140446 3
13803666700 3
15245487084 3
15904544356 3
13945469488 3
13845401664 3
13845453631 3
15904541785 3
13946420034 3
13684541194 3
18204547789 3
18245400666 3
13614693171 3
13704868827 3
18204548318 3
13846130312 3
13836606543 3
13704867331 3
13846143770 3
13945499802 3
13946402130 3
13846161432 3
15145490971 3
13945456781 3
13704860183 3
18745450544 3
18245467898 3
18724545468 3
13684549265 3
18745466851 3
18724545798 3
18724545822 3
18724545708 3
18245466001 3
18745480008 3
18245464480 3
13946473670 3
18204545765 3
18745466872 3
13704543120 3
18745466846 3
18745466891 3
13946427620 3
13945487414 3
13734547156 3
13624540053 3
18724545636 3
18724545635 3
18245451240 3
18245451077 3
13644549563 3
18245455266 3
18245453390 3
18245453776 3
18245465427 3
15145491801 3
18245457374 3
13555596163 3
15945403782 3
15046496040 3
13836646966 3
13845416166 3
13555597556 3
18724546748 3
15045419588 3
13846176657 3
15846997571 3
18745491097 3
18245463432 3
13512694667 3
18245453768 3
13644549503 3
13704544097 3
13512644979 3
13904546585 3
13704547913 3
13845471228 3
13945464965 3
13803657106 3
18245465052 3
18245467973 3
18745476189 3
15946556194 3
15904543691 3
15904547702 3
13604549959 3
13846165640 3
13664546898 3
15245456969 3
13614692517 3
13684548337 3
13684547008 3
13512686550 3
13846153513 3
18204548238 3
13845400660 3
13836604078 3
15804546005 3
13604866979 3
18245456836 3
18245457266 3
13664548815 3
13845417396 3
13704543009 3
15145454378 3
13846196685 3
18245467975 3
13846187890 3
18204542121 3
13946441655 3
15945400258 3
13603693018 3
13836669402 3
15245455455 3
18245462520 3
15245459353 3
15846992628 3
18204540808 3
15845459198 3
15246462224 3
13604543010 3
18245454400 3
13734543219 3
13512686624 3
15045401611 3
15246488679 3
18745457637 3
13604544039 3
13512640186 3
15045413676 3
15945881231 3
13604865054 3
13945466874 3
18204548080 3
18245465618 3
15214663487 3
13836666220 3
18204544913 3
18245452768 3
18204548438 3
18245460777 3
13845401411 3
13904549917 3
15145454081 3
13946459249 3
13846179433 3
18245456150 3
15204541928 3
13512672652 3
13512694568 3
13674544887 3
13946421256 3
13512665216 3
18204548584 3
18204545658 3
18724222254 3
15246463448 3
18204546180 3
13512694010 3
15946551256 3
15945885058 3
15145455433 3
18724545895 3
13664540926 3
15246486558 3
13846171910 3
18845406950 3
13803661884 3
13836608523 3
15246483648 3
15245488319 3
15046469285 3
13504548415 3
15245488829 3
13796351477 3
13946450104 3
15845455864 3
13504542215 3
15045417306 3
13644542177 3
13945464833 3
13504542113 3
13504546839 3
15904542913 3
15245454000 3
13555590549 3
13704546164 3
15246493380 3
13555592430 3
18245465700 3
13644544422 3
13945469768 3
15245451313 3
15245481588 3
18245462611 3
15164513968 3
13644545840 3
18245488887 3
18245456373 3
15145451129 3
18745462090 3
13945470838 3
18204541396 3
13845479680 3
13945498510 3
13945457930 3
18724224199 3
13604541356 3
13664540855 3
13946459691 3
15046499221 3
13945466952 3
13704863218 3
13803660783 3
13836647690 3
15245451603 3
13504548929 3
18204549889 3
13555595969 3
13734543358 3
18724545979 3
15246474405 3
13803661992 3
18204540579 3
18204540575 3
18204540573 3
13604543757 3
13946445916 3
18204540561 3
18204540559 3
18204540558 3
18204540557 3
18204540554 3
18745479088 3
13903686541 3
18204540538 3
18204540535 3
18204540672 3
18204540671 3
18724223397 3
18245457171 3
18724545857 3
15145454342 3
13704867011 3
13614698897 3
18204540696 3
18204540695 3
18245462438 3
18204540692 3
18204540689 3
18245452352 3
18204540683 3
18204540682 3
18204540679 3
18204540676 3
15214668441 3
18204540637 3
18745467669 3
18204540626 3
18245459711 3
13946445838 3
13836600183 3
18204540600 3
18204540533 3
18204540622 3
18204540588 3
18204540790 3
18204540760 3
18204540775 3
18745499055 3
18204540778 3
18204540680 3
18204540771 3
18204540773 3
18204540608 3
18204540605 3
18245462772 3
15846999586 3
13846190150 3
18204540603 3
18204540601 3
18204540598 3
13846191658 3
18204540595 3
18204540593 3
18204540662 3
18204540661 3
13903683909 3
18204540650 3
18204540640 3
18204540776 3
18204540543 3
18745466865 3
18724545685 3
13846159628 3
18204542468 3
13634544876 3
13845474876 3
15246480654 3
15945883654 3
13846153252 3
13512698363 3
15145451170 3
13836665868 3
13512665941 3
13634545946 3
18714541922 3
13704548117 3
13644545353 3
13945463893 3
15245459880 3
13704869239 3
15164512600 3
13836653621 3
18245457210 3
13555585438 3
13796353007 3
13846138920 3
13846162307 3
15846994370 3
13903688578 3
18245466771 3
13603695297 3
13504540752 3
13836656959 3
13845411287 3
15845459971 3
13946459706 3
13845403727 3
15145495300 3
13704548185 3
18745484923 3
13504548983 3
13704545327 3
18745466663 3
13704545046 3
15845459244 3
15804544402 3
15945400686 3
13634546974 3
18204545952 3
13796355692 3
13836645711 3
18245456099 3
13796353859 3
13836644814 3
18724545663 3
13644549859 3
13945465665 3
18724545626 3
13512683227 3
18745486775 3
18245452272 3
18724226683 3
15164513138 3
13684540709 3
18245460664 3
13904547795 3
18204542850 3
13846151722 3
13504544237 3
13555583814 3
18204546684 3
13845479651 3
18245463662 3
13836648359 3
13846187154 3
13836665694 3
18245467260 3
13946450147 3
15214660877 3
13512661230 3
13846192950 3
15845401039 3
13634540778 3
13664542778 3
13704549585 3
13664541876 3
13664541278 3
13664541208 3
15946559466 3
15045411344 3
18204548092 3
13836667790 3
13946429034 3
15145450889 3
13845476146 3
13845403044 3
18745462185 3
13946403930 3
15846994599 3
13845472312 3
18745497761 3
18245461378 3
13512682820 3
15164511288 3
15046493816 3
15245458114 3
13803655851 3
13845408159 3
13945456151 3
15245453560 3
13945479701 3
13946459591 3
15046499327 3
15246458999 3
13674549934 3
15245452116 3
15145454294 3
13604541762 3
15164519789 3
13946408996 3
15245451375 3
15904540025 3
15046461374 3
15246477392 3
15246477295 3
13945456654 3
13684549026 3
15246477003 3
15245487236 3
15164517652 3
13803661623 3
13846190664 3
13836662878 3
13846139334 3
13634541880 3
13836660701 3
13836663990 3
13945461559 3
15046491779 3
15145459314 3
15164515669 3
13945484874 3
13512664944 3
13946448254 3
13836640263 3
13512643552 3
15245482987 3
15845459012 3
13704861991 3
13946423084 3
13846187490 3
18724545875 3
15945400051 3
18724226688 3
13846195715 3
13704868813 3
18745464188 3
13796356383 3
13846190957 3
13734547934 3
13504542586 3
13946456103 3
18204545867 3
13504541862 3
18724222269 3
18204546864 3
18245454244 3
18245450355 3
13836657843 3
18245453559 3
13555589806 3
13803665712 3
15246491639 3
15246468702 3
15846990804 3
18724222824 3
13504699136 3
15904544764 3
13836648792 3
13945464637 3
13836602661 3
13624549894 3
13704541160 3
18204548071 3
18204548072 3
13946428017 3
13945470012 3
13945460859 3
13734546099 3
18204548923 3
18245467167 3
13846143299 3
15845408942 3
13846174126 3
18724545916 3
18724545926 3
18245452164 3
15045402011 3
13512660617 3
18745462369 3
15164514403 3
13504542793 3
13836615478 3
13704548332 3
13734540695 3
13946471387 3
13512684561 3
18204545850 3
13504543412 3
18245465990 3
13504699894 3
13555591260 3
15145456396 3
13845415226 3
15845403117 3
13945450364 3
13836601994 3
15045413814 3
15214665277 3
13555591465 3
18245464122 3
18745458038 3
15804548568 3
18745483045 3
13512683514 3
18745482976 3
13904545604 3
13904545154 3
13603698284 3
13904544824 3
13946451976 3
13946425711 3
13946451945 3
13704544584 3
13836648156 3
13846148093 3
13846182715 3
18724213458 3
13836645884 3
13845452446 3
18245468169 3
15245480163 3
13604543419 3
13504549979 3
13803664562 3
13845451194 3
18724228103 3
18245455894 3
13845454003 3
18745474574 3
15164518988 3
18245455336 3
13846163908 3
13836662439 3
13845479765 3
18745496068 3
15046494461 3
15904541012 3
15845407891 3
15945881776 3
13946472992 3
18245466610 3
18204541287 3
15145488493 3
13836605403 3
13684545110 3
13946443246 3
13945458695 3
18245464115 3
15145457268 3
13604865118 3
18245463630 3
13846190689 3
13846197818 3
18724545826 3
13846192665 3
18745466710 3
18745466706 3
18245477701 3
13846192224 3
18245477727 3
13512683346 3
18204542342 3
15145499795 3
13704549211 3
15945402821 3
15845451865 3
15246487676 3
15246488796 3
15145457965 3
15246470909 3
13684547716 3
15246486993 3
13846135886 3
13946459759 3
13704868064 3
15245480688 3
15246488990 3
15246483188 3
13664549364 3
13846149791 3
15246472893 3
13512642772 3
15246486445 3
13846172791 3
15204548034 3
15246489634 3
13846139941 3
15845456459 3
15145491058 3
15246490736 3
15145491083 3
13803660042 3
13684549652 3
13836641954 3
15804543109 3
18245457247 3
15046491578 3
15145497377 3
13603698229 3
13846154722 3
15046469283 3
15045409362 3
15246477911 3
13845477056 3
15204541012 3
13512660372 3
13946402074 3
13614693606 3
13512640074 3
18245461629 3
18245457209 3
18245458373 3
13946458236 3
13504699472 3
18245458091 3
13504545074 3
13836657138 3
18245459488 3
13803665061 3
13512649205 3
15245487146 3
15204545024 3
18245460674 3
18245460684 3
18724224084 3
15246487299 3
15204545014 3
13846176254 3
15145459324 3
15145451183 3
18714548024 3
15904548394 3
13634547617 3
15804548940 3
13684546144 3
13836654604 3
15245480588 3
15164511334 3
18724545907 3
18724545905 3
13512678062 3
15046469722 3
13512678036 3
18245458085 3
15145491719 3
13555590383 3
13836669050 3
13836669059 3
15046495377 3
13555590070 3
13903683722 3
13846145658 3
13846132868 3
13555580206 3
13836662132 3
18204541298 3
13512675626 3
18204543877 3
18724212533 3
13803663484 3
18245456423 3
18724545786 3
13803662956 3
13846148292 3
15245458506 3
18745491012 3
18714543012 3
13512668569 3
13946452638 3
13512679944 3
13846141930 3
15246490020 3
18204540833 3
15245458718 3
13836652154 3
15245459905 3
18745459554 3
15145488114 3
18204549936 3
18204549926 3
18204549921 3
13846172316 3
18745495801 3
13614543825 3
15845453779 3
15245480471 3
15845453737 3
13504545367 3
13846174151 3
13945486434 3
13836644761 3
13846144538 3
13704547748 3
13946450483 3
13684540418 3
18724545795 3
13512644593 3
13945454130 3
13845458138 3
15145498826 3
13512677798 3
13604866654 3
13512676996 3
18745476174 3
13624544778 3
13614696508 3
13624544500 3
13614696886 3
13704548019 3
13734547007 3
13904547828 3
15846995651 3
15245483898 3
18724545883 3
15846991052 3
13903684302 3
15946555620 3
15246463949 3
18204541810 3
15246474987 3
18204548936 3
15204540042 3
18204549964 3
15246472360 3
13845407324 3
18724545717 3
18745451190 3
18724220111 3
13624549904 3
18745464627 3
18249823970 3
13945454899 3
18204540987 3
15246472310 3
18245452100 3
18245463123 3
18204546211 3
13803668780 3
13945455607 3
13945455864 3
13946458476 3
15045414380 3
13945474174 3
15845403248 3
13845478963 3
15046495359 3
13504544898 3
15214666427 3
13836668164 3
13846196703 3
15046464662 3
15246461970 3
15145497896 3
15145487945 3
15246483833 3
13603699164 3
18745466829 3
13624545324 3
13846163325 3
13803666810 3
13836644117 3
13946443724 3
18724545937 3
13796350656 3
13803668082 3
13624547260 3
13614690252 3
13704543019 3
13946424312 3
13846131354 3
13664546448 3
13664546472 3
18245459433 3
15245482418 3
13504549672 3
18245461765 3
13945454154 3
15046492327 3
13644548572 3
13604541393 3
13604541593 3
13803662354 3
13512672150 3
13734545286 3
13603697750 3
13846160301 3
13644547320 3
13644547612 3
13945461750 3
13555596202 3
13945472537 3
18714546134 3
13904549304 3
18245450378 3
13945450116 3
15846991627 3
15245485907 3
13512698310 3
13512660584 3
15045406528 3
15045406826 3
15045406905 3
13624544274 3
15945401544 3
15946564659 3
13904544757 3
13846195374 3
15145452599 3
13684542830 3
13845405505 3
15246496400 3
15946554054 3
13604865340 3
13945450217 3
13946473513 3
15245487297 3
15946560962 3
15246474934 3
15945881123 3
15246496579 3
13664542422 3
15045414474 3
15245456699 3
13704547534 3
18204548359 3
13604542503 3
15145453397 3
13644544181 3
15246473085 3
15045411556 3
18245452057 3
13945483510 3
18724210577 3
15145457570 3
13845475417 3
13903681558 3
15804548894 3
15145488268 3
13734545140 3
15214666064 3
13512646934 3
13634546869 3
18204540828 3
13846186614 3
13704546614 3
13704546804 3
13845400491 3
13946452797 3
13945455919 3
15946565963 3
13846155970 3
13512649942 3
13836606897 3
15846993560 3
15046469422 3
13846190233 3
13512671812 3
18204540806 3
13846170233 3
18245457455 3
15204543629 3
15845408663 3
18245460448 3
15164519917 3
13845418717 3
15946564344 3
13846185009 3
15204546626 3
18745485518 3
15246489005 3
18245461990 3
15945889587 3
18745468896 3
15245454775 3
15245455970 3
13734547238 3
13845457529 3
13846147609 3
15945887697 3
13734546709 3
18245453545 3
18745483862 3
13846136076 3
18245453774 3
13644546495 3
18245453314 3
15946564412 3
18204545860 3
13704867424 3
15904548664 3
13555588409 3
15145487514 3
13945478519 3
15204545047 3
15246494811 3
13555594020 3
18745464834 3
13603696983 3
18245453576 3
18245453316 3
18245453329 3
13614544604 3
13946407657 3
13846131477 3
13836658831 3
13945451105 3
18745483281 3
18204549912 3
18204549913 3
18204549915 3
18745476608 3
18204549916 3
15045414717 3
15845457589 3
15945887478 3
15845407389 3
15214664242 3
13512680619 3
15145458050 3
15245453891 3
15245458461 3
15904542603 3
15846990761 3
15845408038 3
15246479789 3
15214662668 3
18204546887 3
15046492500 3
18245462498 3
18245456441 3
18245456474 3
15904548969 3
15214666885 3
15164513710 3
13614697288 3
18249264646 3
18745451043 3
15846995524 3
13614694218 3
13946472900 3
13644546288 3
13664547565 3
13555587645 3
13945462713 3
13664544429 3
18204542885 3
13684547756 3
13603697568 3
13836662190 3
13624547918 3
13836663238 3
13803653325 3
15946569009 3
13614544568 3
15214666006 3
15904545995 3
18724222289 3
13704544225 3
18745461758 3
18245453882 3
18245467816 3
13512643408 3
15946551855 3
13614544419 3
13634544468 3
15245457962 3
13604867218 3
18245466093 3
18204546907 3
18204546908 3
18204546716 3
13644540238 3
18204546931 3
18245454369 3
15845451676 3
18245462201 3
18245462960 3
13704869416 3
13945498649 3
18245467110 3
18245467112 3
18204544260 3
18245463770 3
13512649632 3
15246491158 3
13796357384 3
13634543794 3
15245485852 3
15045415407 3
13945471974 3
15046498079 3
15945402854 3
13614544350 3
13945464183 3
15246476822 3
13846191934 3
13845403367 3
13846158457 3
15246476819 3
13634545529 3
13846187450 3
13512643163 3
13684541259 3
13945477626 3
15845458767 3
13946447545 3
18245467066 3
13845400892 3
18724545775 3
13836654630 3
18245442222 3
18204546966 3
18204546077 3
18204546177 3
18204546166 3
13512662813 3
13846130110 3
13512671497 3
13624548722 3
18245463553 3
13555599641 3
18204546198 3
18245467818 3
18245430000 3
18204548172 3
18245480000 3
18724217057 3
13704549436 3
13803650733 3
13734549409 3
18245456321 3
18245462827 3
15164517923 3
18204540940 3
18245429888 3
18724222248 3
18714541736 3
18245467763 3
18245455505 3
13903684715 3
18204548125 3
15046492152 3
13836662176 3
18204546464 3
13624548331 3
18245466002 3
18245454527 3
15804540361 3
15245488613 3
18245455582 3
18245452024 3
18745454157 3
18245466625 3
18745465570 3
18245466029 3
13512687065 3
18245452027 3
18245460669 3
18245454590 3
18245456599 3
18245464218 3
18245464362 3
15145456286 3
15214666472 3
13504548699 3
13604547161 3
18745463625 3
18245464817 3
13512698541 3
13846147153 3
13734544961 3
15246476065 3
15045417331 3
15246478667 3
13845455182 3
13604863510 3
18245454647 3
15145491165 3
13604544388 3
18714546388 3
13512673446 3
18204546683 3
13624544639 3
13624544635 3
13836669944 3
13836647159 3
13846165004 3
13504548844 3
13945474443 3
15945889994 3
13946427112 3
13603699363 3
15046495863 3
18204546137 3
18204546138 3
18204541878 3
18245453059 3
13555596546 3
13836602760 3
14794547996 3
18245453868 3
18245467268 3
18204541821 3
15245450105 3
15046462781 3
13504545835 3
18204545996 3
18204545566 3
15145452477 3
18745498596 3
15045400552 3
13945481902 3
13945481022 3
13946447910 3
13846138553 3
18204545535 3
15804542064 3
18245455453 3
13604866584 3
13945462533 3
13803665332 3
15246487797 3
15214666321 3
13604545103 3
15204545199 3
13845471744 3
13803668394 3
13946451996 3
13846158509 3
13803651507 3
15145454553 3
15845459396 3
15145488153 3
18245454186 3
13555594331 3
18724214158 3
15246461916 3
18245457468 3
13903683281 3
15945887911 3
13903684528 3
13836661040 3
18245454554 3
18714541392 3
13504548083 3
18204545920 3
15845455632 3
18245468638 3
13946456056 3
13603694232 3
13604545409 3
13846188001 3
13846145603 3
15246465998 3
18245456911 3
18724545675 3
13846170278 3
13796356356 3
13945465809 3
18724545568 3
13512648683 3
18745484492 3
13555591773 3
13845415919 3
15846996754 3
15245469666 3
13945453404 3
13836667814 3
13846130034 3
13945481633 3
13846150195 3
13512641306 3
15245451536 3
13836651681 3
13664540601 3
13846152524 3
13946403296 3
13846130027 3
15845400330 3
13845404159 3
13803663167 3
13796353065 3
15845403681 3
13704547790 3
15245481836 3
13704547910 3
13704866562 3
15046463948 3
13603694603 3
15046495589 3
15845452559 3
18245467836 3
18745469901 3
13845405376 3
15145450318 3
13945462362 3
15845455158 3
18245467138 3
15246482711 3
15946569189 3
18724225155 3
18245469223 3
18204542768 3
13846180285 3
13846170355 3
13734540063 3
18245461201 3
15045403497 3
13903680411 3
15946561485 3
13903680929 3
13644546672 3
13846199752 3
15946554909 3
18245406789 3
18246371234 3
13946447174 3
18245464411 3
18245468232 3
15045418152 3
18245452570 3
13836640701 3
18745450748 3
13946474015 3
18745466578 3
18204545778 3
15045417947 3
18745473739 3
18204548581 3
15946562323 3
18745493728 3
13845476416 3
18245453406 3
18245451188 3
13504542787 3
13504543450 3
18724227852 3
13603698786 3
13734542992 3
13614699916 3
13604545403 3
13704547304 3
13644540998 3
13845401477 3
15045413755 3
18245466033 3
18724545628 3
15245483623 3
13803660906 3
18245463668 3
18204548809 3
13614691783 3
18204548807 3
18845406610 3
13946455699 3
13836600112 3
13836652918 3
18245457373 3
15214667248 3
18714542098 3
13836609988 3
18245469887 3
15145459064 3
13674549231 3
13512685258 3
15845405915 3
13946455331 3
18204540128 3
18714549879 3
18204540138 3
18204546889 3
13624540966 3
18245423777 3
18245428777 3
18245456646 3
13845474557 3
18245456685 3
18245456696 3
13704863172 3
18245456656 3
18245456648 3
18245456799 3
18245456623 3
13846155852 3
13845413359 3
18245457602 3
13704544231 3
15164515022 3
13845473468 3
15246478708 3
18249256955 3
13555598389 3
18204544337 3
18724223458 3
15246492959 3
13634547282 3
15246496449 3
13945456990 3
18745497735 3
13836660762 3
13846136834 3
18245464566 3
18245463943 3
13946406900 3
15246462746 3
13846173616 3
13846194294 3
15945400081 3
13704864315 3
13945451006 3
13555591475 3
15204542821 3
13803663769 3
18245463455 3
13945453475 3
18724210089 3
13704860362 3
18204548836 3
13704547520 3
18245453232 3
18724545808 3
18245460630 3
15045405365 3
13946446982 3
18745466673 3
18245456689 3
18845423396 3
13604545193 3
18204548383 3
15045405420 3
18245452747 3
15204546881 3
15804543180 3
15046497158 3
15846995119 3
15246499771 3
13846167813 3
13836647179 3
13836615680 3
13512698179 3
13604544269 3
18245454800 3
18245466004 3
15164514213 3
18245456993 3
13504549269 3
13836606737 3
13945497727 3
13555594115 3
18245456997 3
18245455833 3
18245463613 3
13512676500 3
13512666422 3
13512687019 3
18714541818 3
13603699321 3
13946473089 3
13945476487 3
13555584189 3
13644541466 3
13946450867 3
13845413638 3
18724212067 3
13836640943 3
18245461315 3
18245461316 3
15145491517 3
13634540524 3
15204540293 3
15045413753 3
13846190798 3
13846144501 3
13903686774 3
15945403208 3
15945401458 3
15804542142 3
15045412102 3
13512648297 3
15945401145 3
13624545069 3
15245484677 3
13836604134 3
13946443408 3
13836604032 3
15145498868 3
13704549958 3
13945460636 3
13704862034 3
13604549842 3
13604863162 3
13803664605 3
13904549847 3
13946423505 3
18204546038 3
13704544608 3
15045400711 3
15046468217 3
13946428722 3
15045412388 3
15204541939 3
13555582725 3
15246491128 3
13845415645 3
13704869353 3
15214668719 3
18204541500 3
15145490863 3
15046490366 3
15246481108 3
13555591506 3
13836648303 3
15245453258 3
13836665205 3
13845472015 3
13836654371 3
13903688729 3
18245465658 3
13946422675 3
13836662760 3
18745498708 3
15204544476 3
15145488322 3
13836651035 3
13846138463 3
18245466220 3
18245464311 3
18724222795 3
18724222793 3
18204541583 3
13634546625 3
13504543146 3
18245462488 3
18724226412 3
15145455987 3
18724226413 3
13845479838 3
13614691916 3
15845453055 3
15045404949 3
13734544545 3
13555599057 3
13555582258 3
13704545968 3
18204548266 3
13846180656 3
13904548283 3
18245471717 3
18245451581 3
18245451598 3
13946453187 3
13846183728 3
18724545585 3
13903683706 3
13664543440 3
13946422123 3
18249822269 3
13684540471 3
13555587506 3
13904545895 3
13945480477 3
13512685275 3
13604545253 3
18245467800 3
13684546263 3
18245454252 3
18245456330 3
18245469691 3
13604541434 3
13946451915 3
13624547358 3
13624547368 3
13845478961 3
13644541787 3
18245454501 3
15246479788 3
13512644289 3
13512685238 3
15045403807 3
13946407393 3
18204546298 3
18204546278 3
18204546258 3
15845407550 3
13512647603 3
18245465017 3
15204540893 3
13945465402 3
13946455186 3
13845410387 3
13946455244 3
18745494839 3
13836645970 3
13945472962 3
13945453782 3
18245454876 3
18724229524 3
13846149840 3
13644544431 3
13644542488 3
13512643241 3
13512676251 3
13603692963 3
15204544907 3
18245459373 3
15245483766 3
18745485529 3
13836605639 3
15845453106 3
13512682201 3
13945488398 3
15246492776 3
18245464180 3
18204548126 3
13734542696 3
13624543115 3
15246465516 3
15845402981 3
15804541205 3
15214662395 3
13845471517 3
18245456070 3
15845402840 3
13836653550 3
15245459519 3
15246460992 3
13904546786 3
15046460008 3
15246484070 3
15046460009 3
15846993112 3
15214669360 3
13846161310 3
18804544955 3
13734549236 3
13603691162 3
15245485711 3
13555595057 3
15214669325 3
13846193862 3
18245455231 3
15204548240 3
15145453418 3
15045414811 3
13846199524 3
13945475914 3
15845453114 3
15845453164 3
15845450584 3
13945451514 3
13604865600 3
15845459218 3
15046465453 3
13846150080 3
15845458893 3
15904542130 3
13836653165 3
13846185948 3
15245485757 3
15045406773 3
15945881598 3
15946560028 3
13634540954 3
13845452802 3
18204544431 3
13904549677 3
13845419571 3
18245466654 3
18245460638 3
18204541575 3
13845406151 3
13845476122 3
18745462303 3
18245463158 3
18245464596 3
18245459656 3
13704543783 3
18204548262 3
15204543376 3
18245463939 3
18245485911 3
18245461307 3
18245461321 3
18745476457 3
15945884385 3
18245456688 3
15045411082 3
13945455875 3
13555591966 3
18245459988 3
13836615252 3
18245459898 3
13945469226 3
18845406559 3
18724545990 3
18724545997 3
13845478576 3
13512686455 3
13644540755 3
13614692979 3
15946560869 3
13945485390 3
15845451478 3
13836648522 3
13836606654 3
18245464355 3
18845413700 3
18204542577 3
15246465627 3
18245466527 3
18724545545 3
18245467318 3
18245456918 3
15046493250 3
18245466297 3
18245469903 3
18245459337 3
18245466983 3
13644545115 3
13946420015 3
13846138762 3
18745459455 3
18745498991 3
18245458799 3
15145491660 3
18245464478 3
18204544303 3
18245459939 3
18245459986 3
13604541330 3
15214664629 3
18745487976 3
18245459039 3
13845419045 3
18245468196 3
18245459975 3
18724222635 3
13664542593 3
18245459906 3
18245467276 3
15846995302 3
15245457086 3
15145450839 3
15164511597 3
13946472572 3
13836664915 3
13846149938 3
15846995042 3
18745466430 3
15946560628 3
13845473718 3
18245477563 3
13836602528 3
18249244330 3
18845494505 3
18249264926 3
18245477532 3
15845405029 3
13604868150 3
13604547211 3
18245493222 3
13664546141 3
13945457008 3
15145452731 3
18249823728 3
15214665619 3
18245487050 3
18724221400 3
13836654769 3
18245474799 3
18245488052 3
15204545005 3
13504698876 3
15246499930 3
15245489946 3
18724543393 3
15846999752 3
15045419344 3
15846999705 3
13945463379 3
18745476240 3
13624549899 3
18745488713 3
18845413663 3
13796350296 3
13945470337 3
15145496971 3
13512699869 3
18245478696 3
15945885982 3
13734540104 3
13644548593 3
13945470004 3
18245491875 3
15904548991 3
13845472528 3
18204541567 3
18245450956 3
15145455382 3
18245491891 3
18745468124 3
13846137201 3
13512678957 3
15946553969 3
18245471448 3
13836662350 3
13803664430 3
13845410884 3
13555582497 3
15245482103 3
18245487136 3
15045410701 3
13846182402 3
13512646298 3
13604544027 3
13836646485 3
15845400936 3
18724219267 3
13603693239 3
13614695428 3
18245484375 3
18245484376 3
15204540335 3
18745489939 3
18245473521 3
15246498222 3
15804546490 3
18245499981 3
18245475965 3
13946459044 3
18745489761 3
18245487725 3
13845408212 3
13846188339 3
13836644071 3
15246482605 3
18724211199 3
18245488522 3
13846198892 3
15046491138 3
18845400329 3
13614698565 3
18245472737 3
13846133713 3
13903682190 3
13846187500 3
13704543104 3
13684544212 3
15846994498 3
14784547777 3
18714547950 3
15845407607 3
18745478831 3
15845408736 3
15245455636 3
18249238083 3
18245498288 3
18724220978 3
18245478778 3
13845478294 3
15945404930 3
18245499788 3
13614690581 3
15845405258 3
13614697234 3
15046462051 3
13846154580 3
18249236529 3
13846149139 3
15845403958 3
18245488658 3
18745489850 3
13846155936 3
15245453776 3
15845453474 3
13846163674 3
15945403860 3
15845409438 3
18745463610 3
15046493141 3
15946564577 3
13604868423 3
15946557425 3
13836667322 3
13945479379 3
13674549753 3
18249250599 3
18249823734 3
18745473380 3
15845400977 3
13555585703 3
13803668477 3
13504543451 3
15145493044 3
18245458848 3
18724221862 3
13946423600 3
18204543400 3
13846170108 3
18249236449 3
15246484460 3
13555585728 3
15945888093 3
15246460308 3
15245455812 3
13945474858 3
13734548155 3
18324547667 3
13945486556 3
13512686698 3
13836668250 3
15145489990 3
18245452266 3
15214664178 3
13704864248 3
13945478888 3
13803655530 3
18249267199 3
13604549270 3
15046463918 3
13845474708 3
13946404053 3
18204540437 3
13903685031 3
15246492584 3
15046465383 3
18724548850 3
13603696779 3
13845457121 3
18249236400 3
15046460833 3
15214664766 3
18745451117 3
15846993359 3
13704541272 3
13704545707 3
13904545761 3
15145491602 3
15945885280 3
13846197047 3
13614693550 3
13614693660 3
13704860748 3
18249261799 3
18245455960 3
18745463691 3
18724212478 3
18245452135 3
15904541663 3
18245473723 3
15246467234 3
15145457568 3
13946429942 3
15145458248 3
18745461342 3
15046497457 3
15946555894 3
13796350404 3
13945472829 3
18745493114 3
13624541407 3
15945402448 3
18245495900 3
13904544070 3
13945473525 3
18745450006 3
13836655615 3
18245473946 3
13512675711 3
18745491021 3
15046493116 3
15045411193 3
13684541917 3
13945487582 3
13845472835 3
15804549854 3
15045400202 3
13512662781 3
15045415415 3
13946448083 3
13946406921 3
13846167276 3
15846997607 3
13903686689 3
18204540591 3
13945471477 3
13946407870 3
15845452223 3
13846172039 3
18245497876 3
18745494148 3
18245480311 3
18245480322 3
18249263955 3
15045414511 3
13634545386 3
18245452137 3
15046499081 3
13684546828 3
18204540732 3
18204540762 3
18245450960 3
13904544241 3
18245450970 3
13846166499 3
18724216899 3
13846153255 3
13604548152 3
13945483232 3
13803652283 3
15946562189 3
15145499228 3
13634540529 3
15904545619 3
13603694261 3
13512671611 3
13704540332 3
13836659578 3
18724218310 3
18249252163 3
13644540830 3
13945489650 3
15946558046 3
13614691342 3
18245467814 3
15145458095 3
15204543284 3
13836652380 3
18724220960 3
18249261855 3
13803665744 3
13796353282 3
13684548196 3
13624546509 3
18745461310 3
13604547102 3
13555586762 3
13845472573 3
13836645293 3
13504696156 3
13904547831 3
13945481422 3
18245495558 3
18249264086 3
18245489990 3
18745481119 3
18249261035 3
13734548230 3
15204545952 3
18249261205 3
15204540965 3
18245486817 3
13604545023 3
13836609547 3
13512683566 3
15145491977 3
15145455276 3
13845401180 3
13664540113 3
13624546323 3
13634541585 3
15214669056 3
13624548986 3
13836651183 3
13603698466 3
15145450572 3
18745453746 3
13946424689 3
13803652365 3
18745468365 3
15946563023 3
15946563025 3
15145450085 3
18845496992 3
13945457673 3
18249262828 3
18249262929 3
13512671805 3
13845405860 3
15246491239 3
15145490993 3
18324543550 3
13555586935 3
13555593559 3
15845405233 3
18745481066 3
13846143415 3
13846187865 3
13512688093 3
13512672398 3
13845415808 3
18745468998 3
18245466577 3
18245487277 3
13846195665 3
15946558621 3
18245496496 3
13945467962 3
18245475663 3
15946569845 3
18724213767 3
13846155684 3
18745494064 3
13845415231 3
13803664436 3
13846194376 3
18249236528 3
13836605128 3
15046499163 3
13846172463 3
13704860162 3
15204548746 3
13845477458 3
13846171401 3
15204548334 3
18724219030 3
15946566171 3
18745470700 3
13634546919 3
18245482369 3
18245471536 3
13903642424 3
15845459421 3
18245495959 3
15846993180 3
18745458682 3
18245478479 3
15846996157 3
13846178375 3
18245470589 3
13946427322 3
15246463363 3
13846142268 3
18249264012 3
18745491976 3
18845498301 3
18249260012 3
13946405651 3
15045405780 3
13512699012 3
18745452001 3
13644540024 3
13946409154 3
13903682289 3
18249269056 3
18249263223 3
18745482893 3
18204548149 3
18745475460 3
18845424142 3
18745470498 3
13644541251 3
13796356359 3
13796359511 3
18249268328 3
18249268318 3
15245457664 3
15046491364 3
13945463985 3
15045406579 3
13704543589 3
13624549769 3
18304549392 3
13946409509 3
13614699753 3
15046490059 3
18845400842 3
13946448469 3
18245498992 3
13555598260 3
13803650059 3
13845453969 3
13846161610 3
13846161686 3
18745472543 3
18745489908 3
15045400052 3
15145499973 3
15145499982 3
15246492543 3
15845455989 3
15846998009 3
15945888326 3
15946565654 3
13945466529 3
18245495188 3
18745492336 3
13555589225 3
13704549081 3
18245450796 3
18245499975 3
15046461461 3
18245477530 3
13946474922 3
18204540380 3
13664542099 3
15204540186 3
13512643996 3
13846178741 3
13946453843 3
18245475217 3
18245465375 3
13803668590 3
18245478404 3
15214660744 3
18204548068 3
13846133046 3
13604543011 3
13903683878 3
13803662307 3
15145454889 3
13846152041 3
13664545299 3
15846997023 3
18745454311 3
15214665636 3
15164518689 3
15164518881 3
18745489930 3
13946405660 3
15045402770 3
13945460509 3
13704548787 3
13846169457 3
15045417165 3
18249256767 3
13945498387 3
13846191195 3
18245478600 3
18245478921 3
18245478923 3
18245478998 3
13945454058 3
18245499708 3
15246467338 3
13803665482 3
15946552958 3
18245478879 3
18245481068 3
18245481088 3
13945483412 3
15246480766 3
13603696896 3
13946424848 3
18245478952 3
15246472776 3
13644684562 3
13704861339 3
13555591983 3
13504541612 3
13796355257 3
18245495158 3
15804547507 3
15245457434 3
18845409395 3
13664545573 3
18745473681 3
18245478757 3
13684548786 3
18245497207 3
15145490433 3
18845494528 3
13504541029 3
13704545493 3
13555592941 3
13555599270 3
13836662360 3
15045401030 3
13836643027 3
15245482276 3
13845472670 3
13504548154 3
18249235513 3
13512670721 3
13644549362 3
18245499230 3
18245487768 3
18245488597 3
13512641778 3
15246473924 3
13945481253 3
18745482997 3
13836663491 3
15845408622 3
15046492015 3
13846188024 3
13946401753 3
13604548055 3
18245476740 3
13836609032 3
18245489466 3
18245485677 3
18249265992 3
15046493286 3
15804540075 3
13624545835 3
13845402635 3
15945887880 3
18245488851 3
18245457675 3
13946446351 3
18745474729 3
13846155478 3
13945468563 3
18714542018 3
13846136478 3
18745492883 3
13836648318 3
15904541997 3
15046499647 3
13836662569 3
18249265012 3
13674549136 3
18245477565 3
15145498110 3
18245476533 3
18204540265 3
13845410651 3
18724223817 3
13846190212 3
13512699776 3
15214668568 3
18245450979 3
15045410548 3
13946473535 3
13836641419 3
13836642310 3
13846155619 3
15145452726 3
15204546851 3
13624541085 3
18245487718 3
18724222942 3
18724222946 3
15804548169 3
18745483243 3
18245477144 3
15204546765 3
13803663126 3
13555593237 3
13803651380 3
15804543215 3
13836661792 3
18245477139 3
18714546382 3
13603697086 3
18245497255 3
15046498384 3
13846145368 3
13664547429 3
15204548078 3
13664542563 3
15845457576 3
13945453949 3
13512649033 3
13836604892 3
13704860178 3
13846192907 3
13904547982 3
18245480298 3
18245495157 3
15246475828 3
13846138252 3
13704540901 3
13512670045 3
13624546923 3
13704542285 3
18745467075 3
13845479565 3
18324547669 3
15164515665 3
18324544895 3
18745451556 3
18714541243 3
18245480666 3
13836664192 3
18724543444 3
13836669688 3
18724222138 3
13945453305 3
13945498648 3
18245499989 3
13836645591 3
13555586217 3
13846183175 3
13555598540 3
13846166418 3
15945889323 3
13734545735 3
18245483219 3
18745455898 3
13803668016 3
18245452194 3
15846999957 3
13946441779 3
13604540299 3
15145493988 3
15214663087 3
18745462917 3
18745489993 3
15045411296 3
13946440311 3
13845411395 3
13946445854 3
18245476721 3
18845482040 3
13664547367 3
15246468853 3
15145459227 3
18245487022 3
18245487033 3
13946441321 3
18245499264 3
18204549653 3
18745485909 3
18745489611 3
13684540248 3
15845452862 3
15246492992 3
15846993352 3
13946428361 3
18245497978 3
15246485870 3
18245477526 3
18245477527 3
13845456197 3
13946426402 3
13664540191 3
15245484183 3
18745479399 3
18304540985 3
15945888299 3
13845401521 3
13664543545 3
13845458473 3
18204540053 3
18245477581 3
18249234567 3
18745466747 3
13846172424 3
13845418310 3
13846166314 3
15145450869 3
13945487129 3
15946561429 3
15904545715 3
13836644278 3
15945882587 3
15164517111 3
13512683291 3
15046461000 3
13512649215 3
13512688622 3
15946559077 3
13946443230 3
18845423348 3
18745456222 3
18724545144 3
13846165484 3
15046463680 3
13945488978 3
13504696283 3
15046460780 3
15164514580 3
18245496101 3
15245452301 3
13946423153 3
13846196284 3
15045419664 3
18245489334 3
15946552115 3
15246482687 3
15246497896 3
13555593082 3
18245483176 3
15246463582 3
15946551578 3
13945466049 3
18245483283 3
13945466057 3
13836652307 3
13846132281 3
15045408292 3
13836646400 3
13664547616 3
18245471947 3
13836607261 3
13946440744 3
13674544094 3
18245495177 3
18245473471 3
18745455827 3
18745465936 3
13604542525 3
18724221109 3
18245465520 3
18745491419 3
13946444052 3
13945459163 3
18245493289 3
15045401601 3
13803658224 3
13644684077 3
15204542985 3
13555594184 3
13796353626 3
18745454320 3
15945404140 3
15214665887 3
15204542684 3
13946404348 3
13603699926 3
18245471936 3
13664547964 3
13803657604 3
13846161471 3
13664540251 3
18245488135 3
13845472605 3
15945400932 3
15246469635 3
15246488636 3
13644549570 3
13664540138 3
15204543751 3
15145453773 3
15946568858 3
15246478115 3
13664542066 3
18249247333 3
18845414600 3
15246492889 3
18845408105 3
13512683658 3
15845404257 3
18324541430 3
13555585295 3
15145450263 3
15046463968 3
15246469866 3
15945883914 3
15046494051 3
15164519521 3
15145458690 3
18724213717 3
15946564441 3
18245458066 3
18245477136 3
13846158512 3
13614691463 3
15145459192 3
15246494611 3
13684548341 3
15246472727 3
13946403096 3
15214665305 3
13846173634 3
13555591684 3
13845473290 3
18745488331 3
18245460800 3
15845402449 3
13704544016 3
18745462355 3
13846163503 3
13846177436 3
13836661698 3
13946442188 3
13836652657 3
18245484051 3
15214662163 3
15214662165 3
18724228086 3
15845455337 3
13846149321 3
13946425636 3
13846148936 3
13634545419 3
13836647827 3
13836604673 3
13846161671 3
13946422195 3
15245453015 3
13846178802 3
18745482567 3
18245481567 3
18745481430 3
15845458520 3
18249234777 3
18745481660 3
15045419809 3
13903686953 3
13836646679 3
13796356385 3
13946472146 3
18245476899 3
18724220196 3
15904543904 3
13504699560 3
13684542748 3
18249239100 3
18245465982 3
13734541403 3
15945402171 3
15246499829 3
15045411693 3
15045412417 3
13512680737 3
15145452924 3
18245457208 3
13803661467 3
18304540531 3
13796357589 3
15946566867 3
18245459413 3
13684549362 3
13664548093 3
13614693878 3
18745486781 3
15245455298 3
13945450874 3
13604549817 3
13512677924 3
13845412647 3
13512682336 3
15946565265 3
18745472070 3
13704867495 3
18245457709 3
13836605625 3
13903689734 3
15246463303 3
15246491533 3
15246463518 3
13836602941 3
13946471791 3
15204548983 3
13614544422 3
15246463435 3
15246441666 3
15246468933 3
13845455684 3
13664545612 3
15204548962 3
13664549754 3
15246463004 3
15246465967 3
13512694022 3
13604543368 3
15804542838 3
13836641634 3
18724212195 3
18204540761 3
18204540737 3
15846993116 3
18204541336 3
18745463940 3
15846999604 3
18724545992 3
15204541007 3
13614694922 3
18745453667 3
13846159939 3
15045410105 3
18245498919 3
15845407713 3
13664542590 3
18204540259 3
18304543100 3
18845495532 3
15204542317 3
13704546958 3
15245457755 3
13684543607 3
13836641686 3
13946471256 3
15945886711 3
13846154005 3
18245477129 3
13836654037 3
13512675631 3
13512646176 3
13512666837 3
13803669928 3
13803657094 3
13846150325 3
18245496813 3
13624549349 3
18745483952 3
13684547011 3
18245475661 3
13734545227 3
15846990144 3
13845401659 3
13945498165 3
18245485536 3
15945401395 3
18245485538 3
18245485545 3
18245454728 3
13946458243 3
18245496417 3
18304540957 3
13846185762 3
13846173219 3
13845408893 3
18249254321 3
18249267928 3
18204544461 3
18245472650 3
13504541278 3
15846990663 3
13734545099 3
18204540729 3
13846198726 3
13644546342 3
13704867860 3
13604540135 3
13803666576 3
13512666082 3
18249239765 3
18714541963 3
18714541965 3
13512681436 3
13845402219 3
13946472461 3
13664548275 3
18845413971 3
13945466370 3
13846170252 3
15045413186 3
18245482686 3
18245455550 3
13946444975 3
13603696117 3
18745466947 3
13846178371 3
13614541566 3
13846163921 3
18724545530 3
15245454415 3
13796351707 3
15045418554 3
18245490909 3
13704543569 3
18745487716 3
15945887011 3
18245471833 3
13846185330 3
13803664695 3
18745454592 3
15145498353 3
13624548876 3
13604544918 3
18249235422 3
15046465000 3
13836603274 3
18714545180 3
15246468444 3
15804541929 3
15246468741 3
18245474569 3
13803657343 3
18845492365 3
15946567523 3
13846191295 3
15845452362 3
15945887229 3
15164517757 3
13504543675 3
13846133138 3
15045405252 3
15164512300 3
15045418895 3
13684545055 3
13945488434 3
13836609968 3
13945475286 3
13845400286 3
13684541668 3
15046469167 3
18245498556 3
18845498106 3
13945498029 3
18724211711 3
13684548367 3
18245461272 3
13945472489 3
18245483086 3
18745488990 3
15214665603 3
15845456156 3
13845450495 3
13945485919 3
13846168395 3
18745497213 3
15845456072 3
15145497846 3
13836660357 3
15804543436 3
13945483434 3
18745485423 3
13846162537 3
13946406162 3
13836659405 3
18245457786 3
13945461751 3
18245475935 3
13803659239 3
15046493559 3
15246466131 3
13946444820 3
18245498550 3
13945479578 3
13904544115 3
15045403850 3
13945497071 3
18245499965 3
13704545768 3
13614694846 3
18245458408 3
15804548186 3
13846156086 3
13512699353 3
15045411968 3
15046465113 3
13846197531 3
15846993884 3
15214665958 3
18245459815 3
13603699236 3
13846140042 3
18245496788 3
18745463557 3
18245496996 3
15904546220 3
13946403585 3
13603691625 3
13512676253 3
15946563885 3
15204548484 3
13624544039 3
18745499079 3
13604545782 3
18245457606 3
13836656956 3
15845456865 3
13946403682 3
15845409689 3
15246461172 3
18204540810 3
15246470656 3
18245496288 3
15204540562 3
18204540750 3
18204540159 3
18249236363 3
13946471163 3
18845423457 3
13845474290 3
18745457606 3
18245496707 3
13684543878 3
15045409665 3
18724222107 3
13903689359 3
13512642700 3
15045410764 3
13684541595 3
15245489618 3
15904549710 3
18245471377 3
13555586937 3
15246469995 3
13846140274 3
13734540958 3
13512664774 3
15145452240 3
13845473503 3
13836665914 3
15164514147 3
18724223136 3
13845455849 3
15164516683 3
18745469736 3
18245487302 3
18745473630 3
13836608725 3
18245458486 3
15845402083 3
15804548194 3
13512673728 3
15945889890 3
18245464788 3
18745492108 3
18745474825 3
15046494783 3
15214660692 3
13945468837 3
18245496227 3
15204541577 3
13903686092 3
13845416598 3
15214668881 3
13664546058 3
18845423040 3
18204540783 3
15946551739 3
18845421277 3
13846192626 3
13555596024 3
13555599863 3
13946447332 3
18745472311 3
18745458100 3
18245452719 3
15845457653 3
13946448035 3
13512679217 3
15945888464 3
18245459969 3
13945483062 3
13846187331 3
18245479209 3
15246473634 3
15804542369 3
13603697770 3
18245490545 3
18204540719 3
18245450639 3
13664542554 3
15246491118 3
18245477936 3
18724545950 3
18724545951 3
13946442218 3
13512681527 3
13846157927 3
13644544244 3
15245453080 3
13836654709 3
18745458586 3
15204542002 3
18724545801 3
18245489499 3
15214661444 3
13845402576 3
13845475965 3
13903686861 3
18245483899 3
13903683611 3
13684541461 3
15845406673 3
13945485190 3
13945485231 3
13945485261 3
13846130748 3
15804541722 3
15214666428 3
18245491396 3
13836660142 3
13684548881 3
13945486228 3
13846194132 3
15214663352 3
13845406393 3
18845401426 3
18845498242 3
18245462824 3
13704864294 3
15145450334 3
15246471797 3
18245464694 3
13945458954 3
18745476181 3
13946459786 3
15045400089 3
15946555254 3
18245482930 3
18245457546 3
13945451430 3
13704862190 3
15904549930 3
13684544714 3
13836644745 3
18245451262 3
15046494470 3
13512646253 3
18249252511 3
15246461138 3
13634546526 3
13836646393 3
18245467925 3
13555597140 3
13836664496 3
15164511277 3
13903685765 3
18245483715 3
18245468985 3
13836661764 3
18204540468 3
18204540465 3
15714666189 3
15846991087 3
15045416234 3
18249235538 3
15804540433 3
13504543472 3
15145453306 3
13845475575 3
13945498812 3
13945466707 3
15246462084 3
18204549678 3
15845456867 3
13845403725 3
18245452610 3
18245488238 3
15046468556 3
15246477638 3
15246474928 3
15046493689 3
13734542755 3
15245480507 3
18304540561 3
15046490824 3
18249235338 3
15145458546 3
15845403908 3
18745482121 3
13846131011 3
18249823599 3
13512685022 3
15246484704 3
15946560266 3
13555590130 3
15845402955 3
18745455877 3
15245480928 3
13846152880 3
18724541897 3
15945886708 3
13796353917 3
13846169208 3
13836604011 3
13664543985 3
18204546411 3
15846990775 3
15046493117 3
13845412983 3
13604542851 3
13846191907 3
13904544993 3
13946450858 3
15245486519 3
15946567498 3
13603692866 3
18724214478 3
15204545278 3
13644540900 3
15246478563 3
13604541436 3
15164516150 3
18245481225 3
15145459474 3
18845498230 3
15145499900 3
13846185956 3
15904542038 3
15904545518 3
13836661267 3
13684540661 3
18245463319 3
13846148241 3
13836640598 3
13845402563 3
13836606723 3
13845477252 3
13634540925 3
13945456621 3
13846168210 3
13836640390 3
13946400204 3
18724545697 3
13734548862 3
15245458100 3
18745452025 3
15946561460 3
13836603318 3
18249821627 3
13704861508 3
13836662780 3
15214667547 3
15246466825 3
13604547329 3
14794545437 3
18245485189 3
13945473314 3
15046491944 3
18304543172 3
13512667120 3
13945471599 3
13614693354 3
13845417266 3
15804541029 3
15246473366 3
15045411785 3
15945880604 3
13796358395 3
15246496638 3
18245499028 3
13846135355 3
15945888554 3
13846130565 3
13803654780 3
13836660025 3
13555593363 3
15145456058 3
13846166320 3
15145499388 3
13512674384 3
15245481056 3
13846196554 3
13604867280 3
18245452721 3
13845478302 3
15946550452 3
15045414661 3
13846150285 3
14794545902 3
18245488636 3
15945404007 3
18745491863 3
18245467863 3
13555592921 3
15846999524 3
13664548667 3
18245474668 3
15145450377 3
13945450875 3
18245498865 3
13836604183 3
13836604175 3
15845450922 3
13624545571 3
18245450955 3
18724212721 3
15045416623 3
13512642561 3
15946562760 3
13614691309 3
13614691379 3
13836662093 3
13803657847 3
13845413234 3
18745453674 3
13512644306 3
13803658377 3
13512646290 3
15945889203 3
15046491983 3
18745460061 3
18724226651 3
15845453759 3
15245489551 3
18245499168 3
13946457393 3
15845457507 3
18245453462 3
13604547379 3
13845454413 3
13504540510 3
15245484178 3
13945450189 3
13946424458 3
18249235066 3
15845453201 3
13704545837 3
18249235050 3
18245487107 3
13903683664 3
18245496617 3
13846191256 3
13946449038 3
13734545612 3
13664543036 3
13604541951 3
13946472186 3
15946556603 3
13946471152 3
13614693146 3
13603695691 3
13945485193 3
18245451016 3
13512689941 3
15846991307 3
18245450928 3
18245450926 3
18245499916 3
13946429783 3
13946456481 3
18245499913 3
18845424299 3
13946445871 3
15246499257 3
18245453693 3
18245489410 3
18245499912 3
15845401676 3
18845482052 3
18245499909 3
15246496654 3
18245458807 3
15145497820 3
18249235908 3
15946554260 3
18745463406 3
18745499332 3
18245488042 3
13836645692 3
13845406036 3
18245496568 3
18245488095 3
18245486007 3
13836660931 3
18724226931 3
18245499818 3
13846184637 3
18249236877 3
18245482833 3
18249235995 3
15846991630 3
13604546783 3
18745464215 3
15245458142 3
18745486880 3
15145497314 3
18249236022 3
15145457690 3
18249260856 3
15164516784 3
13684540069 3
13704546076 3
18249236024 3
15145499012 3
13604863477 3
13945475439 3
13946407336 3
18845400641 3
15945883964 3
18745491880 3
18745481290 3
18245499677 3
13845476474 3
15246478933 3
13555589359 3
13836650847 3
13803656203 3
13555585701 3
13846163786 3
13904547494 3
13555583181 3
15145454823 3
13614693961 3
18245475166 3
18249250338 3
18845413098 3
13845402651 3
18245484987 3
15214669199 3
15046465750 3
13803654813 3
18245498798 3
13945476729 3
13664540343 3
15946552055 3
15904547470 3
13846186073 3
13504541896 3
13664542957 3
13945462337 3
13664541893 3
18745460516 3
15245481831 3
13684543774 3
18845404261 3
15846999431 3
18249236046 3
18249236052 3
15245457484 3
15204548101 3
18845408377 3
18249236133 3
15904548692 3
15145458192 3
18745479228 3
15045407648 3
18745450688 3
13946402892 3
13946445439 3
18245477110 3
13845406686 3
15045411149 3
18245458805 3
18745488255 3
13555581008 3
18245474642 3
18245499932 3
18245499935 3
18245499943 3
18245499949 3
13846189601 3
18245458835 3
13845474645 3
18245450966 3
13845401486 3
15804543737 3
15245486335 3
18245451614 3
