13555594946 3
15946567098 3
13504545334 3
18745493885 3
15945881206 3
13803667958 3
13604548561 3
13845479803 3
18745484984 3
13946458203 3
15246478427 3
13512667565 3
18745450288 3
15164514251 3
15145499526 3
18745493950 3
13704542264 3
13803654638 3
13684545021 3
15845455931 3
15804544923 3
15946560047 3
13846161901 3
15804544127 3
13555582308 3
15164517983 3
15804542201 3
13836667686 3
13555591693 3
13555593582 3
18745465055 3
15245488032 3
15245486469 3
13845478783 3
18745462261 3
13946407953 3
13845412198 3
18745462269 3
13946425967 3
13946447408 3
13946447407 3
13684549563 3
18745462800 3
18745462899 3
18724226798 3
13624546658 3
15246489129 3
13946453662 3
15945403787 3
13614692826 3
15246499788 3
13624546627 3
15214666155 3
13614697957 3
13614696652 3
13644546569 3
13684547679 3
15845403232 3
15246476386 3
13512647425 3
13945467107 3
13945467207 3
13512663697 3
13945486679 3
15846992867 3
13734548265 3
15145497453 3
13604547225 3
13946452864 3
13512698648 3
15904549415 3
18745460498 3
15246489450 3
13555580475 3
15204549469 3
15204549468 3
13846168683 3
15145457181 3
15904542756 3
15164510299 3
13704869798 3
13945467587 3
15245485357 3
13945461471 3
15245482756 3
13796359755 3
15164518447 3
15946557708 3
15045409732 3
15946563744 3
18804545419 3
13512686465 3
13704545892 3
18204546971 3
13644540502 3
13836601410 3
18204546228 3
18204545007 3
13945452003 3
15845457783 3
13796356459 3
13803653859 3
13684541887 3
15145487038 3
13734546026 3
13734546036 3
15846996712 3
13845406911 3
13504540905 3
15246489245 3
15945886486 3
13846194660 3
15204547271 3
13846177340 3
13512648302 3
13945478812 3
18745474667 3
15246463223 3
13512648826 3
13836609790 3
15245458375 3
15046492545 3
13845411229 3
13846191471 3
15204541736 3
15946568320 3
13946429460 3
15804544007 3
15904546271 3
15246489436 3
15245459663 3
15246489431 3
13614699654 3
15204542012 3
13634543698 3
13836659478 3
15804544106 3
15945888543 3
13845473507 3
15246477852 3
15245458789 3
13555591689 3
15246490401 3
13846140476 3
15045417740 3
13846134281 3
13644549895 3
13634547030 3
13664544245 3
13946474416 3
18745460120 3
15046499339 3
13946454258 3
13903686303 3
13512671120 3
18745475785 3
15804543206 3
13614698509 3
13945460741 3
13846199206 3
13846199372 3
15845401455 3
13836640304 3
13845473043 3
15046462066 3
13684549043 3
15845402423 3
13945489067 3
13803658596 3
13846180273 3
13945469240 3
13836667452 3
13836662064 3
13846168089 3
13512666091 3
13704543008 3
13945463005 3
13846155788 3
13845414353 3
13846134390 3
15145458457 3
13903687603 3
13614694847 3
15045407060 3
13946422031 3
15164511246 3
15046499680 3
18745465418 3
13946403193 3
13946453051 3
13946404355 3
15945403356 3
13846153302 3
15845405479 3
13946423831 3
15945887124 3
18324543697 3
13674544632 3
13946448086 3
15045415439 3
13684547435 3
13555595810 3
13946449395 3
13836669484 3
15846994497 3
13664541446 3
15945404296 3
13624547462 3
18324543698 3
13845414387 3
15145452655 3
13846199452 3
13845414399 3
13845413749 3
13664547142 3
15045412898 3
13845456497 3
13614695401 3
13704548114 3
13945482782 3
15945400853 3
15845405940 3
13512672246 3
15845403103 3
15214663268 3
13845405167 3
13946453586 3
13945471601 3
18745475034 3
15145496183 3
18745460608 3
13845457995 3
13946448256 3
13512670559 3
15946563054 3
13846132944 3
13704543147 3
13845415840 3
15946567420 3
13624541901 3
15246473889 3
15045408929 3
18746350666 3
13512685679 3
13945465679 3
15945404267 3
13945453974 3
13734541614 3
15246470506 3
13946424415 3
13555591934 3
13604544617 3
13845454324 3
13946421157 3
13512679279 3
13512678498 3
15246483832 3
18745475137 3
15246473994 3
13846182069 3
15245458963 3
13512681634 3
15945886435 3
13945486259 3
13624548350 3
13845470013 3
15045414897 3
15246477767 3
13904547929 3
18745455553 3
13945498536 3
13946424281 3
18745483461 3
15904542476 3
18745483463 3
15204547020 3
15045417481 3
13904545619 3
13945497450 3
18745474713 3
15046462012 3
13846140459 3
18745473156 3
13904545495 3
15204543854 3
13836604284 3
13512694669 3
13945452321 3
15145454829 3
13512674592 3
13946449139 3
13946420826 3
15246467717 3
13836605524 3
13624543569 3
13634544671 3
15945404681 3
13704548355 3
15145454272 3
13614541802 3
13734548997 3
13504698551 3
13512661051 3
13946407580 3
13845413780 3
13512698336 3
13512662156 3
18745482554 3
18745451626 3
13604548673 3
15945885998 3
13604866708 3
13945485661 3
13945489685 3
13946452646 3
13614690833 3
18745480787 3
13904546469 3
13845459364 3
15246489149 3
13803661784 3
15045405107 3
15846992549 3
18745460399 3
15046493953 3
13836601374 3
13803667663 3
15246471128 3
13846148107 3
15945882313 3
13845472148 3
13704865691 3
15204541900 3
15046460921 3
15214668376 3
18745487859 3
13845410864 3
15145495856 3
13796352792 3
15045412990 3
13734545699 3
13836665362 3
13603698153 3
13504546843 3
15245452636 3
13845410630 3
18745450287 3
15245457975 3
18745480659 3
18745480673 3
18745482204 3
15945403253 3
18745480693 3
18745480701 3
18745465524 3
13796352625 3
15145493013 3
13704863025 3
13803656347 3
15045412880 3
18745450918 3
13555595807 3
13504543925 3
13836650865 3
15045407365 3
18745487167 3
15046495137 3
18745466211 3
13512686562 3
13845403855 3
18745466115 3
18745466013 3
18745466131 3
18745466037 3
18745466322 3
18745466362 3
18745466028 3
18745466007 3
18745487175 3
18745466017 3
18745466016 3
15946550463 3
18745466027 3
13512647278 3
13945451815 3
13945451267 3
15904547943 3
13555590769 3
13734549396 3
15204540395 3
18745499878 3
18204545966 3
15945889228 3
18204545977 3
18745478812 3
18245468100 3
18724222711 3
13845409539 3
18724222660 3
18204548867 3
18724222775 3
18745466522 3
18845413868 3
13664548696 3
13946473371 3
13803660693 3
15145492592 3
13946406164 3
13803650374 3
15904540813 3
13614690627 3
13634547934 3
13734546011 3
13945470771 3
15246474948 3
15845403815 3
13946407297 3
15045407724 3
13946447748 3
13512677078 3
15145496429 3
13836658635 3
13846161623 3
15164514860 3
15945881417 3
15904545943 3
15245459747 3
13555588403 3
15845407498 3
15246462138 3
18745475286 3
15246484470 3
15845405675 3
15214661685 3
15246484145 3
13796356686 3
13846194121 3
15946567472 3
15145455306 3
13512666284 3
13945464277 3
18204545526 3
15946565968 3
15145490522 3
13836609658 3
13512667453 3
13512676598 3
13512647149 3
13845456351 3
13624547042 3
18745466193 3
15245486486 3
13684540765 3
13845405753 3
13704546106 3
15846996441 3
13624548377 3
15245488942 3
15204548475 3
18745475321 3
18745480485 3
13734545772 3
13945454672 3
13845455866 3
18745480587 3
15714549777 3
13846174591 3
13555591984 3
15946565281 3
13836647710 3
13845411317 3
13945463061 3
15246463895 3
15246461235 3
15946552827 3
15246461237 3
15046461095 3
15246461238 3
13946404305 3
18745470405 3
18845488771 3
15145458736 3
13846161316 3
13846161360 3
15946556370 3
13846143883 3
13845476046 3
15846996686 3
18745478433 3
13846142995 3
13845459378 3
18745491480 3
13512665487 3
13512665387 3
13846146152 3
13846167139 3
13512677509 3
18745479881 3
13704866208 3
13903682901 3
13796358300 3
13555583162 3
13614697260 3
13664544143 3
18745450024 3
15246490348 3
15245455880 3
13945461820 3
18745480936 3
13903688834 3
13946456561 3
13604546945 3
13845405227 3
13704549638 3
13846177571 3
18745460707 3
13846182858 3
13904547794 3
13836604362 3
13904546552 3
13945467164 3
13803658661 3
15246483498 3
13946456421 3
15046466676 3
13836607737 3
15246465246 3
13945454239 3
13904547036 3
13555589689 3
18745490980 3
13836665177 3
15245483341 3
15204549290 3
18745484165 3
18745472119 3
13946454235 3
15804544005 3
15145499675 3
13512648684 3
15845459529 3
13846155273 3
13846194742 3
13946407217 3
13644549468 3
15245486212 3
13946420040 3
13555591964 3
13512677812 3
15045406766 3
15804546201 3
13803657580 3
13945455031 3
18745480797 3
13845456401 3
13946457471 3
15164514577 3
13604546799 3
13904544388 3
13796356164 3
15845405159 3
18745469987 3
18745469989 3
18745451007 3
18745476513 3
15204540012 3
15804545494 3
15945886485 3
13512660270 3
13946472902 3
13945466520 3
13803657816 3
15045407514 3
18745465118 3
13555585279 3
15245455394 3
13946427745 3
13644541163 3
15164517423 3
13845416903 3
13846139428 3
13845472928 3
15045402215 3
13946445265 3
13512665683 3
13945458962 3
18745464994 3
13634547695 3
13846194741 3
13555584001 3
13846184672 3
13614691829 3
13684545800 3
13946447243 3
13846153425 3
15145496782 3
13946473813 3
13845479184 3
13836649811 3
15845406030 3
15246463216 3
15804546779 3
13512661685 3
13836669241 3
13846195725 3
13836654188 3
18745451566 3
13846154150 3
13644541852 3
13945497726 3
15145492720 3
13704864492 3
13704864692 3
15945403406 3
13903686309 3
15145450898 3
15145492063 3
13945472568 3
18745459903 3
18745453354 3
18745454425 3
15046461073 3
18745455357 3
13945468349 3
18745459811 3
13846167306 3
13734545113 3
15945404148 3
13845471473 3
18745455680 3
13512680530 3
13555586683 3
18745453469 3
13945464278 3
15845402647 3
13614699481 3
13512645802 3
13504548704 3
15904541964 3
13664542936 3
15045414933 3
18745453328 3
18745455427 3
13836605154 3
13512645743 3
15945884347 3
15804546071 3
15246462078 3
15946556310 3
13836663352 3
13704863655 3
15046496458 3
13836666435 3
13603696562 3
15045417160 3
13846181942 3
15045417565 3
15046493534 3
13946446845 3
13946457936 3
15046496702 3
13904547804 3
13946426724 3
18745487287 3
18745465568 3
13904547843 3
13946457377 3
15204549085 3
18745482984 3
18745478615 3
18745458144 3
18745459407 3
13664543859 3
18745458322 3
18745455165 3
13704541460 3
18745459297 3
18745459586 3
13946401814 3
13555581076 3
15804544516 3
18745472542 3
15846992495 3
18745453854 3
18745493990 3
18745451994 3
18745480834 3
13946424183 3
15045403238 3
13704867428 3
15945883604 3
15904545713 3
18745459026 3
18745459023 3
15946563450 3
18245461320 3
15245486867 3
18245461322 3
18245453133 3
15946566476 3
18204546378 3
18745466178 3
13946450257 3
18745466179 3
13946426501 3
13846170610 3
15246466925 3
13846137597 3
18745466378 3
18745466009 3
18745466353 3
18745466361 3
18745466055 3
18745466056 3
13945453958 3
18745466057 3
13946473440 3
18745466080 3
18745466393 3
15945403438 3
18745466107 3
13846161306 3
18745466036 3
13704543241 3
18745466006 3
13604543269 3
13845476230 3
15946554021 3
15045405094 3
18745466202 3
18745466208 3
18745466218 3
18745466217 3
18745478837 3
18745466156 3
18745466157 3
13512647594 3
13704868343 3
18745466219 3
15804549536 3
15246481542 3
18745450072 3
13512683751 3
18745491478 3
15246466699 3
15046499417 3
18745465650 3
13512681827 3
18745466100 3
15204542904 3
13555582783 3
15045411628 3
18745472566 3
18745491403 3
15246463005 3
18745458004 3
18745451919 3
13704866311 3
13644545419 3
13644545416 3
18745483190 3
13945466984 3
13614693425 3
15246468415 3
13945471467 3
13664546175 3
13946422659 3
13845403983 3
18745459898 3
15946555883 3
13946405928 3
15045412489 3
15246493674 3
15145490754 3
13945452470 3
18745465768 3
13555583565 3
13555589662 3
13945462251 3
13945497151 3
18745455596 3
18745459001 3
18745453688 3
18745459918 3
18745459909 3
13945451404 3
13734547483 3
15145490698 3
18745450728 3
15845408891 3
13846194520 3
18324541806 3
15204546057 3
15214661691 3
13945479172 3
15046496467 3
13796350342 3
18745496726 3
13796354719 3
18745496904 3
15045403649 3
13846175407 3
13512674963 3
18745460561 3
15945884642 3
15145494343 3
15045418262 3
18745458005 3
15164512510 3
13734547129 3
15245458271 3
18745487624 3
13945481891 3
15845458473 3
18745458110 3
15045405846 3
13836644090 3
18745458041 3
18745458042 3
13845414917 3
13845419758 3
18745487380 3
13945465327 3
13945484265 3
18745458081 3
18745455428 3
18745453996 3
15045413934 3
13614544719 3
13603691745 3
13624547886 3
13644549360 3
18745468575 3
13684545290 3
13845456383 3
15804546676 3
15246479951 3
13846151016 3
18745450600 3
15945401548 3
13644541629 3
13846151017 3
13946401573 3
18745454948 3
18745450745 3
13604868628 3
18745453796 3
18745455667 3
13704543052 3
13846139878 3
13945487997 3
13946408441 3
13512688606 3
18745458646 3
18845402940 3
13846182878 3
15145493139 3
13945461176 3
18745465866 3
15245458817 3
15946562248 3
15845459938 3
13945451603 3
18745454479 3
15246484387 3
15145458621 3
13946404187 3
18745450390 3
13504548104 3
15204548454 3
18745465663 3
18745475448 3
18745474177 3
18745458288 3
18745459406 3
13845453251 3
15846995993 3
13734541109 3
18745453969 3
15145496439 3
13945470072 3
13512681864 3
13555589407 3
13946453503 3
13846181738 3
18745454611 3
18745455665 3
13555586623 3
18745451977 3
13946401576 3
13836668370 3
15246482420 3
13946400129 3
18745450548 3
18745479989 3
18745450584 3
15945401497 3
18745459410 3
13946426292 3
15204546148 3
13614544437 3
18845491761 3
13614541143 3
18745495311 3
13634547911 3
18745451611 3
15164510556 3
15804545945 3
13512664133 3
18745459290 3
15846993445 3
18745469289 3
18745455868 3
15045409259 3
13704542355 3
15946569642 3
15145497210 3
13845475564 3
18745453347 3
15945402750 3
13674549742 3
13704543476 3
18745455767 3
13845414899 3
15214664646 3
15246467975 3
13614692087 3
15246487627 3
13945474390 3
15214669905 3
15214669906 3
15214669907 3
13684547434 3
15246462466 3
15945886026 3
15246466702 3
15214667407 3
15214662855 3
13836603112 3
15246466595 3
15046461224 3
15845459075 3
15246475004 3
15164518564 3
13836644344 3
13512666979 3
15214664192 3
15946555344 3
15804546657 3
13704545259 3
15246479306 3
13945454714 3
13836604150 3
13664544418 3
13846154250 3
13904547585 3
13555580281 3
15245489451 3
15214661818 3
13946422263 3
15214669704 3
15904543474 3
15046467794 3
15045405775 3
13504549452 3
15046469545 3
13512663546 3
15214661786 3
13945455237 3
15214665664 3
13945489412 3
15246464075 3
15245451968 3
15214667336 3
15046463685 3
13903684136 3
15246485571 3
15245451856 3
15245451857 3
15214663198 3
15214664088 3
13555596703 3
15945886304 3
15214664184 3
13946405224 3
15214668689 3
15214662647 3
15145452400 3
15845408062 3
15246487919 3
13604546842 3
13846168003 3
18745484322 3
15246475538 3
15246464929 3
13664540047 3
13603698934 3
15046466564 3
15246477398 3
13803656358 3
15045409804 3
13946452652 3
15246463773 3
15246462455 3
13664549753 3
13614693900 3
15246487795 3
15246469823 3
13946402701 3
15246493916 3
13846184862 3
13946409642 3
13946440214 3
13846167342 3
15246463122 3
13846184034 3
15164510904 3
13512662575 3
15046498731 3
15214664205 3
13945470774 3
13684544594 3
15245455748 3
13846194313 3
15246463104 3
15214668615 3
15164515683 3
18845407149 3
15245487425 3
13624543504 3
15145497730 3
13845407179 3
15246494481 3
13945474114 3
13945453885 3
15214668587 3
13803667144 3
13796356596 3
13704540928 3
18249828655 3
13846131057 3
13845451091 3
15246492799 3
15046497434 3
15246492899 3
13946427134 3
13846151609 3
13704545292 3
15904545198 3
13836603615 3
13614691218 3
13504696104 3
15214662199 3
15164518294 3
15246494910 3
15245484034 3
15246464756 3
13624543368 3
18249240596 3
15246478087 3
15246471277 3
15945883214 3
15945883224 3
13704544304 3
15145454708 3
15246460083 3
15246465208 3
15246466167 3
15845452838 3
15845453212 3
13684546748 3
15145451638 3
15245455527 3
15245484477 3
15246467167 3
15246489777 3
15246468740 3
15246468242 3
13846149364 3
15945883464 3
15045402136 3
15246468808 3
18845481358 3
15246473243 3
13846176594 3
15214665775 3
15246469977 3
13664544170 3
15904545807 3
13614691985 3
13796353317 3
15214661814 3
13946457184 3
13604542584 3
15164510933 3
13512643189 3
15246464318 3
13644548458 3
13845472038 3
15904546482 3
15246467647 3
13664544939 3
13946442364 3
15214664522 3
15246464565 3
15804540694 3
13946447324 3
13624544400 3
15204544499 3
13624544455 3
13604865685 3
15246464941 3
13836652278 3
15246467286 3
15204545505 3
13946409142 3
15204545506 3
15246495011 3
15145489914 3
15946562468 3
15045403982 3
15246494917 3
15204544594 3
15046468837 3
15246479148 3
13614692246 3
13846177875 3
15804546431 3
13836643753 3
15046498873 3
15046498893 3
15246476159 3
15214662864 3
15845458619 3
15946558386 3
15246498601 3
15945883254 3
15846998139 3
15214665259 3
15246467986 3
15845458959 3
13945474084 3
15904549313 3
15214669889 3
13604541150 3
15214664700 3
15046462309 3
13624547142 3
13644544387 3
15214660768 3
13604866172 3
15046494704 3
15246467585 3
13846155522 3
13644547025 3
13946425274 3
15204544845 3
15845408374 3
15246467318 3
15164516573 3
13734545614 3
15214669813 3
15214668182 3
15214668185 3
15845454108 3
13846153484 3
15946552250 3
15246465033 3
15214665696 3
15846998102 3
13945484215 3
15045410804 3
13846140653 3
13846184899 3
15214666811 3
13704548236 3
15046467721 3
13704865590 3
15164515626 3
15946554524 3
15214664110 3
13603691105 3
15046496334 3
13604865271 3
13846174204 3
15246463159 3
15145454854 3
13836643044 3
15214665598 3
13512664531 3
15246467155 3
13946444094 3
15164513994 3
15845407762 3
13846175724 3
15214669864 3
15046468393 3
15046461789 3
13845412144 3
15214669934 3
13674544645 3
15246479456 3
13644543478 3
15214669664 3
13836607280 3
15246469168 3
15246466112 3
15245489335 3
13836666169 3
15046468612 3
13512663852 3
15214665896 3
13512663853 3
15945402729 3
15245454414 3
15204547946 3
15204547948 3
13846140471 3
15246494520 3
15204541177 3
13846194594 3
13845470274 3
13846173316 3
15214662528 3
13946425978 3
15946553424 3
13946423005 3
13624548631 3
15246463780 3
13945477614 3
15804548036 3
13664544825 3
13604868676 3
15246465141 3
15214664713 3
13664545254 3
13512676029 3
15246468488 3
13734540871 3
18845404916 3
15246462101 3
13614691819 3
15164514633 3
15246494498 3
13674544842 3
15845458705 3
13674549923 3
13734541255 3
13512673783 3
15946559931 3
15946559932 3
15245487714 3
13624541323 3
15246472083 3
15046467734 3
15204544574 3
15845402783 3
18249263211 3
13684543626 3
15845408272 3
13664545980 3
15946564822 3
15214667006 3
13624540548 3
15804540134 3
13614693280 3
13512680732 3
15804546381 3
15246464918 3
15246494548 3
13946422697 3
15246464724 3
13846192458 3
15246462090 3
13946403255 3
15846991255 3
15246464857 3
13512645211 3
13614693244 3
13845403522 3
15246468662 3
13684540747 3
15214669626 3
15214669692 3
15214669693 3
15946564455 3
13664545015 3
15246494429 3
13904544794 3
15945887722 3
15246465378 3
13512694963 3
15246461918 3
13644545159 3
13846175753 3
15145451254 3
13836647838 3
15214666165 3
15845406334 3
15045414333 3
15214663187 3
13945477282 3
13512646964 3
15246475277 3
13845418502 3
13604546237 3
13644544005 3
15164517986 3
15246476181 3
13624541256 3
15164513024 3
13512671644 3
13945480040 3
18245458421 3
15946557694 3
15164510168 3
15246465306 3
15246481699 3
13512644944 3
15246487668 3
13684540993 3
13846175924 3
15164519701 3
15804541944 3
13604541764 3
13946451164 3
15214669851 3
15245455502 3
15945889951 3
13945456449 3
13945466068 3
15214666220 3
13512668954 3
15246487664 3
13704869733 3
13704541833 3
15246473864 3
15946567608 3
15214666465 3
15214663284 3
13846198007 3
15145458393 3
13512671511 3
15845407743 3
15946565864 3
15145458230 3
13614696124 3
13946403414 3
13555590287 3
13903688083 3
15245481053 3
15145490910 3
13796352881 3
15214667115 3
15204543942 3
13945469018 3
13945454783 3
13604541669 3
13624549043 3
13555583524 3
15145458396 3
13836609856 3
15045400376 3
15214667864 3
13946425834 3
15145498133 3
15945884124 3
15945404374 3
13846181154 3
15214669230 3
13614692018 3
15145455245 3
13846165984 3
13836646175 3
15164515904 3
13803661058 3
15214664859 3
13704861128 3
15846993988 3
13836657805 3
13846141434 3
15214669654 3
13946420199 3
13904548279 3
13836645244 3
15046497324 3
15245481671 3
13846183694 3
15045414139 3
13946472115 3
13624543464 3
13664549516 3
13946457674 3
13904548700 3
13604547301 3
13946456587 3
18324543925 3
15214669504 3
13803667394 3
15246466639 3
15804540112 3
13704860016 3
13512666852 3
13836659515 3
15246473107 3
15246464824 3
15214665638 3
13555593273 3
15246464723 3
15046463121 3
13946441714 3
15214665673 3
15246494511 3
13704867454 3
15945887194 3
13946402877 3
13845458240 3
13846146524 3
13946471204 3
15145496160 3
13624544806 3
15164513084 3
13846156004 3
13836653703 3
15046494899 3
15145497336 3
15145492659 3
13846141172 3
13604866303 3
15214665568 3
15246463885 3
13945460699 3
15214664080 3
13644684900 3
15145495657 3
15845404694 3
15846994638 3
13644549837 3
13945460114 3
13504696014 3
13945470304 3
13945470434 3
15164511034 3
15846992354 3
15845402833 3
15214661543 3
13796355127 3
13945474964 3
13504544961 3
13664545774 3
15164510884 3
13945475664 3
13945475684 3
15246467512 3
13945498014 3
13644543957 3
15945883984 3
15946552246 3
15246468587 3
13624549425 3
13946404174 3
15164516555 3
13836609574 3
13704869638 3
13846132824 3
13945499440 3
13903688219 3
15145496244 3
15246464385 3
15246468230 3
13845457553 3
13946406694 3
13624543856 3
13846152062 3
13945464851 3
15145496771 3
15214662736 3
15164513468 3
15945881503 3
13846165079 3
13945460538 3
13846195384 3
13836601481 3
15945401324 3
13512681551 3
13624540493 3
13603698782 3
13684546716 3
15046499558 3
13664541014 3
13803656126 3
13512645735 3
15145452957 3
13945457556 3
13504696241 3
15804544738 3
13945479786 3
13836647381 3
13704545997 3
13624544879 3
13945460419 3
13512649059 3
13845474080 3
13846133424 3
13512667622 3
13664543480 3
15804545607 3
13664546784 3
13945469884 3
13846157156 3
13504543676 3
13846142758 3
13945475394 3
15246496555 3
13836651220 3
15214667215 3
15214667162 3
13512646986 3
15946566195 3
15214667622 3
15845457803 3
15945402794 3
15904544699 3
13945460124 3
15246494564 3
13946427097 3
13945481574 3
15214667861 3
15214667924 3
15145490044 3
15214667927 3
15214667930 3
15046466722 3
13614697522 3
15246494386 3
15245487677 3
13604867151 3
15214667854 3
15945886726 3
13614695229 3
13504697844 3
13512647598 3
13836651538 3
13803665722 3
15245487300 3
13644548779 3
15204546989 3
15246494534 3
15246493488 3
13904549364 3
13845412004 3
13603699620 3
13846188473 3
13846130310 3
15246493688 3
13904542026 3
13946471839 3
13504696401 3
13624549327 3
15214664788 3
15904545237 3
13836666179 3
13845454148 3
13846188551 3
13945487240 3
15214662758 3
13555582297 3
15214667980 3
15246494380 3
15214665959 3
13845453467 3
15214663714 3
15904548102 3
15046461798 3
13846159652 3
15946568360 3
15045414464 3
15846991330 3
15945404324 3
15845454554 3
13555588284 3
13904548265 3
13555591554 3
15214668827 3
13836654655 3
15045414598 3
13836609210 3
13803668803 3
13846195654 3
15145458018 3
13846196654 3
15045410770 3
15045409298 3
15045405003 3
13644549761 3
13836602836 3
13836605717 3
15246487605 3
13945454969 3
13846193614 3
13945454119 3
15845456857 3
13836644844 3
13846142341 3
13634540106 3
13945451931 3
13603695727 3
15246466598 3
13604865756 3
13945463761 3
13555590089 3
15904545946 3
15904545503 3
13555595113 3
15045417670 3
13555587322 3
15214665288 3
13846135935 3
13604542818 3
15945887056 3
15214661796 3
13945455405 3
13512671719 3
13846173115 3
13603698085 3
13946447687 3
15246494357 3
13845405038 3
15214663992 3
13664547784 3
13945469950 3
15214660634 3
13512681774 3
13644546403 3
13845419160 3
15214664121 3
13644546523 3
13796355545 3
13846185224 3
15046467567 3
13803664157 3
13836641971 3
15246479693 3
15246465657 3
13803664935 3
13803662260 3
13555598947 3
13846133329 3
13846183987 3
15214668027 3
13555599213 3
13836601024 3
13846161180 3
15045410203 3
15246464963 3
13684546359 3
13604545512 3
13946450874 3
13946427942 3
13846160835 3
13734547793 3
13803664930 3
13846182292 3
15214669226 3
15246465308 3
15214660557 3
15946562400 3
15246491234 3
13904545490 3
13644544386 3
13796355094 3
13803664380 3
13846175580 3
13846133317 3
13674544929 3
15204541408 3
15246486309 3
13845452509 3
15804547116 3
15246465688 3
13512683313 3
13945489225 3
13555594226 3
13836615525 3
13845475859 3
13846170594 3
15214667650 3
13836645751 3
15245488803 3
15045408990 3
13845452729 3
13836615884 3
13845403102 3
13846141814 3
13704860856 3
13512689707 3
15164513668 3
13846131581 3
15164519694 3
13945453173 3
13846167199 3
15246467987 3
13614697278 3
15246486326 3
15214667858 3
13664543152 3
13846172314 3
13604547703 3
13845459685 3
13664547804 3
13504541454 3
13604865569 3
13836654010 3
13946407624 3
13512662282 3
13845455676 3
13555582861 3
15145489859 3
15246464783 3
13684545053 3
15046465989 3
13845474519 3
15145499639 3
15246469968 3
13684546512 3
15145493686 3
13946456323 3
13644549624 3
15245452924 3
13946408094 3
15145454814 3
15845452042 3
13604545297 3
15246463774 3
13555593954 3
15245455864 3
15045404122 3
13846172024 3
13946451513 3
13634547544 3
13846134486 3
15145455217 3
15145459775 3
13945455013 3
13512689834 3
13796357183 3
15045411355 3
13555591412 3
13846181457 3
13845454490 3
13644541160 3
13945499128 3
13846176784 3
13512669634 3
15045418931 3
13946454930 3
13555591132 3
13803652915 3
15804545171 3
15214667422 3
13664545210 3
13836650466 3
13846142423 3
13846197912 3
15045401230 3
13555591076 3
13704542056 3
13946458045 3
13684542511 3
15204544710 3
15214666986 3
15164518623 3
13614541915 3
13634546344 3
13644541913 3
13846152294 3
13684549409 3
13946474992 3
13846193108 3
13846182144 3
13945478214 3
13945465964 3
15246469285 3
13945498290 3
13836660105 3
15145455992 3
13555593005 3
13836669291 3
15946567134 3
15946565154 3
13555591593 3
13845413616 3
13803664734 3
13945460347 3
13846136703 3
13684544636 3
13946455754 3
13684543695 3
15164512799 3
13946440164 3
13836602391 3
13846169658 3
13946420504 3
15214663834 3
13845413033 3
13512674359 3
15145491665 3
15204540060 3
15164514404 3
15246466703 3
15045415147 3
13555594491 3
13845479279 3
15145455459 3
13845459857 3
13803650785 3
13704541137 3
15246468867 3
15046468892 3
15214661724 3
15045415564 3
13734547014 3
13903681518 3
15164518879 3
13846170544 3
13614692508 3
13836609325 3
13836667117 3
13846192324 3
13624548238 3
13604540768 3
13946400298 3
13555580311 3
15214668871 3
15214668872 3
15946559098 3
15946555251 3
15945885919 3
15946551189 3
15946551160 3
15945885939 3
15946550885 3
15946550809 3
15246466757 3
13644543353 3
13946408285 3
15214668387 3
13846183277 3
13846182965 3
15845453578 3
15846990912 3
15245488042 3
13555584952 3
13846160974 3
15164515295 3
15246475872 3
15246478075 3
13512688582 3
15164513201 3
13512648565 3
15846993751 3
15145457491 3
15046492595 3
15246464198 3
13846165885 3
15246468464 3
13945461469 3
13512645408 3
15204547010 3
13946428720 3
13845450420 3
15045415642 3
13846184972 3
13846184973 3
15214661154 3
15204544861 3
15846993400 3
15214667917 3
13845416451 3
13946455507 3
13946420689 3
13512676745 3
15946551237 3
15204544587 3
15214668760 3
13836666329 3
15214660023 3
15145497809 3
13614691637 3
13614698547 3
15214668763 3
15846994724 3
15214660629 3
13846179029 3
13845403451 3
13836603408 3
13644549416 3
13644544647 3
13836645197 3
13684541696 3
15246467380 3
15246467381 3
13846187175 3
13512674188 3
15246466578 3
15045417567 3
15214578888 3
15214660800 3
13634540961 3
13946452831 3
13946406814 3
15214661933 3
13846165254 3
13644684642 3
15164513324 3
13846162672 3
15204547015 3
13555591467 3
13604541622 3
13512681533 3
13504546031 3
13504546130 3
13555594554 3
15214669932 3
15214669949 3
13945484513 3
15946558158 3
13845470369 3
13845470439 3
13845413681 3
13504541117 3
15946563003 3
13945485426 3
13845475163 3
13946405278 3
13734540877 3
15846999622 3
15214663036 3
15214663038 3
13603691901 3
15845454648 3
13604546870 3
13512661934 3
15946554645 3
13846165420 3
13946451516 3
13512672843 3
13846175814 3
13555586498 3
15214662845 3
15946561213 3
13846198434 3
13846143003 3
13614698516 3
13845400225 3
15145492687 3
15246491143 3
15946562969 3
15246494804 3
15246494818 3
15246494704 3
15045418128 3
15846991151 3
15214661798 3
15045415671 3
13945470931 3
13845451844 3
15904548883 3
13624545375 3
13512680390 3
13664541075 3
13664541097 3
13614693972 3
13644549995 3
15845456204 3
13845454044 3
15904546564 3
13604864226 3
13504542178 3
13946420587 3
13604864121 3
13684542864 3
15214665216 3
15045402128 3
15804546374 3
13803669278 3
15804546354 3
13684549369 3
15045403096 3
13604863693 3
13604865383 3
13704542357 3
15214662739 3
15946563088 3
15214660817 3
13836643379 3
13845411294 3
13836668473 3
15845406054 3
13845404960 3
13634544312 3
13845475730 3
13704860964 3
13836646174 3
13846140430 3
15246468768 3
15214667255 3
13644545451 3
15846997901 3
15164511604 3
13946406817 3
13704546293 3
15945886840 3
15164516059 3
13846180694 3
15204547003 3
15845457063 3
15845457145 3
15246466647 3
13846185434 3
13846176834 3
15145451424 3
13946454968 3
13512698918 3
13555588674 3
13836644452 3
15845451869 3
15214665966 3
15845455439 3
15845458918 3
15845455887 3
15845458587 3
15214663344 3
15246461933 3
13846173515 3
15246460127 3
13644684342 3
15246466376 3
13836663580 3
13845450745 3
13614699913 3
13634545254 3
15845408485 3
15214667003 3
15246487824 3
13512673647 3
15204540601 3
13946404080 3
13796355398 3
13603696194 3
13624547554 3
15204541191 3
13945462784 3
15164514055 3
13945474674 3
15246464265 3
15214666735 3
13846145230 3
15046492880 3
13846139019 3
15246482998 3
13836654916 3
13836652354 3
13555592036 3
15214664676 3
15214665004 3
13664547824 3
13836645137 3
13704861952 3
15246468773 3
15945881583 3
15145454519 3
13945456771 3
15214667769 3
15145495070 3
15214667732 3
13845416294 3
15246486969 3
15214667727 3
15214663114 3
15214667730 3
13845474068 3
13945464854 3
15214663614 3
13634545078 3
15214664534 3
15214660758 3
13604540147 3
15204548200 3
15246494904 3
13614695065 3
13946474112 3
15845457404 3
15246487982 3
13512644847 3
13684546395 3
13836642690 3
15246476169 3
15246473045 3
15245483497 3
13796354672 3
15164514736 3
13796352218 3
15045412178 3
13945469809 3
13836667836 3
15246487070 3
15246469516 3
15246468698 3
15204540478 3
15214669378 3
13945482241 3
15946554894 3
15204545466 3
15214666017 3
15046494508 3
13512649496 3
13604544385 3
13836600376 3
15045415704 3
13846145504 3
13684540890 3
15214662104 3
15045405296 3
13846167959 3
15214662846 3
15245484574 3
13512664254 3
13644548864 3
15204543865 3
13704545659 3
13945455797 3
15246469189 3
13555590167 3
13946453583 3
13512647605 3
13512647615 3
15145488053 3
15845404439 3
13846141004 3
15214663937 3
15164519851 3
13945481193 3
15945886605 3
13846157644 3
13704543820 3
13512676224 3
15246463166 3
15246493177 3
13504549163 3
13846181244 3
15846991926 3
13614692996 3
15245452678 3
13512678309 3
15904543900 3
15246485805 3
13846172154 3
15946557282 3
13946474454 3
13845416011 3
15845455544 3
13604866689 3
13845405548 3
15846992434 3
15246498631 3
15246464188 3
13945457184 3
13946405474 3
15214663935 3
13684544890 3
13664547963 3
15214661354 3
15045404376 3
15214668784 3
15845407511 3
13946457311 3
15246469804 3
13946459534 3
13945458837 3
15145457468 3
15145457467 3
15945886723 3
15945402697 3
15214667433 3
15246494242 3
13803667911 3
13845408625 3
13664549957 3
15246476878 3
15245454155 3
13555583255 3
15214668561 3
15246477686 3
13846187817 3
15046468212 3
15204546803 3
13945471799 3
13946456523 3
13946408281 3
15046466654 3
15214663361 3
15214667837 3
15046496907 3
15045400890 3
15214663804 3
13945474668 3
13845451132 3
13664542096 3
13946428316 3
15214667143 3
13704866646 3
15246467933 3
15245482886 3
15245482887 3
15246493199 3
15246493099 3
13945471838 3
13684547955 3
15246464053 3
15246466424 3
13796351159 3
15045410889 3
13836607803 3
13836664549 3
13845412908 3
15246477648 3
13684546238 3
13846187030 3
15845405621 3
13603697843 3
13555585937 3
15246492324 3
13704549896 3
13512665054 3
13845472563 3
13704544489 3
13836643764 3
13945471034 3
13846162019 3
15214668411 3
15204544354 3
15204543010 3
15214661870 3
15214664408 3
13903680769 3
13512699618 3
13945488629 3
13512680402 3
13846165768 3
13945482804 3
15204542341 3
15164513558 3
13836662512 3
15246493555 3
13684549115 3
13684543779 3
13846169459 3
13836651924 3
13803669062 3
13674544695 3
15945880764 3
15204545358 3
13512682279 3
13604865336 3
15845459661 3
13946429434 3
13836655135 3
15245485853 3
15045413781 3
15245456828 3
13845452369 3
15246494146 3
15046467803 3
13512643494 3
15046468853 3
15946555464 3
13684540702 3
15246479987 3
13603692091 3
13734544306 3
13846141854 3
15046461534 3
13846158040 3
13945463819 3
15945403654 3
15145492098 3
13704542675 3
15214663933 3
13684544497 3
13945453200 3
15946564814 3
15045401585 3
13946402564 3
15214663476 3
15904548009 3
15204544664 3
15214663164 3
13604543422 3
15204544832 3
13846184094 3
13796350875 3
15845400908 3
13946405374 3
13644546101 3
15145454900 3
15164515514 3
13846141694 3
13512641527 3
13512643431 3
13803651687 3
13945463532 3
13603696417 3
15945880964 3
15214666171 3
15246462640 3
13803668525 3
13846154205 3
13845414155 3
13512671211 3
13644544613 3
13624541034 3
13512678483 3
13512681148 3
13845408197 3
15246474552 3
13512664257 3
13555592476 3
13664549864 3
13945499957 3
13846183485 3
15214661103 3
13836661874 3
15214661105 3
13836651783 3
13846182819 3
15145488364 3
13614691520 3
15214661737 3
15214669766 3
15045406944 3
13644549326 3
13512687233 3
13845452240 3
13704545180 3
15804545127 3
15804543013 3
15045414766 3
13684542194 3
15204541242 3
13846139753 3
13624546428 3
13664544866 3
15214662816 3
13512643618 3
15046464822 3
13836640464 3
15046464084 3
13846167433 3
15945403854 3
13846194314 3
13846194324 3
15214668380 3
13512644036 3
15804540037 3
15045413365 3
15164516584 3
15246479791 3
13684543813 3
13846138289 3
15804541074 3
15846996755 3
15214664543 3
15046499296 3
13803657990 3
13836663995 3
13846137050 3
15845406387 3
15214668398 3
13614690344 3
13624547548 3
13803661829 3
13846169072 3
13624547549 3
15845450037 3
13904544282 3
13614699980 3
13945464590 3
15214663002 3
13644542084 3
13512666614 3
15214669915 3
15845452033 3
13603695384 3
15045407844 3
13836653829 3
13845473926 3
15246462018 3
13512647390 3
15214666119 3
15046499898 3
15845406454 3
15045411384 3
13614691440 3
15946566971 3
15946567075 3
15245485084 3
15946567246 3
15204546413 3
15945883408 3
15246494496 3
13803652466 3
15214667562 3
15214667513 3
15046461274 3
15246463779 3
15945883144 3
13846154094 3
15145493317 3
15214668684 3
13846155374 3
13904544718 3
13845411498 3
13555582374 3
15946554464 3
15214665227 3
13664547464 3
13803653805 3
15214665858 3
13846172627 3
13796358880 3
13903681927 3
15904544171 3
15945403171 3
15214665264 3
15945881835 3
15214662697 3
13845478559 3
15946551077 3
15246469134 3
15214668582 3
13846120028 3
15946556353 3
15904543595 3
13946440671 3
15045409762 3
13634541548 3
13846185974 3
15904545092 3
13846132834 3
15845456160 3
15204544304 3
13674544215 3
15045413813 3
13734544264 3
13836663327 3
15846998749 3
13674549404 3
15214668024 3
13846194334 3
15846994833 3
13803665941 3
13555582544 3
13796356059 3
13796356424 3
13674544254 3
13803663420 3
15214667324 3
15046490137 3
13644545446 3
13845478693 3
13945451690 3
15946562101 3
15214667398 3
13946446671 3
15046466325 3
13946429962 3
15904545155 3
15046492268 3
15164514194 3
15145495827 3
15046464078 3
15246472334 3
15246473804 3
15164512818 3
15214661124 3
15214661258 3
13614692800 3
15214669912 3
13836645441 3
13836666285 3
15164512349 3
15204545357 3
15946565014 3
13846160775 3
13846191104 3
15214668368 3
15164511966 3
13803659153 3
13903682856 3
15845454394 3
15214661167 3
13846176074 3
13904545591 3
13624543697 3
15214665834 3
15214665168 3
15214661922 3
15804542732 3
13836642654 3
15845407495 3
13946421898 3
13604542283 3
15845453921 3
13512671833 3
15045406902 3
15246462829 3
15214664347 3
13604548904 3
13803662347 3
13664545330 3
15845454915 3
13946474038 3
15246486767 3
13946425770 3
15214668434 3
15214668424 3
13803650048 3
13946454766 3
13945478172 3
13624543004 3
13704863729 3
13836652458 3
15246492864 3
15214664228 3
13704862901 3
15245480388 3
13604864130 3
13734544942 3
15946556487 3
13846136524 3
13664549511 3
13903683424 3
13734543926 3
15214662393 3
13846172500 3
15046468117 3
13512673591 3
13512679274 3
13846193205 3
13836655110 3
15214669392 3
13836609760 3
13846142448 3
13945479005 3
13684545571 3
13512689515 3
15214668588 3
13846158715 3
13604543134 3
13946428573 3
15946553877 3
15046462744 3
13634544714 3
15145495057 3
15246460183 3
15246474288 3
13624540907 3
13624547115 3
13945489559 3
15164514308 3
13846181873 3
13624540164 3
15145454687 3
13555596791 3
15145451535 3
13604542096 3
15246494711 3
15145491824 3
15246460122 3
15845409011 3
13845412434 3
15945403811 3
13845406464 3
13836646757 3
13512647383 3
13846197964 3
13504699573 3
15145494886 3
15045419670 3
13555587822 3
13846178208 3
15145451696 3
13512664828 3
13512668389 3
15945889108 3
15846990638 3
15214669488 3
15246464288 3
13512699368 3
13603698082 3
13803651881 3
13903688684 3
13803668934 3
13803652324 3
13836602918 3
13836603260 3
13945488160 3
13845419002 3
13796352706 3
13644543329 3
15246475177 3
15145497929 3
13555596769 3
13846178676 3
13684540389 3
15945882141 3
13846163755 3
13846197167 3
15245487824 3
13946472520 3
13846161132 3
13836659984 3
15904540426 3
13845450308 3
13604863173 3
13604863143 3
13945459934 3
13704862575 3
18745480866 3
18745480877 3
15145455497 3
15904545940 3
18745485041 3
13945482853 3
18745486799 3
18745485414 3
13945472758 3
18745485340 3
13512679790 3
13846173740 3
13604542629 3
18745482399 3
15204547011 3
18745497717 3
18745489565 3
18745499154 3
15845406762 3
13845409849 3
13684544403 3
13803663772 3
13845455647 3
13624546818 3
13555586146 3
15204543840 3
15045413894 3
13946420594 3
13512670722 3
15214661884 3
15164518354 3
15845454801 3
15145495361 3
15164514569 3
13704543971 3
15214664226 3
15845455390 3
18745499404 3
18745499424 3
18745489978 3
18745489896 3
13803663213 3
13555598693 3
13836665985 3
15945883303 3
13846141228 3
15145454540 3
15045418848 3
15045409119 3
13946454998 3
15214664135 3
13945499458 3
13945455718 3
13904545128 3
13614699787 3
15045400214 3
13504548474 3
13846152321 3
13555580967 3
13846142898 3
13945460441 3
13845453168 3
13504542077 3
13836600515 3
13555596722 3
18745481698 3
13845456514 3
13846132848 3
13846176619 3
18745471058 3
13504542574 3
15046463008 3
15214669877 3
18745466996 3
13845402617 3
13845402627 3
15246465653 3
13845456670 3
15904546292 3
13845418325 3
13836661662 3
18724545977 3
18724545987 3
18724545988 3
13836663726 3
13803666395 3
13945464713 3
13846139942 3
13664547364 3
13846187348 3
15214664209 3
15244782888 3
13846139461 3
15214668396 3
13946429331 3
15945887922 3
13846192913 3
15845457833 3
15214668856 3
15946569805 3
13704545564 3
15246487714 3
15246487724 3
15846998760 3
13846173309 3
13684547990 3
15246460076 3
13846165774 3
13846165400 3
13846155634 3
15145489093 3
13704860554 3
13946471624 3
18745482811 3
18745482757 3
18745481806 3
18745481807 3
15246476173 3
13846184744 3
18745498318 3
15945882774 3
15046465639 3
15045414601 3
13644684985 3
13945464273 3
13634543246 3
18745492219 3
18745485430 3
13946401364 3
13845473869 3
13845407522 3
13603694742 3
13836667668 3
13603694743 3
15945880492 3
15845405823 3
13504699129 3
15246471057 3
18745497515 3
15845456478 3
13846165583 3
13846145510 3
18745482285 3
15204540605 3
18745488274 3
15204544522 3
18745491518 3
15145499947 3
13836615467 3
18745497022 3
15904540442 3
15145495258 3
15214668048 3
13846163133 3
18745495866 3
15846993820 3
13946473964 3
18745481500 3
15846996021 3
13946455477 3
18745497095 3
18745484995 3
18745497413 3
15145495340 3
15164513026 3
15164513027 3
15204544247 3
13512644732 3
13704540421 3
18745490092 3
13684544544 3
18745497481 3
18745497044 3
18745497482 3
15946560544 3
18745483042 3
15904545144 3
15904543144 3
15804544944 3
13604544904 3
15145455758 3
13512686970 3
13845415044 3
13614691305 3
13845419054 3
13624545804 3
13904545844 3
18745497848 3
18745497962 3
15204544093 3
15204544193 3
15046494036 3
13836652374 3
18745492445 3
18745492636 3
18745491186 3
15045410786 3
18745492843 3
18745496686 3
18745488416 3
18745491126 3
13945480217 3
13903683028 3
13945483420 3
13945482613 3
13946441375 3
13846134935 3
18745491995 3
13946423244 3
13946428492 3
18745488312 3
18745483280 3
13846179412 3
13846175391 3
18745488755 3
15245458177 3
13946422144 3
18745492817 3
18745492750 3
18745495782 3
18745495765 3
15246491919 3
15045409897 3
15145455988 3
18745488303 3
18745494699 3
13624546897 3
15246463758 3
13946404140 3
18745489501 3
18745489502 3
18745495736 3
15145459158 3
18745489797 3
13734549295 3
15164512988 3
13846130360 3
13504545158 3
13644543871 3
18745499252 3
13846164472 3
13945459754 3
15845454096 3
15214665749 3
13504543478 3
13504541037 3
13603693354 3
13845459211 3
15945883379 3
13504546770 3
15845404501 3
13555593785 3
13846165478 3
13704543132 3
13946440019 3
13836667320 3
15046493846 3
13803664886 3
13555587252 3
13555587140 3
15164513412 3
13846160952 3
13504543532 3
13945484622 3
15904547323 3
13836603811 3
18745484611 3
13845408835 3
15946556764 3
15145455848 3
13836656947 3
18745495568 3
13644540313 3
13946455956 3
18745481691 3
13946421733 3
15245489814 3
13836605900 3
13512661716 3
18745482276 3
13846138411 3
13945455532 3
18745485755 3
18745499855 3
13903685969 3
13945461437 3
18745491468 3
15904549649 3
13555598416 3
18745491619 3
13846176107 3
13512684669 3
13734542598 3
13803656386 3
13674549854 3
15246471333 3
13664541578 3
13845411737 3
15246462561 3
13803666494 3
15214662818 3
15804542627 3
13504540457 3
13664545534 3
13845455572 3
15904544714 3
13512676524 3
15846990116 3
15214668865 3
13846185564 3
13796356334 3
13836663642 3
13846184897 3
15804542983 3
15246462518 3
13803653304 3
15164511765 3
15145458804 3
15246468100 3
13614695087 3
13846188839 3
13836664322 3
18745497877 3
13603694708 3
15946552134 3
13512643770 3
15204542242 3
15946561855 3
15946562736 3
13946420089 3
13803664167 3
13846151175 3
13704541907 3
13836604356 3
15046493932 3
13845452667 3
13846180361 3
13845457919 3
13803659004 3
15904546023 3
13512663227 3
13845414495 3
13803658429 3
15945883924 3
13846188747 3
13512675987 3
13803667014 3
13664543457 3
13512667140 3
13664544650 3
18745494799 3
18745494788 3
18745486182 3
13946459224 3
15246470169 3
18745498729 3
15946553771 3
13903686106 3
13512688531 3
15845457043 3
13836668590 3
13512664169 3
13512664876 3
13846175987 3
13512645951 3
15846996473 3
13946472274 3
18745488762 3
18745470567 3
13836609802 3
15145454733 3
13512646991 3
18745486160 3
18745496796 3
18745495585 3
13946404811 3
18745493554 3
13836609502 3
18724227447 3
18745468403 3
15046467520 3
15046469171 3
15904547181 3
18245489455 3
18245489355 3
15845455853 3
15045419574 3
15045419564 3
13512667460 3
15204549731 3
18245489221 3
18245476528 3
13903680402 3
15246493111 3
15804548892 3
15046461785 3
13734543727 3
13846142743 3
15046498823 3
13836664744 3
13846159690 3
13604864832 3
13945472182 3
13512675006 3
13836651060 3
13945477451 3
15246464871 3
13846183287 3
13845471259 3
15245483110 3
13604865102 3
13945460861 3
15045400173 3
13664543039 3
13512683357 3
15204540979 3
13845474253 3
15804540350 3
15945400920 3
13846191369 3
13512680465 3
18745484394 3
13664542932 3
13946442591 3
15046490609 3
13846198270 3
13512664525 3
13845451368 3
13836662591 3
15145487079 3
18745492254 3
15145457379 3
13836664287 3
13504544437 3
13504544490 3
13604541931 3
13946444087 3
18745499705 3
13946405554 3
13846183545 3
13945480106 3
13945498991 3
13555594391 3
15945880252 3
13734541419 3
13836653249 3
18745483860 3
13946441768 3
18745482302 3
18745499386 3
18745489654 3
13512681220 3
13604863089 3
13512669479 3
13512678771 3
15204545314 3
13946401496 3
13846169213 3
15845459168 3
15845409958 3
13845453449 3
18745489633 3
15845400708 3
13845411318 3
15046490065 3
13845413358 3
13512672679 3
13846132813 3
13946402089 3
15245483158 3
13604868958 3
18745491787 3
13704543858 3
13903688028 3
13796357611 3
13836661016 3
13946447210 3
13836667019 3
13704864754 3
13704863814 3
13664547742 3
13512673409 3
15204547040 3
15214667765 3
13946407124 3
13946409876 3
13846145076 3
15904545822 3
15846995135 3
13946426946 3
15804545532 3
18745491681 3
13836642440 3
13512670901 3
13512670906 3
13845417346 3
18745497337 3
15946556818 3
15204540582 3
15046490739 3
13945482709 3
15214662500 3
15145454169 3
13946420667 3
13846182122 3
18745495880 3
13845475548 3
13945480846 3
13836645286 3
15845405990 3
15845451725 3
15946552101 3
18745499487 3
18745494404 3
15246491567 3
18745494833 3
15845454541 3
15164516012 3
18745499286 3
18745483048 3
15204548776 3
13945480499 3
13945465399 3
15845453367 3
15204541722 3
13836665720 3
13555584760 3
15846991655 3
13803650765 3
13555592657 3
13555592959 3
15246478859 3
13504548892 3
13504549039 3
13604868960 3
13945459094 3
13634540677 3
15164517081 3
13512645687 3
13845450229 3
13555589377 3
13504540244 3
13946494744 3
13504540144 3
13836641344 3
13836661844 3
13836604244 3
13512643769 3
13836640944 3
15046498846 3
13945483644 3
13836640244 3
13946454244 3
18745498072 3
13504542544 3
13845471544 3
13504542744 3
13504541644 3
18745483435 3
18745498176 3
13903689684 3
18745498587 3
15945882390 3
15046499662 3
13704860933 3
15904541035 3
13836641969 3
13846134118 3
13836660641 3
18745486780 3
13846134341 3
13846135808 3
13846135896 3
15946552446 3
13803658970 3
15164514557 3
13846161738 3
15245489500 3
13946447757 3
15164512790 3
13903681825 3
13945478186 3
13846164619 3
13504546493 3
13604866139 3
18745482827 3
13555595580 3
13704541712 3
13945467747 3
13555583380 3
15246475672 3
15246475627 3
13846170783 3
13604868842 3
18745499752 3
13512698875 3
15214665367 3
15204543496 3
15214669100 3
15845403267 3
13903685225 3
18745496711 3
15845459004 3
15046496070 3
13945450910 3
15204540545 3
13504545109 3
13836606305 3
13946471694 3
18745498140 3
13903684203 3
13836650210 3
13603695025 3
15164516505 3
13946440457 3
13846191810 3
15246464739 3
15204545640 3
13836653991 3
18745488964 3
13846198749 3
13945450847 3
15246469702 3
13945472051 3
13796353605 3
15845407018 3
18745491002 3
15204544279 3
13846199459 3
15904545459 3
15204544282 3
13846198018 3
13555594518 3
13512660100 3
18745486889 3
13836607689 3
13903687857 3
13846177262 3
13836607573 3
13836657687 3
15246467386 3
15904545916 3
15904547332 3
13845457753 3
13603698518 3
13504697997 3
13903682577 3
18745491128 3
15145497948 3
15204543106 3
13846133437 3
13945489597 3
18745470799 3
15845405400 3
13846134580 3
15164519488 3
15204543553 3
13634541531 3
13624549977 3
18745494119 3
13945471055 3
15145499494 3
13604867262 3
13846189923 3
18745484533 3
13704860618 3
18745491841 3
13845453049 3
18745485208 3
15245456186 3
13846171633 3
13803657527 3
13504546795 3
13803657632 3
15845404735 3
13946406976 3
13803666455 3
13803667702 3
18745487038 3
18745485952 3
13634541142 3
13555595746 3
13845475541 3
15214665336 3
15045419516 3
15246472797 3
13555589285 3
13803666482 3
15045406213 3
15045406450 3
13903683947 3
13836665572 3
13836644061 3
13945478565 3
13624547258 3
13846179616 3
13603699665 3
13846184665 3
15945886112 3
15046490851 3
15904547592 3
13803654098 3
13946424628 3
15145450453 3
15214668847 3
13555587581 3
13946424077 3
15845400706 3
13504542083 3
15846999385 3
13704868339 3
15046496243 3
13803651976 3
13946401935 3
18745491279 3
13555591680 3
13904544023 3
13946449957 3
13555586284 3
15246492832 3
13555580389 3
15804546768 3
13684548817 3
18745484563 3
18745495859 3
13512680981 3
15245456046 3
13512646156 3
13664540164 3
13846180482 3
13555597387 3
15945887448 3
15164513361 3
13704542196 3
18745494674 3
13603695610 3
13946423048 3
18745470966 3
15946567916 3
18745498688 3
13512663610 3
13704545200 3
13512670785 3
15045402851 3
15046467991 3
15946567795 3
15246471958 3
13836666561 3
15164519006 3
13512646775 3
13704549597 3
13504699334 3
13836653864 3
15046493771 3
13946420030 3
13836662452 3
13845419261 3
15045414439 3
15145452983 3
13846160855 3
13836604509 3
13845419520 3
13512672114 3
13555596393 3
15845450836 3
18745493558 3
15946552819 3
13512666094 3
15245484850 3
15804540070 3
13945499616 3
13946473519 3
15145491170 3
15214667341 3
13846165096 3
13704546548 3
13845411686 3
13512649930 3
13512681483 3
13555580687 3
13846178985 3
13945482259 3
13512648563 3
13704549771 3
13845451883 3
15904547398 3
13512643364 3
13946402185 3
13836644574 3
18745486167 3
13555592930 3
13555595380 3
15204543979 3
18745470466 3
13946424707 3
18745470633 3
13845451332 3
13945489985 3
15804540972 3
13555599022 3
13946428988 3
15804547155 3
13803667551 3
15246473645 3
13846195759 3
15214665094 3
18745486022 3
15246461016 3
15846994596 3
13903685772 3
13504546161 3
13846181389 3
13845470126 3
15946569300 3
15145494198 3
13604541267 3
15845405685 3
18745490384 3
13946400407 3
13846133457 3
13555594172 3
13846137818 3
13845412529 3
13846194654 3
18745490979 3
13604542324 3
15204547446 3
13836606548 3
13644547016 3
13644547113 3
13504547023 3
13704546232 3
13845457247 3
13603696859 3
15046495543 3
15045407203 3
13836659040 3
15045401313 3
18745485166 3
13512673715 3
13845406270 3
13684542624 3
13945453539 3
13803658942 3
18745493245 3
13512675488 3
13836657587 3
13704862732 3
13555599361 3
15846996058 3
15904546470 3
15045408240 3
15946567747 3
13644542401 3
13904547923 3
13555587585 3
15804544724 3
15845406441 3
18745485128 3
13512687182 3
15845409623 3
13836647545 3
15204546201 3
18745496745 3
13512666467 3
13846132283 3
13836655427 3
13603691294 3
13512666033 3
18745486639 3
15845407970 3
13946472426 3
15246464083 3
13945467675 3
13555586187 3
13846153526 3
13846181860 3
13555586613 3
13836600784 3
18745470080 3
13704543694 3
13512673595 3
13836602839 3
15904549533 3
15945400277 3
15045405454 3
13845476010 3
13512649645 3
13845409129 3
13512667906 3
13796352658 3
13846185053 3
15804546032 3
13946405167 3
15846995048 3
15214664895 3
15945880534 3
13555584954 3
18745481218 3
15904548268 3
15904548630 3
13512699790 3
15245480730 3
13836649434 3
18745489015 3
15946559830 3
13946449990 3
13946449991 3
13845411640 3
15845404210 3
15164514509 3
18745481457 3
13846154959 3
15246469402 3
15204549946 3
15204549949 3
13664549397 3
15845404539 3
15945888876 3
13555583447 3
15904541415 3
13634545499 3
13945484510 3
13945478423 3
15945404038 3
13836648213 3
18745483481 3
18745499792 3
15046460084 3
18745498869 3
13845401995 3
15204540847 3
13512665459 3
13803665572 3
13836642992 3
15946557350 3
13836615298 3
13603691967 3
15245484947 3
18745491432 3
18745493343 3
13846138132 3
13845455243 3
18745482672 3
15946555762 3
15046490466 3
15046490996 3
13704540557 3
13734542779 3
18745499240 3
18745499247 3
15164516571 3
15946555842 3
15846992350 3
18745499475 3
15946566176 3
15164517781 3
13945463370 3
15204548220 3
13704864728 3
13903685895 3
15904543556 3
15846999218 3
13845417848 3
15246483266 3
13664546332 3
13614541595 3
13946458526 3
15946559960 3
15145490149 3
15046491649 3
15145490741 3
13845455063 3
15246463471 3
15046491853 3
18745494973 3
13836607486 3
15204546116 3
15204546900 3
15845455808 3
15214661469 3
15214662607 3
15214662608 3
13624543620 3
15904546604 3
13512698514 3
13846171327 3
13512647154 3
13512682984 3
13512648934 3
18745470123 3
13614692466 3
13846182481 3
18745480786 3
13512678150 3
13945496011 3
13512678634 3
13603695343 3
15246466372 3
18745495994 3
18745484233 3
13555581021 3
13603691614 3
13512682609 3
13796350035 3
15045419916 3
13614692766 3
13614695766 3
13836652390 3
13946440758 3
13664546910 3
13836602643 3
13846147496 3
15804542769 3
13512674324 3
13796351483 3
15904545150 3
13836662551 3
15904543885 3
13796351966 3
15845405837 3
13604543522 3
13846152641 3
13603695524 3
13946420296 3
13846132404 3
18745499745 3
13664546126 3
15045416207 3
13603696936 3
15904543431 3
15946553077 3
15945401466 3
13684542533 3
13684542433 3
13644540375 3
15145451368 3
13614699686 3
15145491457 3
15145455926 3
15204547340 3
15145454832 3
13614699169 3
13904544621 3
15945885202 3
15164512597 3
13846179066 3
13946444324 3
13846192582 3
13614699109 3
15145454818 3
13846155753 3
13836665276 3
15245483266 3
15145494589 3
15246471698 3
15246464894 3
15145496352 3
15046490649 3
13836605062 3
13836653693 3
13836653929 3
13704541359 3
13734542811 3
15845455452 3
15904541559 3
13846186421 3
13796351459 3
15845407148 3
15246478334 3
13836653739 3
13604547531 3
15145459657 3
15046498272 3
13836609084 3
15946563882 3
13704543618 3
13945485365 3
13803664211 3
15145459986 3
13846197040 3
13512677617 3
18745480917 3
18745480919 3
15846993566 3
13846170545 3
18745484882 3
13604864022 3
18745476006 3
18745476233 3
18745476077 3
18745476141 3
13603699712 3
15204548212 3
13803661924 3
15246465847 3
15945881409 3
15804542509 3
15145491182 3
15245487980 3
13555590818 3
15145451475 3
15945889539 3
13903689901 3
13603698792 3
18745476009 3
15204545734 3
13734545010 3
13846197300 3
15904545415 3
18745498469 3
13614699095 3
15245487054 3
13555597082 3
13604866672 3
13946407563 3
13664548255 3
13644547837 3
13836646059 3
13614699107 3
13845407649 3
13836664528 3
13946400592 3
13945450965 3
15846999154 3
15845458653 3
13836647010 3
13846159295 3
13512681951 3
13512646459 3
15845458936 3
13946407095 3
13512647834 3
13644548654 3
13512677634 3
13796351446 3
13836602035 3
13803668527 3
13684547548 3
15046496606 3
15846996771 3
15946555304 3
13512666539 3
18745472499 3
13734540199 3
15045408591 3
13845407602 3
13845416907 3
15845405245 3
13704549757 3
13846194380 3
13512680143 3
13704862507 3
13846176750 3
13836640820 3
15246478182 3
15845458157 3
15946569847 3
13604541129 3
15246476342 3
15946568985 3
15946568905 3
18745495633 3
18745494846 3
13803650768 3
18745471556 3
18745484146 3
15946568937 3
15946568927 3
13946445609 3
13846190528 3
18745493247 3
18745470334 3
15246481811 3
13512682315 3
15804547990 3
18745498562 3
13603695280 3
13603694761 3
13836655014 3
13836608164 3
13555597319 3
15145491212 3
18745493400 3
15845406357 3
18745470678 3
15204546595 3
13836609698 3
15845406374 3
13604549441 3
15045409620 3
13704864778 3
13846164093 3
13845410478 3
13846135002 3
13603695129 3
13555591875 3
13945453466 3
15246491107 3
15904546007 3
13945472230 3
13512671569 3
15045413579 3
13604543691 3
15845407749 3
13803661617 3
13846170529 3
13836609488 3
15046460581 3
15845405232 3
18745470908 3
13704544434 3
13803655803 3
15046467657 3
13846143226 3
15204549522 3
15045412922 3
13846171625 3
13604544911 3
15846991982 3
13836666564 3
15045407256 3
13704542209 3
13946442493 3
13846166364 3
13846177266 3
13946405586 3
13903682271 3
15246462815 3
13945483314 3
13614693711 3
13846166159 3
18745498259 3
13836600274 3
18745485265 3
13614696064 3
15846990229 3
18745450266 3
13945489732 3
13845416139 3
15246466294 3
18249825450 3
15046466278 3
15145496746 3
15904546576 3
18745470085 3
13846189649 3
15945887389 3
15846995383 3
15164516032 3
13946440376 3
13846186339 3
15204549680 3
15945885401 3
15145459764 3
13946447173 3
13946447175 3
13846170945 3
18745480177 3
18745480187 3
13803656426 3
18745480168 3
18745480118 3
18745480158 3
13946453434 3
18245468680 3
13945479483 3
13846173209 3
15845408863 3
13946401251 3
13845403648 3
13945486110 3
13945456373 3
15204543145 3
15204547447 3
15846998640 3
15846996671 3
13512647994 3
15046492180 3
13845406620 3
13603696386 3
13803656189 3
13664545155 3
13836649283 3
13603697368 3
13604546970 3
15845406705 3
13836607451 3
13836646290 3
13836646327 3
13945463841 3
13946441838 3
15904545809 3
15945880590 3
15845450890 3
13846165649 3
13846153127 3
15945882389 3
15945401625 3
15046496337 3
13946449787 3
13512677197 3
13512677226 3
13555599076 3
13512687713 3
13846180616 3
18745492915 3
13624546583 3
13803657785 3
13946474228 3
13836646507 3
18745483093 3
13836666684 3
13845456176 3
18745476620 3
18745491772 3
13704546278 3
13704546808 3
15164511846 3
15246499059 3
13512671886 3
13664549923 3
13846160942 3
13512666515 3
15214669942 3
13684541240 3
13512698517 3
18745495886 3
15946563094 3
13604548500 3
13904547893 3
18745470089 3
15046463479 3
13603692800 3
13836669396 3
13803650636 3
15214669943 3
15145490649 3
13836658825 3
13903688802 3
13946400838 3
15164517810 3
15845451528 3
13555593397 3
13512665007 3
13504540767 3
13836648418 3
13512643339 3
13504541792 3
13504542120 3
13704869942 3
13512648415 3
13512644510 3
15145450249 3
13512680812 3
13604540963 3
15145493279 3
18245469161 3
13946408660 3
13664542835 3
13903682747 3
15946565453 3
18745472798 3
13945460816 3
13946452576 3
15045407011 3
15045411381 3
13945474261 3
15845459587 3
13512663889 3
13846199583 3
15214664309 3
18745494020 3
13555585940 3
15046468244 3
13846133024 3
15204542864 3
18745482445 3
18745471966 3
13624546867 3
15846994547 3
18745481212 3
15145458984 3
13845418398 3
18745493756 3
13903685028 3
13945486830 3
13704863438 3
13803659089 3
13836601597 3
13845401550 3
13846174220 3
15945888776 3
18745498674 3
15246484505 3
13704861623 3
13603691398 3
13512699697 3
13734543445 3
13604545255 3
13836664832 3
13604863876 3
13836655290 3
13674549358 3
15214665417 3
15046490446 3
15204544130 3
13945473235 3
13512667551 3
13624547124 3
15164514988 3
13845453326 3
15045403760 3
18745491782 3
13845475828 3
13555597442 3
15214665353 3
13555583842 3
15245481392 3
13796351815 3
13704864322 3
13604867147 3
13512679622 3
13836664216 3
13836659357 3
15164517745 3
13603697304 3
13846171933 3
15846991464 3
13903688940 3
13555583645 3
13512647254 3
13624541736 3
13555582634 3
13846155065 3
15946567612 3
15214665683 3
13604866619 3
15045410618 3
13845406480 3
15846997824 3
15045416830 3
13846141586 3
13614693152 3
13555596492 3
13604542514 3
13604544062 3
13946447126 3
13803660315 3
13945473626 3
15214666005 3
15214666007 3
15214666009 3
13555584664 3
13845407153 3
15145489185 3
13512689900 3
15145489580 3
13846176549 3
13945464879 3
15046466108 3
15046467616 3
13945499240 3
13845471439 3
15246498604 3
15245457911 3
13512683718 3
15804546155 3
13512676090 3
13803664852 3
15045404032 3
13836646860 3
15945888201 3
15046491569 3
13512675021 3
13796356110 3
13846144931 3
13846190794 3
13634541150 3
13946420332 3
15164512992 3
13846148541 3
13945489742 3
18745494793 3
13634543031 3
13946450045 3
13555594280 3
13945488036 3
13555590712 3
13555582157 3
13614692513 3
13803653343 3
13624541864 3
13504697335 3
13803650239 3
13555598606 3
13604545043 3
13664540309 3
13836647210 3
15245486479 3
13555590243 3
13512678784 3
15245483718 3
13604545122 3
13836659249 3
13945465673 3
13836669733 3
13684546039 3
13846178819 3
13512678337 3
15804546687 3
13512668265 3
15214666012 3
15214666379 3
15214666587 3
15214666738 3
15145487923 3
13945462482 3
13846178976 3
13946407720 3
13836660797 3
13604547593 3
15046499210 3
13504546451 3
13946404125 3
13512694930 3
13845454120 3
13846193454 3
13836615493 3
13512679474 3
15246462649 3
15246465039 3
13504698280 3
13512682379 3
13836650861 3
15164516948 3
13845402609 3
13846161257 3
15214664499 3
13644542405 3
13946474761 3
13903686674 3
13512643397 3
13836650636 3
13846180794 3
13945466276 3
15204546728 3
13604542651 3
15246479918 3
18845401456 3
13803655153 3
13644684411 3
15145493285 3
13555589763 3
13512672827 3
13555594397 3
13604865970 3
13846191967 3
13946409512 3
13846192281 3
13846185121 3
13945484476 3
13803662801 3
13945481127 3
15246462523 3
13555583700 3
13512694756 3
13704548430 3
13836655351 3
13512679137 3
15046493396 3
13704866869 3
13555592412 3
13555595258 3
18745493634 3
18745474547 3
15246472868 3
15245458895 3
18745484946 3
13555593636 3
15145454985 3
13555586349 3
15246474791 3
13684548518 3
13903686714 3
13945453128 3
13946422074 3
13704545517 3
13845478710 3
13644543614 3
13634544301 3
15245482670 3
13836602191 3
15204547350 3
13946402938 3
13945460504 3
13846187087 3
13903685807 3
13803667797 3
13803663414 3
13846178753 3
13555599133 3
13846137615 3
13614544335 3
13555591293 3
13845418248 3
15245487344 3
13555591315 3
13644546852 3
13803659801 3
13803665284 3
18845490550 3
13803653324 3
15804543597 3
13846132213 3
13945453369 3
13845477867 3
13504697554 3
13945482856 3
15946557064 3
13845401539 3
13945466815 3
13846173084 3
15845407094 3
13504696764 3
13846184570 3
13836607050 3
15845402868 3
13946441220 3
15245484354 3
15214668393 3
13512666873 3
15946569511 3
13846148865 3
13946448514 3
13903681786 3
13555582397 3
13803664191 3
15145498392 3
13904544628 3
13845452082 3
15214666845 3
13504546180 3
13946473094 3
13512689734 3
13946471269 3
15845452439 3
13796353773 3
13512681957 3
13845477645 3
13734542934 3
15245482177 3
15945889910 3
15846990221 3
13836667862 3
15214660517 3
13512647699 3
13512687199 3
13945485364 3
15245485040 3
13846190135 3
15246463576 3
13945453924 3
13512699244 3
15214665960 3
13946455593 3
13903683322 3
13504547422 3
13512646665 3
15246464867 3
13604864275 3
13634545728 3
13734548716 3
13846139061 3
15846990023 3
13904544174 3
15846993755 3
13946424108 3
13945473694 3
13945498371 3
13836667545 3
13512660894 3
15214669317 3
15045402820 3
13946425785 3
13945499351 3
13946426144 3
13803657895 3
13512687095 3
13946459902 3
13945499141 3
13846134270 3
13803653404 3
13846147604 3
15145495363 3
13845451750 3
13803664723 3
13803665370 3
13945497885 3
13684541227 3
15045419145 3
13512686986 3
15164510980 3
13846146402 3
13845457340 3
13836645496 3
15246462818 3
13803653494 3
15904548372 3
15846996747 3
13644545689 3
13555599904 3
13945476172 3
13846141064 3
13946447494 3
13644549327 3
15214666673 3
13946452664 3
15214666672 3
13846144653 3
13684545730 3
15945884655 3
15204543357 3
13845452291 3
13945465719 3
15164516087 3
13836654443 3
13836668751 3
13555580090 3
13624544931 3
15214668388 3
15246494114 3
13846171094 3
15246465448 3
13555580057 3
15214666057 3
15214666586 3
15046467821 3
15246491964 3
15246464627 3
13504545484 3
13512641458 3
13846183401 3
15946565796 3
15214666378 3
15246464512 3
13946451179 3
13846182460 3
15946557478 3
13704541969 3
13512694186 3
13512661774 3
13555596628 3
13945463919 3
13512663599 3
13704541981 3
13555583312 3
13555583371 3
13836663850 3
15244799777 3
13946458335 3
13836644415 3
13846147273 3
15046469973 3
15246484789 3
15164516439 3
15246470077 3
15845457326 3
15246465529 3
13846196643 3
13846138206 3
13512647614 3
15145457424 3
15164514400 3
15164514411 3
15945401370 3
15145490396 3
13836607218 3
13836606264 3
13945451025 3
15946557949 3
13845407707 3
13903682614 3
15214663558 3
13555581615 3
13624540127 3
13945487100 3
18324549444 3
13846177235 3
15804546586 3
15245458244 3
13845414864 3
13836642724 3
13836609754 3
13604544364 3
13903683154 3
15804545165 3
13603691934 3
13704862324 3
13845411164 3
13836643624 3
15246471768 3
13512679535 3
13704545724 3
15145489193 3
13846134145 3
15145450215 3
15245455994 3
15946565795 3
13904548357 3
13945489760 3
15045414694 3
13946402886 3
13604545401 3
13836607419 3
15245454800 3
15845407949 3
13846183318 3
13946423386 3
13512647315 3
13704544976 3
13945453088 3
13512669599 3
13704544685 3
13845452504 3
13734544005 3
13734544007 3
13604866864 3
13614694130 3
13836650334 3
13945450709 3
13903686684 3
13946424818 3
13946450340 3
13846177134 3
13946426934 3
13796355915 3
13845470051 3
13846190245 3
13845459382 3
13846169121 3
13512688101 3
13604545134 3
15164515924 3
15804546738 3
15045408873 3
15214666813 3
15845406184 3
13796359643 3
15246462197 3
13946453921 3
13945482705 3
13945462984 3
13945454560 3
13803657062 3
13903680261 3
15145453781 3
15204541814 3
13704543425 3
13555585561 3
13644548751 3
13946471522 3
15145452940 3
13644545054 3
13512644195 3
15204548685 3
15045405671 3
13846134978 3
13846153347 3
13512671282 3
13512644372 3
13846191663 3
13846191734 3
13512663076 3
13512699854 3
15245488403 3
13512674422 3
15145458697 3
13803658474 3
13504548846 3
13946445501 3
13845402820 3
13946445071 3
15046467607 3
13836652005 3
13555590340 3
13512646904 3
13836660412 3
15145459865 3
13604549225 3
13946474486 3
15045406126 3
13803651407 3
13945473876 3
13946473167 3
13846164847 3
15246470096 3
13512669754 3
13734548440 3
13903684258 3
13512680570 3
13555594793 3
13945465655 3
13803652427 3
13603694799 3
13512643480 3
13803668174 3
13846175450 3
13845459241 3
15204541869 3
13946443617 3
13624542155 3
13512681154 3
15946557354 3
13614691749 3
15214662616 3
13945457200 3
15145497876 3
15804544852 3
13614699239 3
13512666457 3
13946450490 3
13836607411 3
13845406584 3
13945459436 3
15245456086 3
13555582839 3
13846186105 3
13846196217 3
13946421404 3
13946421933 3
13836647601 3
13946447732 3
15145450400 3
13945454847 3
13845407805 3
13946473170 3
13803654353 3
13684547237 3
13512662014 3
13846190589 3
13555580200 3
13845409699 3
13624547629 3
13803658546 3
13684546761 3
13664547849 3
15045406469 3
15045406473 3
13945471729 3
13945457793 3
18324543756 3
13512699023 3
13634547601 3
15145487058 3
13796355187 3
15246471221 3
13836662097 3
13512673624 3
13796355634 3
13603691764 3
13803652894 3
15145495516 3
15204543231 3
13624543287 3
15204546794 3
13846148034 3
15164514770 3
13603697584 3
13734542215 3
15845400873 3
15804542861 3
13946408126 3
15045419969 3
13946474649 3
13734544194 3
15204541278 3
13836650446 3
13946458723 3
13644684233 3
13504549190 3
15245485265 3
15046468358 3
15904547424 3
13555590437 3
13846142784 3
13836657433 3
15145489154 3
13846146133 3
13845459136 3
15164516949 3
13904547647 3
13946445636 3
13846173845 3
13946403847 3
15845405898 3
15204547787 3
13846182781 3
15046492332 3
15845406864 3
15246471711 3
13604543124 3
15046493876 3
15145489579 3
13845454004 3
13803667653 3
13945485694 3
15846998466 3
13946443357 3
13504698802 3
15046466055 3
13634545018 3
13945462156 3
13512683790 3
13946473573 3
15845407664 3
13555586637 3
13846142017 3
15946564377 3
13512694392 3
15946567022 3
13796355486 3
13946406108 3
13846145186 3
13846145086 3
13846153601 3
13684545975 3
13644545975 3
13846141753 3
13624544659 3
13644542210 3
15945886695 3
13664549670 3
13644549459 3
13512677503 3
15145455676 3
13634546354 3
13555585310 3
15945886178 3
15845406193 3
15845406150 3
15246477539 3
15145497680 3
13836661553 3
13634543579 3
13846157514 3
13512698809 3
13846196934 3
13664544147 3
13904546608 3
13846197956 3
15204546132 3
15246477463 3
13836667367 3
15946555950 3
15045416408 3
13945463286 3
13903686534 3
13836640078 3
13945456618 3
13644544894 3
13836666843 3
13846182696 3
15845453787 3
13704864533 3
15246462942 3
15145497412 3
15246462631 3
15145497524 3
13846176340 3
15045404314 3
13512686734 3
13684549050 3
13796357286 3
15204543598 3
13846142874 3
13624542377 3
13603694771 3
13684541922 3
13945483094 3
13674544546 3
13836641604 3
13903682624 3
13836643064 3
13604547903 3
13945479596 3
13504697365 3
13603695327 3
15945884626 3
15145499136 3
15246463451 3
15246465775 3
13555590239 3
15046461263 3
15046460453 3
15246465645 3
15804542644 3
13846153172 3
15046490548 3
15945402815 3
15045400172 3
15145488717 3
15145488891 3
15845400027 3
13803658986 3
13512670766 3
15045411654 3
13945475211 3
13946447624 3
13845472149 3
13796356180 3
13946440886 3
15246486678 3
15164519734 3
15246477350 3
13704545534 3
13845470402 3
15164513264 3
13846165751 3
15246465690 3
13555591791 3
15045403048 3
13945471018 3
15046494980 3
13845410499 3
15145455598 3
13836654992 3
13634547433 3
13634547622 3
13796358755 3
13734549692 3
15145492958 3
13512647899 3
15845456143 3
15946555564 3
13846131266 3
15946563144 3
13904544213 3
13945474975 3
13512689294 3
13704866682 3
13845474598 3
13512640357 3
13604546254 3
13704542618 3
15246475765 3
15845456329 3
15845458523 3
15246471166 3
13946454502 3
13946450079 3
13512670224 3
13846162669 3
13846158696 3
13796352283 3
15204545193 3
13845410809 3
13512666308 3
13512668689 3
18804548403 3
13836644408 3
15046469946 3
15145451179 3
15214662360 3
13555598964 3
15945401922 3
15845408195 3
13512646870 3
13946406674 3
15045400307 3
13845459638 3
15145494668 3
15046494200 3
13846160425 3
13704540746 3
13846137112 3
13945460814 3
15204544154 3
13796359267 3
15214660211 3
15845400688 3
15045400121 3
15204542113 3
13846132755 3
13664548722 3
15946563836 3
13555595099 3
13946471823 3
15804547653 3
15046468943 3
15046493968 3
15046469878 3
13796357814 3
15214664826 3
15045407871 3
13624548775 3
15246462816 3
13836645364 3
13903686046 3
13803653914 3
13604541296 3
13555592001 3
15246491313 3
15246470995 3
15246470883 3
15145489544 3
13904540102 3
13803659133 3
13634543108 3
13624541659 3
15246492323 3
13555594615 3
15164511614 3
13634546836 3
15045408038 3
15845459517 3
13946473774 3
13796354424 3
15845459177 3
15845451836 3
13803660654 3
15046462648 3
15046491408 3
15946552004 3
18249826936 3
15145499808 3
13836606754 3
15246460113 3
13846183072 3
13704549285 3
13946474835 3
13945461490 3
13846145455 3
13604541992 3
13604544574 3
13846167551 3
13845411207 3
13903680217 3
13945468332 3
13846178094 3
13845408358 3
13945460862 3
15246462093 3
13946455413 3
15145497594 3
13845405968 3
18245465539 3
15045409544 3
13504699479 3
13704866922 3
13945460983 3
13836615431 3
13512641987 3
13846132628 3
13644544083 3
13946443212 3
13512647244 3
15946551433 3
13603698841 3
13803668053 3
13903681043 3
15214666788 3
13946401692 3
13846184124 3
13945481305 3
13945484463 3
13512670103 3
13945486179 3
15246469954 3
13946422381 3
13846163502 3
13845417685 3
13845451027 3
13846137867 3
13846168784 3
15145451995 3
13512685660 3
13946402592 3
15804542569 3
15946566549 3
15246465644 3
15046467862 3
15845407527 3
15145487506 3
15145487587 3
15246472558 3
13796352366 3
13846152835 3
15145497684 3
13903688098 3
13846161368 3
13846190149 3
13903683080 3
13704543361 3
13946428186 3
15845450283 3
13512683494 3
13846168358 3
13836668453 3
13512688210 3
13664545162 3
13512648142 3
15804541872 3
13836604658 3
13946454863 3
15246472563 3
15246472565 3
15846998961 3
13555592709 3
13846137930 3
15246475458 3
15946555410 3
15214669483 3
15946561980 3
15145454850 3
15946550568 3
15214665275 3
15846996142 3
15804540802 3
15145456201 3
15946553406 3
13945474862 3
15945884036 3
15946553551 3
15145497635 3
15846999826 3
15246468197 3
15946554989 3
15046497720 3
15904542217 3
13796353056 3
15904542545 3
13946455143 3
15245481035 3
15164510607 3
15145450179 3
13704861526 3
15245480525 3
15804543607 3
15246468946 3
15246468732 3
13504543566 3
13846194985 3
13946446497 3
15845409698 3
15246496323 3
15246474634 3
15946564874 3
13512676387 3
13836641492 3
15804543277 3
13512643527 3
15214664822 3
13946452201 3
13512670385 3
15164511009 3
13614697015 3
15246472647 3
13504542996 3
15245484957 3
13796354983 3
15164518503 3
13845401496 3
15245458460 3
13512673460 3
15945401028 3
13946451017 3
15145452041 3
13946450939 3
15204545428 3
15204540013 3
