15946553741 1
18724546410 1
18249829586 1
13684547550 1
13845478289 1
15774545351 1
15045407928 1
18845488594 1
18304545830 1
18249256047 1
15804549484 1
13945453467 1
18245498843 1
13836642335 1
13946451628 1
13803667689 1
13946453301 1
18324546356 1
15246479404 1
18845495047 1
15246469620 1
15246469620 1
15246469620 1
18249828161 1
13836604490 1
18245469315 1
13845403750 1
18845495252 1
18745482215 1
15164517837 1
18245464893 1
13846158924 1
13644542016 1
13846174702 1
13734547032 1
18245465403 1
15245486731 1
13664549863 1
15145453016 1
18245466528 1
18304544396 1
13846178610 1
15046492766 1
18304546466 1
13946408807 1
13836662571 1
18845411331 1
13845458002 1
13803669363 1
18745491986 1
13846191725 1
13845479476 1
15846990614 1
18845486387 1
13846152447 1
15046497673 1
13836661072 1
18804543240 1
18724219002 1
15046469782 1
13674544041 1
15246492023 1
15245450725 1
13614698838 1
18724215966 1
15204543708 1
13945474326 1
13604542795 1
18245454216 1
13945463080 1
13836657435 1
18845422851 1
18845405187 1
13946403785 1
13836643822 1
13836644366 1
13846143592 1
13846141177 1
15845454409 1
13846143950 1
13846130457 1
13845413102 1
13512678236 1
13845470758 1
13845470758 1
13845410710 1
15045406165 1
13704547485 1
15845454050 1
13903689052 1
13512660134 1
13845451920 1
13945458303 1
13796356227 1
13946442602 1
15845403176 1
18845480785 1
13603694001 1
13512672806 1
13634544988 1
13614544986 1
13704548008 1
13846143446 1
13836605925 1
13946417676 1
13945484189 1
13903680717 1
13512688287 1
13945487679 1
13846199956 1
13845407608 1
13846186211 1
13796355277 1
13512678287 1
13945483130 1
13945472942 1
13846158158 1
13945481647 1
13946401811 1
13845470447 1
13845400169 1
15845406791 1
13845408738 1
13846145890 1
13512645487 1
13846146195 1
15845455329 1
13512699660 1
13555580998 1
13512699399 1
13512668286 1
15904546236 1
13945450372 1
15046495321 1
13555582291 1
13846138392 1
13846173696 1
13846154900 1
15845450101 1
13946457707 1
13846179727 1
13846161289 1
13846163800 1
13846197272 1
13684544042 1
13512686585 1
13836606433 1
13836601655 1
13904548688 1
13845418983 1
13945464977 1
13674549001 1
13512673200 1
15045411185 1
18249269085 1
13846187089 1
13845415500 1
15145457971 1
15145457971 1
15145457971 1
15145457971 1
15845404021 1
13845407851 1
18745496550 1
13845415143 1
13845471711 1
13846133339 1
15845404516 1
15845404516 1
15845404516 1
15845404516 1
15145492189 1
15145496671 1
18724225619 1
13555586657 1
13836642493 1
13845405855 1
13945464009 1
13846158178 1
13845450161 1
13555595709 1
15845458988 1
15845459292 1
15045400189 1
15145497445 1
15145496509 1
13945451811 1
13836605095 1
15774542470 1
15774542404 1
13504545060 1
13614544330 1
15765343763 1
18845487270 1
15765341259 1
18745466493 1
13846189906 1
13945475791 1
13946425216 1
15145453738 1
15754544104 1
18724227194 1
15204540975 1
15774541767 1
15765341165 1
18249264955 1
18724549107 1
18745481619 1
18724545131 1
18304549877 1
13845457681 1
18724210049 1
15845403946 1
18249267170 1
13846167034 1
13512687039 1
15245483638 1
15774544818 1
18204543568 1
13846147147 1
15945402023 1
13803653295 1
15904545110 1
15846992321 1
15846992321 1
13836646150 1
13836663287 1
13796356759 1
15804542083 1
13803659027 1
15946558068 1
15945882988 1
13846132329 1
15846991778 1
13555584036 1
15945881991 1
13664542515 1
15804541036 1
13845414830 1
13945488917 1
15045417666 1
13555594828 1
15045402828 1
15945885771 1
15846994992 1
15145453592 1
15145489277 1
15945888816 1
15945886788 1
13836601973 1
13512686172 1
13614695629 1
13512674277 1
15846990931 1
15045407766 1
15145495780 1
13946446993 1
13644540577 1
13704864297 1
13836645089 1
13836645089 1
15845407555 1
13836649050 1
13945469494 1
13846140451 1
15846995656 1
13846174865 1
15045405100 1
15045407200 1
13734546090 1
18249263491 1
15145490637 1
15145494526 1
13946447736 1
15046491708 1
13634543973 1
15945886528 1
13504696779 1
13845476619 1
13555583532 1
15904542847 1
13664541637 1
15904542693 1
15204545115 1
18724549385 1
18724549385 1
18724549385 1
18724549385 1
15164519966 1
15145495598 1
15145495428 1
13946474656 1
13846152521 1
13846153682 1
15045404225 1
15845458366 1
15145496188 1
13512674036 1
15045410586 1
15845450608 1
13644543012 1
15846992770 1
15846994371 1
13684546287 1
15846994172 1
13512682210 1
15164514941 1
13836660506 1
13836663880 1
13836663881 1
15804549262 1
13846180148 1
13555584418 1
13614693148 1
13946473372 1
15145457898 1
13684542696 1
13684542696 1
13803651359 1
15804542668 1
15945884713 1
13846183467 1
13504699672 1
13512645045 1
13504542210 1
15845405183 1
18249826527 1
15045413493 1
13904547248 1
13846177902 1
15945886081 1
15845456488 1
15946565337 1
13945473565 1
13836669152 1
13604543189 1
13704546218 1
13946403351 1
18845480503 1
18845480513 1
15046499443 1
13846166021 1
13512685756 1
13845451426 1
13604541732 1
15846991790 1
13734543059 1
13614692643 1
13614698243 1
13704543696 1
13555593757 1
13946403719 1
13603695565 1
13946471378 1
13604541131 1
13945466981 1
13796352989 1
15945883509 1
13846132473 1
15846994511 1
13796352399 1
13504542566 1
15045414659 1
15946554196 1
15945883975 1
15046462327 1
13846147951 1
15046466871 1
15946560300 1
15046495241 1
15946566276 1
13946450820 1
15845452328 1
13836661529 1
15045414526 1
15045418255 1
13614691669 1
15845405088 1
15046491657 1
15046468638 1
13604543898 1
13512644059 1
13946472149 1
15945403239 1
13704548223 1
13803667051 1
13845405085 1
13846157838 1
13614697811 1
15164518618 1
15204544182 1
15204549517 1
13945473563 1
13846164410 1
13904546480 1
15945402010 1
13512662578 1
13945473443 1
15845455603 1
13846142159 1
13555596304 1
13846183232 1
18845412347 1
13664547462 1
13845452308 1
15045419050 1
13704542907 1
13512667328 1
13945460091 1
13945460657 1
13846170385 1
13845413644 1
18245477099 1
15046490463 1
15164514490 1
13704549135 1
15145457819 1
13904548838 1
13684541199 1
13845478069 1
15145457901 1
15846994086 1
15046461039 1
15145456557 1
13945487999 1
13945488088 1
13945489666 1
13512646138 1
15145489811 1
13734549561 1
15845404088 1
13624544509 1
13846154928 1
15164511855 1
15145453223 1
15904549459 1
13945474199 1
13945471100 1
13704866361 1
13734542975 1
13946497777 1
15945884815 1
13945482766 1
13845418158 1
15145452397 1
15245406666 1
13945450161 1
13945452906 1
13945453434 1
15145487766 1
13634540284 1
13836663830 1
13845411320 1
13845406915 1
15845400802 1
13945467223 1
13846181188 1
13846156826 1
13555597100 1
15045407099 1
15945883688 1
15845405198 1
13803662747 1
13846165528 1
13504546223 1
13614693932 1
13803662514 1
13836657171 1
13945454327 1
13945457989 1
15046493186 1
15904545496 1
15045413845 1
13504699903 1
13836642420 1
15145487432 1
15145450326 1
15145487998 1
15945403023 1
13846185188 1
13836608511 1
15046463796 1
13846156738 1
13846130083 1
13845408015 1
13845408758 1
13845409345 1
13845415138 1
13846167764 1
13512688946 1
13614695007 1
13946443894 1
13664542078 1
13664541561 1
13555582498 1
13836661215 1
13634545953 1
13846130894 1
13512665151 1
13945451153 1
13945463867 1
13845411911 1
13846193665 1
13803669392 1
13845455590 1
13603692988 1
13945461127 1
13512688166 1
13846180305 1
13512669381 1
13512678338 1
13903681199 1
13634545361 1
13634546258 1
13836645403 1
13846156449 1
13634540596 1
13604547034 1
13704544626 1
13603693930 1
13603693930 1
13512641968 1
13512648293 1
13803660186 1
13803662981 1
13504699025 1
13946457736 1
13945459085 1
13836601111 1
13684541644 1
13836605263 1
13946450115 1
13945463859 1
13945465242 1
13504540404 1
13603693688 1
13796354098 1
13634545526 1
13634544778 1
13634541363 1
13512666605 1
13846133313 1
13603699933 1
13604547377 1
13704545243 1
13704545731 1
13634540676 1
13634541985 1
13704547167 1
13846132577 1
13836652800 1
13945459050 1
13945465550 1
13704860101 1
13704861068 1
13634545359 1
13504547603 1
13604541817 1
13614695940 1
13945458846 1
13796356978 1
13504540472 1
13504542410 1
13945497857 1
13704545856 1
13603699110 1
13664543731 1
13846176802 1
13946440115 1
13704862643 1
13946453528 1
13704547558 1
13846161891 1
13796351516 1
13836661854 1
13836664904 1
13903683955 1
13734542138 1
13846164244 1
13946473644 1
13946457672 1
13845419660 1
13555598525 1
13664547155 1
13603695482 1
13512698033 1
13946456885 1
13946406245 1
13504543765 1
13704546626 1
13512669174 1
13734542188 1
15946551065 1
15946566993 1
13946449958 1
13945454441 1
13946442881 1
13674544623 1
13704549141 1
13946402790 1
13945452611 1
13803657797 1
13512661578 1
13604546128 1
13734541575 1
15946552255 1
15904543011 1
13704540489 1
13846181943 1
13512646593 1
13903686438 1
13836668394 1
13836600978 1
13604543619 1
13555599345 1
13664545877 1
13604541728 1
15946551716 1
15946556939 1
13634542107 1
13946472673 1
13846193885 1
13846150180 1
13845470913 1
13803657893 1
13846187608 1
13904544906 1
13845478876 1
13603693697 1
13512647358 1
18245457518 1
13945456841 1
13846196224 1
13504544316 1
13836641425 1
13846173940 1
13604547197 1
13704545322 1
13945466402 1
13512649918 1
13904545361 1
13845410323 1
15946568080 1
13614694180 1
13614697675 1
13614694915 1
13845474038 1
13803653443 1
13603693435 1
13946445003 1
13555585499 1
15946552723 1
13734543749 1
13946425537 1
13614698762 1
13946440816 1
13946450512 1
13674544942 1
13946473240 1
13946474500 1
13803663150 1
13512674049 1
13803666436 1
13836666410 1
13836647843 1
13846160625 1
13946442809 1
13614698727 1
13614699070 1
13846186624 1
13603697478 1
13512667472 1
13845452343 1
13846188142 1
13846154320 1
13946447466 1
13734545998 1
13796359203 1
13846184447 1
13846184447 1
13704540546 1
13946455743 1
13846153246 1
13836645266 1
13734543765 1
13946422192 1
15904546946 1
13803664642 1
13664545843 1
13614541717 1
13946409143 1
13504696839 1
13504699981 1
13604548624 1
13512686983 1
13946456916 1
15904546577 1
13664544427 1
13512665360 1
13704549418 1
13946409426 1
13836609932 1
13504542651 1
13945457304 1
13704541268 1
13704549905 1
13946407856 1
13634540922 1
13614695090 1
13664542626 1
13904546539 1
13836605396 1
13946425206 1
13846143826 1
13555587346 1
13945475504 1
13946444946 1
13512679687 1
13846162568 1
15945402746 1
13614697023 1
13796354930 1
13796353720 1
13504543177 1
13836661135 1
13845416504 1
15245481145 1
15245455278 1
13846156300 1
15245481511 1
13614697043 1
13845450824 1
13734541203 1
13644547006 1
15145458336 1
15846991638 1
13945455399 1
15246486533 1
15246488578 1
15246486937 1
15946559966 1
13836641736 1
13845407952 1
13684544466 1
15845451842 1
15245452241 1
15846999564 1
15804547669 1
18845499388 1
13644548764 1
13504544704 1
13704544233 1
13512698062 1
13555599530 1
13836659104 1
15945880881 1
15045413649 1
13512683674 1
13603691176 1
13946474855 1
13803663258 1
15945401950 1
13555593186 1
13796358723 1
13684547642 1
15845407162 1
13604543194 1
13836666974 1
13836641538 1
13836644593 1
13845475329 1
13796354004 1
13945464181 1
13684544330 1
13684543814 1
13624546556 1
13555590509 1
15945886101 1
13945483832 1
15845451046 1
13512665243 1
13704546451 1
13846164353 1
15046462468 1
13684541454 1
13684547934 1
13664543102 1
13512647940 1
15246471717 1
13845401947 1
15945887258 1
15945886174 1
15246499668 1
15804544306 1
13704864468 1
13512648993 1
13945487823 1
15046461934 1
15845403994 1
13836640071 1
13504544249 1
15246496477 1
15245489008 1
15204543730 1
15804542020 1
15904546521 1
13846175938 1
18804549195 1
13512683503 1
13664545685 1
13644543305 1
13684544988 1
13624546889 1
13644547486 1
13624547624 1
13945479981 1
13846188197 1
15046465354 1
15046463509 1
18249247162 1
13903684153 1
13946407125 1
13946426885 1
13846134915 1
13644545294 1
13644541511 1
13796350731 1
13555598884 1
13555592922 1
15904543949 1
13512674261 1
13846166894 1
13512678336 1
13504540669 1
13614696031 1
13512669429 1
13614699346 1
15804548822 1
13845474035 1
15045406534 1
15804545784 1
15245459018 1
13846152879 1
13684546464 1
13845452166 1
13624542533 1
13555599100 1
13504548437 1
13846175783 1
13734541427 1
13946473201 1
15046461055 1
15945886927 1
13946449879 1
13946446995 1
13512649585 1
13846149828 1
13945461768 1
13624547676 1
15246460831 1
15164511140 1
15246498566 1
13846130236 1
13614699735 1
13644549953 1
13904548234 1
13846146577 1
13512688073 1
13836663652 1
13836658534 1
13946456537 1
13846142697 1
13504699382 1
13796358843 1
15245485112 1
13644543791 1
13624541630 1
13555583904 1
18249242495 1
13846140543 1
15046499171 1
13634544242 1
13664546466 1
13946447833 1
13512661148 1
13704543729 1
13803660987 1
13634546133 1
13846139651 1
13704540950 1
13684549876 1
18245475485 1
13845403715 1
13512681269 1
13846146595 1
13946442097 1
18245465337 1
13946423241 1
13614698051 1
13946409982 1
15845403668 1
15246461266 1
18724545881 1
18204540522 1
13845416195 1
13846192540 1
15204543807 1
15246463761 1
13734548335 1
15046492939 1
13945461869 1
13904545704 1
18204541766 1
13604541787 1
13946457500 1
18304540858 1
13845412487 1
18249242866 1
13803665743 1
18724227859 1
18204545855 1
18245474100 1
13634540119 1
18724228655 1
15046467915 1
13555599596 1
13644544920 1
15145454024 1
13946440386 1
13845474025 1
13846140359 1
13846149657 1
13614699586 1
15145489670 1
13836664369 1
13945482810 1
18845486544 1
15946566445 1
13684549326 1
13512667542 1
15145456521 1
15204542825 1
15845455708 1
13604545054 1
15245459030 1
13512647915 1
15164510164 1
13555586312 1
13846134018 1
15246460705 1
15164511934 1
15945887109 1
15845453964 1
13734540965 1
15145499400 1
13604543544 1
15245488851 1
13734541577 1
13903689096 1
13836652012 1
13504697201 1
15945885106 1
18724226318 1
15245480672 1
13845451584 1
13624542930 1
13624542583 1
15145489817 1
13555581373 1
13803651992 1
15164512804 1
15164514686 1
13946452160 1
13624544977 1
15945402994 1
13845413804 1
13946401564 1
15846995281 1
15046461964 1
18245473965 1
15046467686 1
13796355569 1
15846995484 1
13946455191 1
15246498497 1
15246498497 1
15246498497 1
15046493354 1
15045405131 1
13846166725 1
13946450434 1
13803667260 1
15246474588 1
13734543257 1
13704869804 1
15145493313 1
15245488456 1
15204545746 1
15204545748 1
18245487648 1
15046491528 1
13846147438 1
13945482437 1
15145487689 1
15245457386 1
13803653764 1
15045400469 1
15245486239 1
13803662978 1
13704541992 1
13846199264 1
13846175734 1
13845413361 1
13946424991 1
13603695447 1
13504544025 1
13664545198 1
15145456292 1
13846147207 1
18724214416 1
13512675612 1
15946565079 1
15246477123 1
15845409842 1
13945489309 1
18745459958 1
15046463298 1
18724542851 1
13846163663 1
13946450454 1
18745468074 1
13704865841 1
13846142510 1
13904546435 1
13945482167 1
13846166997 1
13846157632 1
13836667258 1
18724223179 1
13846184030 1
13903683212 1
13846161413 1
13946447368 1
13555586938 1
13512683880 1
18714547025 1
18724222398 1
18724549655 1
18724229866 1
15204549954 1
15164517229 1
18724222699 1
15945880311 1
15946556556 1
15946568437 1
15946551296 1
18714541068 1
18714541226 1
15246497908 1
15246497908 1
18249267056 1
13945471406 1
15214665387 1
15164515327 1
15045419056 1
15946553368 1
15214668080 1
13846186751 1
13803652656 1
15945887289 1
13644543701 1
13664540053 1
18249261608 1
18745460759 1
15945886825 1
13945499313 1
13803665260 1
13644684917 1
13836643637 1
15045401812 1
13945450663 1
13846139552 1
15045415192 1
15045415192 1
13846135569 1
18745477446 1
15246462157 1
13846157078 1
13846157078 1
18745465542 1
18745465562 1
13555595382 1
18745498267 1
18745461187 1
13946421731 1
13836604592 1
18745453224 1
15946558585 1
13846173774 1
13846173774 1
13846173774 1
15046490539 1
18714542619 1
13904549125 1
15046462865 1
15145452911 1
15245458713 1
13904545759 1
13555585494 1
13555597917 1
15904545615 1
15245459401 1
18249826718 1
15245457690 1
13946474564 1
15904549102 1
13512686013 1
13836664690 1
13803655058 1
18724546692 1
13512649078 1
13836663561 1
15045411574 1
18745459059 1
13904546827 1
15245457713 1
15245451046 1
13604542482 1
18724542269 1
13836640882 1
13946456560 1
13945480311 1
13845400326 1
13512670183 1
13836607056 1
13846152323 1
18724218648 1
13945458466 1
18249241349 1
13903682239 1
13846185145 1
13555594774 1
15946552387 1
15204540347 1
15214664318 1
15245456790 1
13614697240 1
15145489224 1
18745456424 1
13512686193 1
13512676469 1
13555595671 1
13945480038 1
15204549861 1
13704861099 1
15246473488 1
18724543203 1
13836665971 1
13512672836 1
13704862393 1
15945883641 1
15246476043 1
15804545702 1
15145458009 1
13904546819 1
15245458191 1
13845402593 1
15245459320 1
15145491757 1
15204548319 1
15045405252 1
18245483086 1
13845450495 1
15045401030 1
18724223136 1
15046492015 1
18204540265 1
15204546765 1
15804543215 1
13846192907 1
13846138252 1
13624546923 1
18745455898 1
15946552115 1
13845417266 1
13803657604 1
15145453773 1
13836662093 1
18245476899 1
18245453693 1
18845482052 1
18724226931 1
15246463435 1
13803669928 1
15045411149 1
18245471833 1
15946561930 1
18204546166 1
13836605639 1
18745480940 1
18245483983 1
18204544098 1
13945483232 1
13945483232 1
13945483232 1
13945483232 1
13512648792 1
18245455055 1
18745496685 1
13946409154 1
13604549358 1
15164518696 1
18714541899 1
15946553690 1
15945404667 1
13846149821 1
13512673986 1
18204546464 1
18245452024 1
18245460669 1
13614696252 1
13555595352 1
13945459343 1
15246480766 1
15946554307 1
13512646566 1
15145491801 1
15046469283 1
18745498596 1
13803651507 1
18245498992 1
18245455351 1
18745478768 1
15046462341 1
13512647540 1
18745491097 1
13904546585 1
15904543691 1
18714543012 1
18245468638 1
13945453404 1
13684541927 1
13504548155 1
13846196685 1
13946441655 1
13603693018 1
13604865054 1
15145488114 1
15946569189 1
13846199752 1
18245455633 1
13684544429 1
15045408535 1
18204545658 1
18745464627 1
18204548809 1
18204548807 1
18245466113 1
15246483648 1
13504542113 1
18245493222 1
13504698876 1
13945470004 1
15204548958 1
13803666680 1
18724226587 1
15804546220 1
15904549609 1
15046463871 1
13946449587 1
13945461750 1
13624544274 1
13945450217 1
13803663769 1
18245491891 1
13846182402 1
13604867416 1
13945457638 1
15845406358 1
13946455813 1
13614698897 1
18204540689 1
18204540622 1
18204540588 1
18204540773 1
15145453397 1
15045405365 1
13555590132 1
13846171859 1
18204540661 1
15246489005 1
15045412102 1
13604868423 1
18724221862 1
13603695752 1
18745466663 1
13836651035 1
13945486556 1
18204540437 1
18724548850 1
13904545761 1
18249827987 1
15045411344 1
18245471717 1
18245455960 1
18724212478 1
13945472829 1
15045412006 1
15904540025 1
13704540332 1
13836652380 1
18745484032 1
13945468961 1
18745455802 1
18745468045 1
18745489679 1
15246478436 1
15045401213 1
15046493749 1
13796358306 1
13845413898 1
13846152240 1
13504544668 1
13945470383 1
15204541076 1
15846998694 1
15945403490 1
15245487461 1
18724217622 1
13836601974 1
13946424585 1
18745479090 1
13555599108 1
15145455836 1
18745490662 1
15804548482 1
13803650357 1
13634546865 1
13634546487 1
15904546425 1
15145452998 1
15246474318 1
15045400081 1
13945498190 1
18745450654 1
13604545244 1
13603692849 1
13624549630 1
13555591533 1
15045417803 1
18204548398 1
13803654681 1
15246463623 1
18745463125 1
18745465152 1
18745489398 1
18745489397 1
15804545488 1
13836615712 1
13614544655 1
15946550872 1
13614697970 1
15904547586 1
18249262735 1
15164515399 1
13846135586 1
15245489761 1
15246463227 1
13704540468 1
13836604736 1
18249251816 1
13614695663 1
13555599376 1
13946456778 1
13644548304 1
13904545492 1
18745450995 1
18249235454 1
13845409135 1
18745453420 1
15904541605 1
18745464275 1
15946553842 1
13946441538 1
15145455170 1
13846187138 1
13846192068 1
13704549379 1
13644545597 1
15145458456 1
13846163368 1
18249239025 1
15246482986 1
15945884389 1
13504549746 1
13624540209 1
13845473769 1
18245496445 1
13555589335 1
13555589335 1
15945887114 1
13555592909 1
13846154020 1
18745455227 1
18745484586 1
13945460614 1
18745493709 1
13945497392 1
15246481616 1
15164513043 1
15246461438 1
15945887244 1
13603698199 1
13512660427 1
15214669385 1
15245456189 1
18745480284 1
18245466873 1
18245466873 1
13634546929 1
15804547113 1
15946555454 1
13555597263 1
13555597263 1
13555597263 1
18845490752 1
13704868906 1
13903685450 1
13512643541 1
13604543867 1
18724220086 1
18724220980 1
15214665554 1
18724225655 1
13945461048 1
13846168587 1
13624541009 1
18745483586 1
13946472772 1
15145451867 1
15204547367 1
13945468303 1
15045414334 1
18745456595 1
18745461140 1
18745472104 1
18745462627 1
15845403486 1
13614690580 1
18745462216 1
13803663709 1
13846165682 1
18249250954 1
15946567403 1
15045418366 1
13946451808 1
13846148786 1
13504699209 1
13836650352 1
18724219119 1
18249251243 1
13845400913 1
13945470991 1
18745492809 1
13664545712 1
13845412842 1
15845406184 1
13512671282 1
13555582839 1
13624547629 1
15145487058 1
15045419969 1
13512670385 1
13796355486 1
15945886695 1
15246465690 1
15845456329 1
13512646870 1
15904549415 1
13945452003 1
13512647149 1
15214669704 1
15246486326 1
13845455676 1
13644549468 1
13945453885 1
15214662199 1
15246465033 1
13846172024 1
13846182144 1
13846175724 1
13903681518 1
15946551189 1
18745459407 1
13846177340 1
13512648826 1
13845414353 1
15214669504 1
15945403356 1
15845405940 1
18746350666 1
18746350666 1
15145496244 1
18745475137 1
15045403649 1
13664541014 1
13734548997 1
13846151016 1
13945475394 1
13945481574 1
13604867151 1
15245487300 1
13836665362 1
13512686562 1
18745450288 1
15214668827 1
13836654655 1
13734549396 1
18745475448 1
15945401497 1
18745462269 1
13512663697 1
13512671719 1
13674549742 1
13945472230 1
13836666564 1
13845478710 1
15045417567 1
15904547181 1
18245489455 1
18245489355 1
13604865102 1
18745450266 1
13512672843 1
13846198434 1
13624543697 1
13803662347 1
13946405554 1
13836607451 1
15045415671 1
15246499059 1
15845458587 1
15214663344 1
15246461933 1
13624547115 1
18245469161 1
13845452504 1
13945450709 1
15246464265 1
13846178676 1
13846163755 1
13803650765 1
18745493756 1
13836601597 1
13845401550 1
15145495070 1
15214663614 1
15214664534 1
13624546818 1
15045413894 1
15904546470 1
18745496745 1
15046490446 1
13945482241 1
13846145504 1
13555580967 1
18745481698 1
13846176619 1
18724545977 1
13903684203 1
13946440457 1
13512660100 1
15945400277 1
15904548630 1
15244782888 1
15046460084 1
15245484947 1
13614693152 1
13803660315 1
15945402697 1
13803667911 1
15046490851 1
13555582397 1
13512699618 1
18745499745 1
13945489742 1
13836651924 1
15214663476 1
13945483420 1
15164519006 1
13512646665 1
13512643431 1
15246462640 1
13803668525 1
13624541034 1
13644543871 1
18745476233 1
13603699712 1
13845459211 1
13664548255 1
13846159295 1
15214664543 1
13512666614 1
18745485755 1
13704549757 1
13803650768 1
15204543357 1
15946552134 1
13555597319 1
18745470678 1
18745470678 1
15946560848 1
15945403206 1
13846135691 1
15145499044 1
13624653866 1
18845412900 1
13846130096 1
13845472050 1
15045416962 1
18724546796 1
13945454964 1
15846997991 1
13555596308 1
15246485856 1
18249240076 1
13803661393 1
13946445844 1
13512664457 1
15945882976 1
18724220252 1
15214661376 1
13945474544 1
18845496599 1
13704546008 1
15845408967 1
18724221438 1
13734540032 1
18249252629 1
13512661723 1
15164516616 1
13836659067 1
15164517374 1
13634543980 1
13603696865 1
18249269906 1
18745497558 1
15246476107 1
15246475083 1
13512666610 1
13946472764 1
15846993875 1
15204546411 1
13555593322 1
13704863591 1
13604863492 1
13846173082 1
13946446527 1
18745496304 1
15204542087 1
15946551159 1
15945400067 1
13512645895 1
15246466586 1
18724212032 1
18304545970 1
15145493553 1
13504696505 1
13946472174 1
18745498728 1
18845497331 1
13803657622 1
15845453894 1
18845408290 1
18845408290 1
18845408290 1
15245457160 1
13674549862 1
15946563164 1
13836644681 1
13512649187 1
13684544630 1
13684549573 1
18845485445 1
13803658299 1
15804543433 1
13664547724 1
13555592227 1
13555592227 1
13603696152 1
18745481558 1
13845415988 1
15945885010 1
15245485702 1
15245485701 1
15145451622 1
15246474124 1
15945882197 1
18745488840 1
18204545389 1
15045411250 1
13512643152 1
13836650462 1
18724221717 1
13704861505 1
18245489968 1
18249265492 1
13704546498 1
18804543396 1
18804543397 1
15245488562 1
18804540707 1
13512681593 1
13846171283 1
15046462317 1
18249829108 1
15145498766 1
13803661005 1
13946403112 1
18724211271 1
18845406980 1
15245451323 1
18304547329 1
18845491331 1
15045402716 1
18245499658 1
18745451660 1
18845495767 1
13845400276 1
18845495116 1
15164512966 1
15164512966 1
18304548377 1
18845495115 1
18745453717 1
18204547500 1
15245453617 1
13846160246 1
18845490393 1
13555593618 1
13796357162 1
13512679794 1
13504543569 1
18245498276 1
13945453773 1
15246499886 1
13512673216 1
13845451198 1
15904549162 1
13796352062 1
15145451295 1
13945466443 1
15045409321 1
13803668257 1
13624549758 1
18724215784 1
13734545580 1
13796350769 1
15164510357 1
18845405952 1
18245488027 1
13555596483 1
13845457053 1
18245474577 1
13555583846 1
13846161459 1
18845480707 1
13846164465 1
13504547028 1
13604863024 1
15214661328 1
15214661448 1
13946427306 1
18304546515 1
13946458337 1
13555583753 1
13945484325 1
18304543036 1
15246480367 1
13946420609 1
18304541788 1
13512699296 1
15145495513 1
15045410257 1
18724226682 1
15946560035 1
18745457648 1
18249247554 1
13845451340 1
18249261158 1