13664542851 3
15045402510 3
15946567397 3
13846175045 3
13845401527 3
13624541525 3
13945460586 3
13512685051 3
13946459963 3
15045403905 3
13846194610 3
13803666160 3
13604543783 3
15804543045 3
13796356562 3
15946568020 3
13604540249 3
13836667985 3
13512675886 3
13644543373 3
13644543512 3
15845457780 3
13836603125 3
15845454871 3
15845404526 3
13946451749 3
13512682579 3
13512643126 3
15804549065 3
15845400500 3
13704865110 3
15946556644 3
13946442845 3
13946443369 3
13945470242 3
13644547208 3
15945889876 3
15945889899 3
15945888816 3
15945881818 3
15945886788 3
15945888819 3
15946567517 3
13555599250 3
15945884600 3
15945881151 3
15945881377 3
13512671966 3
15945885997 3
15945880186 3
15945881292 3
13644547220 3
13704541615 3
13684544676 3
13904548821 3
15945887811 3
15945880887 3
15945888432 3
15945888654 3
13604549799 3
15904547825 3
13946445266 3
15945882048 3
15945883327 3
15945400199 3
15845452866 3
13946456420 3
13836607677 3
13846154036 3
13836640696 3
13684548928 3
13664540841 3
15945880018 3
13704541925 3
15045412386 3
13614699156 3
13945479770 3
13555593307 3
13946427023 3
13846130136 3
13512667866 3
15045410202 3
13604867981 3
13624549778 3
13946448825 3
13624549986 3
15945889869 3
13846196601 3
13946421829 3
13946447931 3
15904547796 3
13846180831 3
15845451735 3
13836604198 3
13603691269 3
13903689897 3
13624542600 3
13803655685 3
13903681839 3
13604865948 3
13946453218 3
13664545738 3
15845405722 3
13903686822 3
15045413066 3
15845458001 3
13734545165 3
15045413266 3
15045413088 3
15045413077 3
13945454647 3
13836646182 3
15904545069 3
15904540667 3
15904540689 3
15845454576 3
13512641887 3
15904545359 3
15046490369 3
13846180432 3
15945880695 3
13684545302 3
13846197511 3
13846145451 3
13555590869 3
13945485003 3
15045411098 3
13555587797 3
15846992747 3
13836655676 3
15045411568 3
15046491227 3
13946407963 3
15045411130 3
13845407071 3
15046490188 3
15046497787 3
13614544990 3
15046492900 3
15046493022 3
13846165896 3
13803651732 3
13555581591 3
13836664475 3
15045411896 3
15046497786 3
13836640110 3
13624546800 3
15046490536 3
15045411213 3
15045411139 3
13846140869 3
13803656582 3
13946402397 3
13512662983 3
13604546133 3
13846176455 3
13946456516 3
13846194696 3
13903680516 3
13846175718 3
13846147130 3
15046490400 3
13803667720 3
13945477469 3
13846169629 3
13512677620 3
15046492807 3
13604865088 3
15045407250 3
13836662556 3
13903681750 3
13846132046 3
13803667710 3
13704862083 3
15045402037 3
13946424226 3
13512670107 3
13512682929 3
13624545699 3
13836615835 3
13614695093 3
13945486591 3
15046496022 3
13845470863 3
13803660302 3
13845413969 3
13803651685 3
13946404100 3
13555594846 3
15945881265 3
13845453440 3
13846163688 3
13845472452 3
13946400125 3
13604547780 3
15945885416 3
15945886758 3
13604541468 3
13634543202 3
13634543973 3
15945886528 3
13604540241 3
15945886488 3
13836647837 3
13704544302 3
13846146580 3
13903682036 3
15945882346 3
15945882858 3
15945884599 3
13945488338 3
13555599411 3
15945886102 3
13845401937 3
15045411986 3
13846132293 3
13836641215 3
13603699482 3
13945465306 3
15945880898 3
13903683630 3
13836642093 3
15845406143 3
13555589215 3
13555596282 3
13845475625 3
15945880698 3
15945887677 3
15945880889 3
15945883717 3
13845453401 3
13903684090 3
13946424643 3
13512677363 3
15945883575 3
15945885053 3
15945882489 3
13803661207 3
13945463112 3
13704866198 3
13946426529 3
13604546772 3
13512671513 3
13512661606 3
13512682143 3
15945887996 3
15845457565 3
15945883859 3
13684542898 3
15945886098 3
13674544839 3
15945883528 3
15946555389 3
15945885895 3
15845402917 3
13945458782 3
13604548586 3
13946452821 3
15845459290 3
15945888648 3
13512670040 3
15945881677 3
13614693905 3
15845454416 3
13836647395 3
15945886370 3
13946405317 3
13845474576 3
15945881841 3
15945886580 3
13644688822 3
13614696878 3
13704861556 3
15945880390 3
15945881246 3
15945403885 3
15945881027 3
13644541489 3
15945886165 3
15845450973 3
15945883986 3
13946451042 3
13684542721 3
13836665554 3
15945404221 3
15945884001 3
13704544150 3
13614694925 3
15845450608 3
13614692455 3
13704867245 3
15945885700 3
15945882245 3
15945880550 3
15945881573 3
15945884658 3
15845404660 3
15945885131 3
15945884700 3
15945886751 3
15945882531 3
13684542260 3
15945886899 3
15945882042 3
15945881766 3
15945887508 3
15845451692 3
13836603481 3
13704864986 3
15945881740 3
15845402538 3
15945880761 3
15945883488 3
15945880240 3
15945883420 3
15945883871 3
13946452198 3
15945883033 3
15904544813 3
15904545649 3
13846190876 3
15845454556 3
15945885245 3
15945883918 3
13946450743 3
15945883672 3
15945882882 3
15845400995 3
15945887905 3
15845402937 3
15945887793 3
15945885845 3
15945887921 3
15945882761 3
15945880317 3
13614695725 3
15945886241 3
15945881313 3
15945885583 3
15945884713 3
15945881763 3
15945885001 3
13614694629 3
15945883608 3
15945883356 3
15845405498 3
15945885385 3
13644544259 3
15945884453 3
15945881812 3
15945886196 3
13846160370 3
13704862122 3
15945884417 3
13846196686 3
15945880809 3
13846168834 3
13845474737 3
15845407887 3
13945486813 3
15945886193 3
15945881099 3
13945499179 3
13845407090 3
15945886356 3
13846183467 3
13945497787 3
15945887125 3
13604865878 3
13903682001 3
13512670525 3
13946423411 3
13945466728 3
13555581760 3
13836647908 3
15945883535 3
13512665428 3
15945880370 3
13555588263 3
13512676483 3
13846154107 3
15945888994 3
13512671402 3
13803662907 3
15945885133 3
13604542812 3
13845410875 3
15945886081 3
13512648113 3
13603695069 3
15845453952 3
13846144285 3
13846154470 3
13704867407 3
13512675013 3
13603696205 3
13946426435 3
13946406413 3
15945887072 3
13846155668 3
13734544760 3
15945886679 3
13846140406 3
15945884305 3
13604866997 3
13946400529 3
13734543322 3
13946403776 3
15845452515 3
13846141686 3
13836649199 3
15946559797 3
15946559696 3
13846185801 3
13512666572 3
13836661629 3
13555583953 3
13836665523 3
13674544199 3
15046489999 3
13674544693 3
13836602682 3
15845400177 3
13684542327 3
15945887525 3
15045410881 3
15045410882 3
13634541010 3
13512685756 3
13512661887 3
13845451426 3
13604541732 3
15946560990 3
13945453561 3
13512672797 3
13803668177 3
13836606618 3
13845453977 3
13644549598 3
13504549189 3
13604540858 3
13846189188 3
13664543672 3
13704541749 3
13845413889 3
13846130338 3
13555595217 3
13846152683 3
13603693478 3
13603693436 3
13845415048 3
13704543696 3
13846143607 3
15946568311 3
13555596182 3
15945881300 3
13555596251 3
13836642518 3
13604542952 3
13904549312 3
13846197765 3
15945883232 3
13846134908 3
13946452758 3
13946427518 3
13555593757 3
13634544905 3
13704549860 3
15945883509 3
15945889397 3
13836605695 3
13946471890 3
15945889467 3
13946440206 3
13836644962 3
13836606023 3
13946454218 3
13836653826 3
13803663470 3
13945468593 3
13846183301 3
13845451981 3
13555598827 3
13846194133 3
13604543968 3
13704860108 3
13512677802 3
13945457256 3
13603696387 3
13946421978 3
13704543033 3
13945477321 3
15945882616 3
13946456711 3
13614699978 3
13946446068 3
13512683389 3
13803662953 3
13846132473 3
15945888502 3
13845453950 3
15945884693 3
13512641169 3
15214662178 3
13603695938 3
13803664509 3
15945883268 3
13512681297 3
15845408740 3
13555584683 3
13903686132 3
13634543706 3
13512663487 3
13836644223 3
13555592559 3
13512644290 3
15946558068 3
13704540500 3
15945887038 3
13946402383 3
13555583968 3
15945401177 3
13512676872 3
13512666702 3
15945882988 3
15945886377 3
13836665530 3
13945467900 3
13512660733 3
13845412417 3
13846154010 3
13604547145 3
13946404950 3
13836652925 3
13945468683 3
13846167335 3
13604545497 3
13704542728 3
13836665016 3
13946422513 3
13836604795 3
13846132329 3
13845474509 3
13946403978 3
13512670566 3
13845415348 3
15904548088 3
13603691623 3
15946562399 3
13796353199 3
13604865712 3
13946421019 3
13846151218 3
13946425651 3
13945481070 3
13555580075 3
13614696817 3
13845414830 3
13946405687 3
13512646085 3
13946446092 3
15945884270 3
13845473889 3
15945886155 3
13945488917 3
13945473668 3
13946471701 3
13734540002 3
13803665278 3
13604547735 3
13946405995 3
13946443783 3
13945455063 3
13604547886 3
13846164680 3
13555592252 3
13946446680 3
15945882733 3
13946420885 3
13504548369 3
13512660307 3
13504544990 3
13845404057 3
13504546997 3
13604864045 3
13845473393 3
13845473183 3
13704545451 3
13796355720 3
13846191210 3
13704865048 3
13504698377 3
13846189677 3
13904546690 3
13555593116 3
13945486226 3
13704548399 3
13946451659 3
15804548099 3
13846171313 3
15945881800 3
13903685098 3
13945453367 3
13836661918 3
13803653543 3
15945885771 3
13734541122 3
13684547333 3
13604547579 3
15845458415 3
13704863466 3
13512662011 3
13704865465 3
15946569191 3
13803665117 3
13846186651 3
13634542232 3
13945471710 3
15945884048 3
13803663135 3
13634545279 3
13504544461 3
13504544491 3
13512678308 3
13846173261 3
13704540506 3
13796355303 3
13504544981 3
15945888736 3
13904549502 3
13836601151 3
13836605530 3
13836663470 3
13846165218 3
13504544711 3
13634547388 3
13836601973 3
13846165819 3
15845400577 3
13555580220 3
13512677216 3
13704546690 3
13634542315 3
13555592919 3
15945885832 3
13704542819 3
13945455060 3
13512694131 3
13504697959 3
13946446447 3
13836663647 3
13555599018 3
13704549693 3
13846185876 3
13946455256 3
13846145568 3
13845471202 3
13845410416 3
13803664171 3
13946443822 3
13845476081 3
13845476210 3
13946454629 3
13945480416 3
13945485615 3
13945469494 3
13512676321 3
13846140451 3
15945881488 3
13512662770 3
13846162612 3
13604547892 3
13555583417 3
13555597198 3
15945402224 3
13634543065 3
13512666628 3
15945886987 3
15945885066 3
13796350267 3
13845404615 3
15946551115 3
13512647913 3
15945884266 3
13946447969 3
13504696779 3
13504547972 3
13604547478 3
13704865088 3
13845416183 3
15945889047 3
13803655465 3
15846991818 3
13845476619 3
13604866489 3
15945883923 3
13945474436 3
13846186265 3
13846186118 3
13903681816 3
13846161790 3
13846147633 3
15945883597 3
13836603656 3
13555583532 3
13624549477 3
13634545058 3
13504546373 3
13846132358 3
13684549099 3
13945451109 3
15945889806 3
13555591622 3
13555591860 3
13846145320 3
13945479739 3
13845417752 3
13945479628 3
15945883878 3
13845415018 3
13836660830 3
13512679698 3
13604540656 3
13846196238 3
13634540871 3
13634545057 3
13604547233 3
13945497361 3
13946453931 3
13504540451 3
13604542085 3
13555587869 3
13846180838 3
13845454686 3
13845410522 3
13512678322 3
13846150057 3
13512685099 3
13512687062 3
15804544477 3
13845453409 3
13512671313 3
13904544417 3
13946474656 3
15945881799 3
13845452193 3
15945888643 3
13555599015 3
15945889826 3
13946407767 3
13555580397 3
13512668101 3
13946404206 3
13555582487 3
13512689885 3
13845453543 3
13846190697 3
13512679005 3
13504542825 3
13846176032 3
13704547791 3
15204544886 3
13836651250 3
13836603582 3
13803662948 3
13845417710 3
13555593495 3
13846190205 3
13845417428 3
13845403129 3
15945881055 3
13512676358 3
13846191808 3
13945475602 3
13836668775 3
13796350913 3
13704548911 3
13845454220 3
13845454992 3
13945456768 3
13624540488 3
13946454681 3
13803668551 3
13904549739 3
13803668783 3
13846161571 3
13836660290 3
13836664383 3
13796353729 3
13634547712 3
13846156268 3
13634541760 3
13846149816 3
13945463650 3
13845417925 3
13945484620 3
15946550890 3
15845451687 3
13945486233 3
15846995290 3
13512660463 3
13946442092 3
13846172813 3
13634542583 3
15846991989 3
13803663779 3
15846990418 3
13512677113 3
13945466936 3
13845452909 3
15846990615 3
15846993848 3
15846991599 3
13555586620 3
15846994418 3
15846999569 3
15945887430 3
13504547300 3
13836656853 3
13704864229 3
13504542106 3
15946558799 3
15946559665 3
13836645965 3
13555597738 3
13836651701 3
13704544875 3
13946440568 3
13836608258 3
13555598369 3
13846181846 3
13803660911 3
13845456240 3
13836615350 3
13504699672 3
15846995155 3
13846133649 3
13946440786 3
13803655186 3
13946458186 3
13836643076 3
15846990166 3
13846199983 3
13836600459 3
15845407088 3
15846990657 3
13796353279 3
13845408870 3
15945886839 3
15845454202 3
15845454116 3
13946405430 3
13634543938 3
15046492205 3
13664545977 3
13945484675 3
13945470883 3
13603691228 3
13512683481 3
13836661653 3
13803655931 3
13836661073 3
13845415573 3
13796353673 3
13846173176 3
13512694635 3
13555596653 3
13845403486 3
13846133858 3
13845412235 3
13946455583 3
15846999979 3
15846998765 3
15846999191 3
15846999968 3
15846999393 3
15846998977 3
15846999077 3
15846999188 3
15846999668 3
15846998868 3
15846999951 3
15846998177 3
15846991616 3
13846173228 3
15846991717 3
15846999994 3
15846998889 3
15846994447 3
15846999946 3
15846990123 3
13504542057 3
15846995858 3
15846999456 3
13634541361 3
15846994477 3
15846996644 3
13634546472 3
13603695306 3
13803657016 3
15846999551 3
13845417098 3
13604866083 3
15846990626 3
13603694410 3
15846999016 3
13796350183 3
13504540056 3
15846995518 3
15846995108 3
13846143193 3
13836604726 3
15846993990 3
15846999527 3
13796353173 3
15846999857 3
15846994768 3
13555587299 3
15846995717 3
13946443091 3
15846990728 3
15846993069 3
15846998044 3
15846999023 3
13946406136 3
13512669775 3
13946473243 3
13603693926 3
13946472770 3
15846994158 3
13604547536 3
13845411412 3
15846994630 3
13946406051 3
15846990968 3
15846990933 3
13604867379 3
15846994130 3
15945884780 3
13846156115 3
13845450553 3
13604544921 3
15945880899 3
15946561212 3
15846994788 3
13846156249 3
15945884862 3
15846995682 3
13946403719 3
15945883748 3
15846990995 3
15846990905 3
15846994428 3
15846990771 3
15846994208 3
13946421507 3
15946559728 3
15846990068 3
13624549122 3
13845471310 3
15846999680 3
13945473508 3
13803657723 3
15846993500 3
15846993691 3
13845417475 3
13845476670 3
13946473118 3
13603695565 3
13512683110 3
13946471378 3
15945884295 3
13846153327 3
13704546607 3
13803654808 3
13704865400 3
13836615659 3
13845472517 3
13512675770 3
13604865080 3
13945475962 3
13846146479 3
13555582207 3
13555597898 3
13846170822 3
15846993628 3
13846180320 3
13946455277 3
13704864226 3
13634540378 3
13704865056 3
15846999027 3
13704547998 3
13604542566 3
13836600713 3
13946459555 3
13945466335 3
13846155796 3
13836647391 3
15846994798 3
13604544782 3
13504543980 3
13945464631 3
15846994511 3
13946474939 3
15846991765 3
13512681420 3
15846992177 3
13945477461 3
13903680977 3
13946402773 3
13796352399 3
15945402390 3
13704541792 3
15904542516 3
15846991918 3
15945402023 3
13846187256 3
15846992377 3
13803653295 3
15904546058 3
15904545110 3
15804541173 3
15904543979 3
15846992887 3
13846182218 3
13846145049 3
13846135542 3
15845404379 3
15846992522 3
13603694776 3
13603693973 3
13845470871 3
13845470872 3
15804545554 3
13845411862 3
15846991099 3
13803654921 3
13604546471 3
13603691720 3
15846992321 3
13836646150 3
13603692613 3
13614691786 3
13634541587 3
15804541481 3
15945883933 3
15846994858 3
13846176987 3
15804541637 3
15945401356 3
13846135508 3
15845452388 3
15904543815 3
13603694706 3
15846991198 3
15846992636 3
13634545899 3
13504541697 3
13904546125 3
13846188904 3
15945882811 3
13836608504 3
15846991909 3
13614691615 3
13846151937 3
13945467665 3
13634546925 3
13634543380 3
13512643006 3
15846995613 3
15846991127 3
15846992818 3
13836606782 3
15846991778 3
13836605979 3
13845416627 3
15846991880 3
13555584036 3
13555598063 3
13604545799 3
15945886598 3
15846992611 3
15904545137 3
15945881991 3
13846139357 3
13803656653 3
13945451595 3
13845475900 3
13946458779 3
13803666438 3
13836656950 3
13512683421 3
13845478490 3
13846195616 3
13836660716 3
13946444435 3
13946452401 3
13836607842 3
15846998675 3
13512686573 3
15945889371 3
15846999350 3
13846168697 3
13604864976 3
15846990828 3
13845412803 3
13945463248 3
15945403831 3
15045417666 3
13674540375 3
18249246249 3
15045419188 3
13604863643 3
13903684308 3
13845470839 3
13512676709 3
13555590083 3
13796354549 3
13555594209 3
13512685129 3
13555595069 3
13555595068 3
13845450649 3
13846150511 3
13796356641 3
13946406568 3
15846991866 3
13803651469 3
13946471495 3
13846140121 3
13846157241 3
15846991966 3
13836615343 3
13903682459 3
13945467860 3
13512647835 3
13512647960 3
15945886147 3
15845405442 3
15846994186 3
13846133920 3
13555593235 3
15945885293 3
13603694988 3
13803653313 3
13603695065 3
13846134611 3
15145488384 3
13945462616 3
13946452416 3
13555595880 3
13846166758 3
13845411817 3
13946425946 3
13945482493 3
13836615971 3
13904544045 3
13846190653 3
13946444542 3
15846994468 3
13845405240 3
15846994992 3
13846174747 3
13845472922 3
13555595631 3
13946451257 3
13846145012 3
13946473016 3
13704545905 3
13846185433 3
13803655115 3
15804541781 3
13504546479 3
13604865259 3
13555595202 3
15904542740 3
13803661535 3
15846992155 3
13555597210 3
15946563327 3
13846160159 3
13945482920 3
15945401198 3
13634545893 3
15804541086 3
15904543650 3
13604545600 3
13945456770 3
13603693376 3
15845402368 3
15946555138 3
13903680900 3
13945464639 3
13846177097 3
15904544159 3
13945457243 3
13634542376 3
13704862185 3
13555599639 3
13946427459 3
13945480659 3
13512688057 3
13846172453 3
13555595171 3
15904544028 3
15904543220 3
15945401467 3
13803668585 3
15846993579 3
13512685379 3
15904546857 3
15904545661 3
15945402176 3
13704866240 3
15846993785 3
13904544320 3
13945480911 3
15804542342 3
15904546897 3
13704543930 3
15945881008 3
13845407717 3
13945464109 3
13836615379 3
13512647760 3
13946403196 3
13846182186 3
13846184233 3
13504545063 3
15945887739 3
15945887020 3
15804547607 3
13836604812 3
15946553158 3
15946550669 3
13704544897 3
13674544109 3
13684547095 3
13945454302 3
13555594077 3
13845402375 3
15946559509 3
15945889247 3
13845416122 3
13512682991 3
15846992323 3
13904545381 3
13945454785 3
13836640380 3
13836603431 3
13846167171 3
15904540851 3
15904547326 3
13684547762 3
15945885122 3
13644547600 3
13644547611 3
15946563965 3
15946565865 3
15946566128 3
13555586720 3
13846197909 3
13684546318 3
13664547908 3
13836605377 3
13644547718 3
13836646088 3
13946459958 3
13836664375 3
13836666261 3
13946445157 3
13555588962 3
15846994248 3
13644547712 3
13684547358 3
13836651339 3
13946425058 3
13704865165 3
13644684649 3
13512677815 3
13836668329 3
15804546557 3
13946448838 3
13796355687 3
13604541708 3
15904547876 3
13614693060 3
13624540736 3
13946421760 3
13644542877 3
15145451891 3
15045413237 3
15145452906 3
15045413238 3
15145454859 3
15045413695 3
15946562186 3
15946555497 3
13734542670 3
15045413691 3
15045413245 3
15045413146 3
15045413675 3
13704860443 3
13734542797 3
13504545236 3
13845414261 3
13846141071 3
13664540216 3
15045413220 3
15945885819 3
15904542561 3
13614541583 3
15945882953 3
13734541807 3
15846993270 3
13945474516 3
15945883193 3
15945885786 3
15164515395 3
15045413275 3
13845404368 3
15945402209 3
15946568351 3
15145451559 3
15045413797 3
15145455659 3
15045413725 3
15946553176 3
15145451790 3
13512645831 3
13945497177 3
13945481966 3
15846993730 3
15845453588 3
15945887178 3
13664541776 3
15846992466 3
13845456985 3
15945885488 3
13512663819 3
15904541262 3
13803655672 3
15904542803 3
13946472631 3
13836606221 3
15846991952 3
13555590300 3
13796356185 3
13946425445 3
15904542847 3
13664541637 3
15904542693 3
13846182001 3
13796355413 3
13945461890 3
15846995372 3
13803661328 3
13555597968 3
15945889281 3
13803662201 3
13846191883 3
18245480110 3
13504546026 3
13734547722 3
13704541033 3
15846997878 3
13945452675 3
15846995353 3
13604863460 3
13845458275 3
13845413507 3
13803661780 3
15846990962 3
15904549807 3
15804542166 3
15846992208 3
13946401910 3
13846192128 3
13945456623 3
13512689433 3
13512698891 3
15904545153 3
13846152521 3
13846153682 3
15945885618 3
13555596815 3
15945889253 3
15846991585 3
13945452673 3
13846181370 3
13604540488 3
15946566351 3
13836648013 3
13644543012 3
13846186727 3
15846995118 3
15845402402 3
15846992770 3
13946406125 3
13845453823 3
13846151730 3
15846991626 3
18304544844 3
13903681148 3
15904542233 3
13634545196 3
13846176951 3
13614544175 3
13512645219 3
13512645593 3
13704868656 3
15945885765 3
13836665875 3
15846991368 3
15904546532 3
13946453348 3
13555597623 3
13704548583 3
13846183063 3
13945486501 3
13946402378 3
15904543522 3
13803664145 3
13836604103 3
13836604109 3
13903686712 3
13604868996 3
13604866581 3
13803662406 3
13624544568 3
15945884167 3
13604864936 3
13604541288 3
13555590633 3
13945451627 3
15945886010 3
15945886018 3
13644541520 3
13845452535 3
13845471519 3
13945485880 3
13803662590 3
13664543995 3
13704541497 3
13512689096 3
13946421121 3
15846991469 3
13946471086 3
15904543871 3
15904543872 3
13704541707 3
13836606906 3
13836655063 3
13512671982 3
13634541685 3
13796358011 3
13946406967 3
13845416992 3
13644545925 3
13604545130 3
13644542616 3
15845459103 3
15845409065 3
13836643016 3
15904545232 3
13512686800 3
13845453721 3
13846142967 3
13846196229 3
15845459253 3
13836645387 3
13845407305 3
13836665300 3
13803667970 3
13846153827 3
13512677028 3
13904544561 3
13846190707 3
13555580813 3
15845408503 3
13846197179 3
13555592386 3
13904547696 3
15846994256 3
15846994819 3
15846992717 3
13846145039 3
15846992718 3
15846992719 3
15904546561 3
13836642553 3
13904547702 3
13846177256 3
13512662556 3
13946472501 3
15846994953 3
15845408753 3
13846139683 3
15845407890 3
13945485918 3
13704864498 3
13845475972 3
13946405001 3
13803657757 3
13836607226 3
13836647260 3
13945461387 3
15804542475 3
13504545250 3
15904540509 3
13836663263 3
13555599921 3
13803658787 3
13846157707 3
15846992330 3
15846991882 3
13845401312 3
13644545006 3
13846155018 3
13836669355 3
13664545826 3
13624547747 3
13846168872 3
13845403615 3
13836605769 3
15904546346 3
15946564656 3
13803663502 3
13846156936 3
13946450501 3
13846186072 3
13796351747 3
13803656609 3
15846992117 3
15846992989 3
13945463189 3
13512685968 3
15804545883 3
15845455388 3
15845455288 3
13624546855 3
15945404460 3
13846149215 3
13836663633 3
15846994786 3
13555590701 3
15045402988 3
13614691168 3
13512680851 3
13836649247 3
15846992335 3
13614696592 3
15846991657 3
15904546722 3
13604865575 3
15846991790 3
13604866615 3
13946456188 3
13614696648 3
13614696903 3
13614696910 3
13614696917 3
13614696951 3
15846991999 3
15846992469 3
13664540301 3
13664540302 3
15846991875 3
13644547369 3
13796358189 3
13946402820 3
13512699131 3
13512682400 3
13504543515 3
15846991738 3
15846992443 3
15846992775 3
13664540419 3
15946552301 3
13704860848 3
13512664993 3
15846992111 3
13945474021 3
13624544982 3
13684546923 3
13946403985 3
13614690984 3
13946474736 3
13604542284 3
15145456465 3
13512699606 3
15204549505 3
13704541780 3
13512678411 3
13946426253 3
13512661339 3
15045404009 3
13604541203 3
15204549686 3
13624540686 3
13624540683 3
13664547077 3
13624541002 3
13624540579 3
13603696385 3
13614694696 3
13684547133 3
13664547272 3
13903687803 3
13846180103 3
13634547691 3
15904547713 3
15846992191 3
15904542606 3
13512647869 3
13664547277 3
13555588527 3
13664543127 3
15846999854 3
13624543397 3
13624543587 3
13624543632 3
13846197650 3
13624543065 3
13684546798 3
15946554392 3
13946444323 3
13803669335 3
13836648786 3
15846991397 3
13836651308 3
15845409175 3
13846142867 3
13634546931 3
13624545055 3
13664545867 3
13634547763 3
13664545736 3
13946457496 3
13684547216 3
18204545428 3
18745484133 3
15904547870 3
13624543868 3
13846138985 3
13624543889 3
13845409391 3
13624543913 3
15845407617 3
13624544013 3
15846992581 3
15045402562 3
13644545543 3
13504545501 3
13704544586 3
13504545706 3
13836604798 3
15904541300 3
15945403582 3
13846143511 3
15845407746 3
13846191969 3
13555594828 3
13846192292 3
13803661180 3
15846992736 3
13803655501 3
15904542290 3
13946440147 3
13946424941 3
15946556043 3
13945469848 3
13836604980 3
13512671731 3
13512687002 3
15846991976 3
13512662152 3
15846992896 3
13836643775 3
15045402727 3
15946559019 3
15045402828 3
15045402929 3
15045401966 3
15045401766 3
13946422589 3
15045402533 3
15045402321 3
15045401987 3
13945474269 3
15045401876 3
15045402422 3
13734544663 3
15945885637 3
13614541139 3
13634543207 3
15045402002 3
13603698169 3
13903685020 3
13644548065 3
15045401316 3
13945498729 3
13555585030 3
13846154862 3
15045401231 3
13704544031 3
13796352133 3
13603695112 3
15946565947 3
13512660620 3
13845405596 3
13634543086 3
15045402689 3
13846131531 3
13664541783 3
13846154385 3
13664545380 3
15045402665 3
13664542899 3
13624545568 3
13845454280 3
13664542523 3
13512673772 3
13846164593 3
15045401218 3
13845405280 3
13603696608 3
13904548025 3
13555581219 3
15845454277 3
15204545008 3
15046495466 3
15145488643 3
15204542218 3
15204540067 3
13945499269 3
13555593217 3
13836653673 3
15846991719 3
13624545282 3
13846131979 3
13644547130 3
15946553330 3
15846991720 3
13846198003 3
15846994848 3
15846995499 3
13734541355 3
15846992046 3
15846996988 3
13512661007 3
13614698991 3
15846996399 3
15846994665 3
13504544580 3
13512661433 3
13624549058 3
15846996811 3
15846992555 3
13846179862 3
13945486026 3
13684546698 3
13945486029 3
13603692203 3
13664540902 3
13512663275 3
13684546078 3
13604548759 3
15846995079 3
13845470540 3
13604867736 3
13555598942 3
13946454279 3
13614693400 3
13946446478 3
15846991871 3
15846990931 3
13946423050 3
13664540997 3
13614692709 3
13614694989 3
13836669647 3
13664540278 3
13614690877 3
13945465736 3
13904549126 3
13504540699 3
13512683958 3
13945482056 3
13555593865 3
15045400005 3
15045400006 3
13624541087 3
13836654260 3
13644548820 3
15946561001 3
13512685085 3
13836668628 3
15045406999 3
15045403123 3
15045404455 3
15045407766 3
13946471358 3
13624541253 3
13846144220 3
13555582602 3
13704864297 3
13644547171 3
13846175571 3
13704861918 3
13846131178 3
15846992403 3
15846993489 3
15845459763 3
13946455692 3
13946409970 3
15846993865 3
15846990128 3
13604865708 3
13604547452 3
13946472430 3
13946474079 3
13604546475 3
13604865040 3
13704546928 3
13624540385 3
13945471841 3
13845477951 3
13903684237 3
13845413911 3
13846184186 3
15846991205 3
13664545827 3
15846991209 3
15846991219 3
13664540508 3
13664540795 3
13734545897 3
13734546897 3
15846996882 3
13803651032 3
15846995656 3
15846991000 3
13946425730 3
13903689766 3
13555592106 3
13845450911 3
13624540396 3
13945457641 3
15846992179 3
13946421540 3
13624542356 3
13836652360 3
15846999841 3
13803659535 3
15846994536 3
13624540138 3
13845409468 3
13644547295 3
13836652099 3
15846991370 3
15045407007 3
13904547609 3
13836654147 3
13836643160 3
13846154291 3
15045403516 3
13945466442 3
15204546528 3
15204546522 3
15164517347 3
15145459252 3
13684546427 3
15204547197 3
15204543166 3
13614541323 3
15946566001 3
15204545115 3
15946554512 3
15046496589 3
13555596562 3
13555596631 3
15846996132 3
13704867754 3
13604543150 3
15046497275 3
13945457791 3
13846185830 3
13704541770 3
13704543118 3
13845458497 3
13836663180 3
13704544406 3
13803652201 3
13945468311 3
13604865455 3
15804549181 3
13836666131 3
15845458897 3
15845455188 3
13644545472 3
15845404136 3
15846994371 3
13903680131 3
15904543089 3
13644544820 3
13684546287 3
15945404079 3
13946405818 3
13846183257 3
13604543253 3
13604543260 3
13846183425 3
13684546338 3
18745499251 3
13846186253 3
13704863782 3
15846994172 3
13803662290 3
15946554771 3
15045408181 3
13604867962 3
15045408998 3
15045408699 3
15946567652 3
15045409155 3
15045408499 3
13836644095 3
13504540161 3
13796354253 3
13836654087 3
13836654395 3
13846131150 3
13945472549 3
13845406047 3
13846132587 3
13845451758 3
13946424659 3
13846142828 3
15845407831 3
13604865580 3
15045405379 3
15045405371 3
15846990759 3
13846180645 3
13512681360 3
13845477696 3
13845477969 3
13946474909 3
13604866159 3
13603696742 3
13704866657 3
13845402882 3
13704866153 3
13846194365 3
13604866067 3
13845410611 3
15045407321 3
13604546556 3
15946553432 3
15846997070 3
15904543996 3
13846158399 3
13846191062 3
13604549668 3
13604543675 3
13945465523 3
13512671832 3
13512660023 3
13664546681 3
13555586957 3
13614699355 3
13512675996 3
15045405767 3
13845415960 3
13614695955 3
13504543855 3
13846145277 3
13704866405 3
13946448133 3
13555587408 3
13512662115 3
15045405270 3
15946555330 3
15045404099 3
13512645045 3
13504542210 3
13803668372 3
13803669031 3
13803669732 3
13604867767 3
13945460383 3
13945460905 3
15046469498 3
13945466791 3
13664543157 3
13603697210 3
15946563028 3
13604540215 3
15846993349 3
13604542049 3
15846992781 3
13803656339 3
13704543927 3
13603697805 3
15904545076 3
13624542635 3
15904543363 3
15804543947 3
15945882470 3
13704549448 3
15846992531 3
13504546695 3
13945476203 3
15845456488 3
13946441056 3
15846995326 3
15946561581 3
13846173753 3
15904542773 3
13946452573 3
15946565337 3
13684548581 3
15946565531 3
13664545838 3
13664545938 3
13624541708 3
13946441533 3
13946429055 3
13946429655 3
15946569940 3
15804548335 3
15845408588 3
15804548849 3
13796351377 3
15946555445 3
13945473565 3
13504549808 3
13836669152 3
13604543409 3
13604543189 3
15845402789 3
15804548920 3
13946420716 3
15945880289 3
13846190253 3
15904545912 3
13903683193 3
13946440429 3
13946455380 3
13946454655 3
13734543059 3
13704544928 3
13945469477 3
13704544989 3
15204549131 3
15204548755 3
18714542996 3
15045407718 3
15846993773 3
13664546076 3
15904543182 3
13704543058 3
15946562272 3
13946449527 3
13644541516 3
15045407310 3
13946426230 3
13604544163 3
13604544165 3
13684541627 3
13555593821 3
15045403435 3
15946565560 3
13845455850 3
13846156968 3
15045403480 3
15045403315 3
13604540157 3
15045405719 3
15946552369 3
13644544686 3
13512680962 3
13846150802 3
13644546588 3
13512672850 3
13604546052 3
13846181170 3
15045407508 3
13614695602 3
15045403133 3
13946442413 3
13664544997 3
15045404236 3
13512689257 3
13846144763 3
15045403997 3
13945466749 3
13845451827 3
13836645089 3
13512663990 3
13555595361 3
13946420750 3
15945403466 3
13614694648 3
13846181969 3
13555586839 3
13846182578 3
13704549985 3
15045404732 3
13504542989 3
13945463257 3
13845454877 3
13603691313 3
13512685171 3
13803662738 3
15045400808 3
15045404369 3
15045404392 3
13836659781 3
15045406166 3
13846132712 3
15045404056 3
15045405525 3
15045405055 3
13946456193 3
13846174865 3
15846992333 3
15045406161 3
15045405100 3
13845453987 3
13836606726 3
15045407200 3
13946426050 3
15045405800 3
15946555756 3
13604866342 3
13614695841 3
13624541031 3
13845476791 3
15045409181 3
15045403878 3
13846156245 3
15045404575 3
13734546090 3
15045401190 3
15946563928 3
13555598401 3
15045402703 3
15045401331 3
13946406206 3
13512646328 3
13512643278 3
13512681351 3
13946422355 3
15045404868 3
15946551025 3
13624548576 3
13836648863 3
15045403797 3
13664541933 3
13512669880 3
13664543062 3
15045404357 3
13704545620 3
13555582928 3
15045407356 3
13803653913 3
13604865258 3
15045409112 3
13603697599 3
13846132520 3
13846151289 3
13555596459 3
13555592695 3
13946406029 3
13624542521 3
13614692851 3
13845473001 3
13644688397 3
13846144797 3
13945493386 3
15045404596 3
15845400350 3
13512694306 3
13704864065 3
13704545406 3
13614546007 3
15946563783 3
18745477971 3
15045406947 3
13946450503 3
13555595282 3
13664544160 3
13704864161 3
15045405002 3
13512660053 3
13845453288 3
13734545869 3
15846990386 3
13846154748 3
13846171805 3
15045407610 3
15045405399 3
13803657228 3
13796353008 3
13803663500 3
13555582730 3
13836663729 3
13644684492 3
13634540559 3
13846143360 3
13845419871 3
13846182800 3
15045404225 3
13555585650 3
13604543869 3
13512698213 3
15804540406 3
15804540097 3
13836605757 3
15845458366 3
15045406158 3
13946424760 3
13845450318 3
15804540357 3
15904540547 3
13634540708 3
13945474915 3
15045403788 3
13634547058 3
13603696022 3
15846994800 3
15946550992 3
13512644118 3
13604543853 3
13946425802 3
15045406119 3
13845472641 3
15045401865 3
13664548020 3
13796358798 3
15846990317 3
15804545109 3
15045405916 3
13512682210 3
13945460211 3
15045408489 3
13803662199 3
15045403721 3
15045409867 3
13946422552 3
15045405751 3
13836600149 3
15904549553 3
15845405928 3
15845403598 3
15845400468 3
13604866758 3
13845473918 3
13604865667 3
13846146630 3
13846145218 3
13664543578 3
13946444242 3
15904542488 3
13734540078 3
15845400918 3
15845408345 3
13845416537 3
13614691933 3
15904548429 3
13512674632 3
15845407509 3
13604865023 3
15946554422 3
13903684848 3
15946561670 3
15945402149 3
15845404108 3
18245454486 3
15904549361 3
13684548568 3
15845404793 3
15904549385 3
15845407265 3
15845400587 3
15845404408 3
13555592048 3
13555592180 3
15845402093 3
13846180148 3
13845476870 3
15845404152 3
13684547091 3
13845471652 3
15845400573 3
13803667311 3
13796351635 3
13803657941 3
15845406234 3
13555584418 3
13704860918 3
13845415290 3
13845418231 3
13704860978 3
15904546600 3
15946560555 3
15904547111 3
13555587605 3
15946557557 3
13604546829 3
13846171231 3
15845407793 3
13512687917 3
15945400001 3
13803668987 3
13846167533 3
15904548406 3
15904549381 3
15845405183 3
15945404555 3
13846185291 3
15845404056 3
15845403135 3
13512666700 3
15845400158 3
13603694352 3
13945487489 3
13504699364 3
13512668994 3
15845405550 3
15845404562 3
15845405622 3
15845406985 3
13836660737 3
15845407663 3
13846142496 3
15804549605 3
15845402575 3
15845400791 3
15804548472 3
15946568047 3
15845406019 3
15845407953 3
15845453377 3
13845407052 3
13845474681 3
15145455997 3
13946441717 3
13704546218 3
13704546269 3
15164517831 3
15145458258 3
15145458268 3
13846174457 3
13946446008 3
15904540061 3
13604544271 3
13846184565 3
13845408399 3
15846999779 3
15945888851 3
13845474278 3
13803666877 3
13845416875 3
13946456232 3
13604543275 3
13796358277 3
13846156286 3
13945467581 3
13946420442 3
13846194946 3
13946403351 3
13684545626 3
13624545750 3
13624546615 3
15946569432 3
15804548442 3
15904541381 3
15904548528 3
13945451997 3
13845456526 3
15946551533 3
15804549469 3
13836656858 3
15804549361 3
15904549535 3
13836666701 3
13945484592 3
13803656995 3
13945453365 3
13634542922 3
15904548503 3
13603691319 3
13836655792 3
13846177251 3
13846174110 3
15946568420 3
13836653233 3
13845411071 3
13846153040 3
13512660559 3
13704866909 3
13945469125 3
13664544139 3
13704865061 3
13846136102 3
13604541131 3
13604864186 3
13555583930 3
13845404520 3
13603697786 3
13845410541 3
15946569113 3
13845406206 3
13555596496 3
15804549465 3
15845405166 3
13945451442 3
13846181277 3
13836607949 3
13803661553 3
13846171311 3
15845400568 3
15845407757 3
13904544521 3
13604546845 3
13704547506 3
13704547507 3
13846151938 3
13512682522 3
13904545991 3
13946406137 3
18324548219 3
18324548220 3
13845405322 3
13903681810 3
13836651660 3
13945462411 3
13845404629 3
13836603450 3
13803662765 3
13836652850 3
13946426340 3
13904544573 3
13604866860 3
13604547318 3
13512666142 3
13634541289 3
13903681458 3
13803663475 3
15145493778 3
13846180248 3
13846145121 3
13504540642 3
13512694213 3
13845400502 3
15214669202 3
13604545181 3
13603694622 3
13803662246 3
15946551199 3
13836665726 3
15845405040 3
13836640728 3
15904540825 3
13846160391 3
13512694360 3
13603694126 3
13803662489 3
13846158909 3
13945482481 3
13704544722 3
15946569193 3
15904549746 3
13803669328 3
13604546865 3
13512694918 3
13512661003 3
13512694957 3
13803665705 3
15904541110 3
13504546230 3
13704861628 3
13945472833 3
13945464630 3
13836663536 3
13836663597 3
15845400149 3
13845472752 3
13846153367 3
13846196359 3
13846131686 3
13603692396 3
13603693402 3
13945486063 3
13945487961 3
13512684588 3
15845403377 3
13604865997 3
15845403399 3
13846144463 3
13904546935 3
13604866398 3
15845404411 3
13836648628 3
15845404477 3
13945479676 3
13945497146 3
13846139656 3
13836665697 3
13836665983 3
13836666098 3
13803653097 3
13846166057 3
13836667145 3
13512673929 3
13845453902 3
13945484535 3
13836641693 3
13846166828 3
13836649131 3
18845482733 3
13704867153 3
13846191055 3
13603694536 3
13504542301 3
13846162381 3
13846161848 3
13845476940 3
13796355471 3
13846150376 3
13603692331 3
13634543310 3
13846187455 3
13704543787 3
13512643481 3
13836644013 3
13604543841 3
13836653615 3
15845401767 3
13512684257 3
13704543181 3
13836615327 3
13846146299 3
13836663169 3
15946555940 3
13846185856 3
13836644202 3
15904549053 3
13803661720 3
13846198455 3
13945487566 3
13836654278 3
13555583115 3
13604547215 3
13512643129 3
13904546119 3
13803661592 3
15946567877 3
13846154732 3
13846161629 3
13604867585 3
13796357418 3
13946450466 3
13512686172 3
13846183940 3
13846194047 3
13846194235 3
13846194311 3
15946566456 3
13846134890 3
13846160231 3
13604864292 3
13704861745 3
13604549606 3
13846163225 3
13555598355 3
15845407918 3
13603699668 3
13945458983 3
15804549501 3
15804549502 3
15804549503 3
15845402181 3
15804544544 3
13555597935 3
15845405432 3
13846178936 3
13704863033 3
15845406467 3
15845401202 3
13946428894 3
13803659750 3
15845400813 3
15845401456 3
15845407520 3
13846171168 3
13604547391 3
15845402270 3
13845405891 3
15845404053 3
13604865835 3
13836664529 3
15845407659 3
13512662019 3
13836652703 3
13846171096 3
13704864622 3
15845405975 3
13504540249 3
13945474226 3
13846162749 3
13604545377 3
13846156037 3
13845472071 3
13555593868 3
13836667562 3
13512641669 3
13604546843 3
13945477375 3
13945497021 3
13846142527 3
15904549462 3
13704865323 3
13846154415 3
13836601955 3
13604865175 3
13845406458 3
13836608139 3
13704544469 3
15946550700 3
13704547743 3
13634546355 3
15946568956 3
13512677897 3
15845401458 3
15845400718 3
15845400776 3
15845407555 3
13734548388 3
18245487812 3
15904547710 3
15164510131 3
18845427526 3
18724229052 3
13836649050 3
13945464251 3
13664547919 3
18724543960 3
15246468459 3
15246489752 3
13603698041 3
18245482768 3
15945404564 3
18249822232 3
15245488659 3
13512648102 3
13803662591 3
15046490490 3
13945460640 3
18245476611 3
13604868691 3
13946457397 3
18845497542 3
13604542826 3
18845480341 3
13512667326 3
18804543145 3
15045418945 3
13845454883 3
15804547596 3
13945459730 3
18249263491 3
13945451146 3
13904544827 3
13624549481 3
18245497290 3
15804541129 3
13845417431 3
13846138519 3
15164517045 3
13603697735 3
15245482837 3
13946409161 3
13836654601 3
18249825641 3
13846131815 3
15214660465 3
18204540466 3
13512665756 3
13704548692 3
18245497315 3
13946408683 3
15214666310 3
13624545256 3
18249256910 3
15204544299 3
13512683905 3
18245459459 3
18845428388 3
18845415987 3
13555588861 3
13846192312 3
13904545349 3
13555593726 3
13624548230 3
18845411266 3
18204545973 3
15845405995 3
15946551235 3
18845495348 3
13512662357 3
13945466209 3
13624544471 3
13945498200 3
13684545799 3
15246478758 3
15246493298 3
13945462150 3
18804545405 3
18845483353 3
15845409412 3
18204543908 3
13946425223 3
15845451771 3
18845408987 3
13634543801 3
13664542169 3
13704543213 3
15214666881 3
13846192340 3
18724549385 3
13796355182 3
18324548237 3
15164519966 3
18245492091 3
15246474671 3
18324548258 3
13603696835 3
13945452935 3
13946408965 3
13945471861 3
15045403381 3
15946562497 3
18804542810 3
13945465647 3
13845452187 3
18845490332 3
13846198684 3
15245452022 3
15045414510 3
13684545235 3
13836601744 3
13846168922 3
15245480511 3
15845459647 3
13845472173 3
13664541347 3
18804545959 3
15904546619 3
18245450491 3
15204544170 3
13634546861 3
13903682023 3
13734547959 3
18804545653 3
13555599507 3
15246462692 3
18845424928 3
15846994465 3
18204549138 3
15804546709 3
13846132507 3
15945886071 3
18845405693 3
13945466694 3
18245468776 3
13946443719 3
13946406926 3
18249252330 3
13512668659 3
15045410821 3
13946421147 3
18249236637 3
15845407477 3
18249257451 3
13624543885 3
15246465236 3
18845483095 3
18845490265 3
15204541750 3
13846168330 3
13704549232 3
13512699103 3
18245456465 3
13504540735 3
15246478880 3
18324545859 3
18845429290 3
15845459497 3
13845459738 3
13836659905 3
13803658899 3
13946442319 3
18245483766 3
18804543557 3
13704863923 3
18845490137 3
15246498621 3
18249247846 3
18724213828 3
18845411633 3
18724547748 3
13512684738 3
15246469223 3
13836642283 3
15946552051 3
15045412491 3
13836606008 3
18745461329 3
13946442183 3
13946456149 3
18724214776 3
18324548242 3
15245454229 3
18249235887 3
15246493283 3
18249252090 3
13803657929 3
13555580368 3
18324548228 3
13504546056 3
13555590420 3
13624547846 3
13704860771 3
13846146113 3
15046468130 3
13704861205 3
15245487669 3
18714544077 3
15845404940 3
18245492349 3
13803657257 3
15164519860 3
15164512593 3
18845416010 3
15245455486 3
15214666519 3
13945469183 3
15946566453 3
18249267893 3
15046460478 3
15045419398 3
13684541390 3
18245495787 3
13603698402 3
15045415393 3
18845416001 3
13614691365 3
18845490580 3
18745475801 3
13836646013 3
15945885496 3
13512699701 3
15046498287 3
18249826527 3
15946567994 3
13803657867 3
13512664310 3
18845409368 3
13836653672 3
15145454971 3
18304543453 3
13674544648 3
13846173411 3
18245468526 3
15045413493 3
15246487863 3
18245466275 3
18245475702 3
15046469109 3
15245480908 3
15204541154 3
13946452605 3
13614695095 3
13836658304 3
18745488839 3
13836655178 3
15214667108 3
18745472821 3
13846137458 3
13512674302 3
15214665467 3
13803656749 3
13846139701 3
13634547563 3
18845480503 3
13846172587 3
13946440401 3
13945481667 3
13846146455 3
13512641313 3
15145456460 3
18845416019 3
15246499922 3
18245451313 3
18245465778 3
18845416016 3
18845429255 3
18845480513 3
13624541686 3
13512685753 3
13945475001 3
15046498058 3
15046498081 3
13512672717 3
13836644906 3
13512673171 3
13836661979 3
13704544481 3
15804541587 3
13555593207 3
13504540649 3
13734545091 3
13734541579 3
15145489266 3
15145489100 3
13512660177 3
15045409077 3
13945454091 3
15164518916 3
15145452066 3
15945883118 3
13946428867 3
13946451248 3
15145489598 3
15145491101 3
13684547225 3
15946554878 3
13945453453 3
15145452536 3
15245480825 3
13836650246 3
13624548760 3
15804546681 3
15145457678 3
15045406343 3
15846995030 3
13704543323 3
15845457217 3
13796356097 3
13614697380 3
15945886198 3
13945466981 3
15145456574 3
15145456142 3
15145456211 3
13604547341 3
13946441330 3
15145456150 3
13504547206 3
13796354855 3
13836607397 3
13803656507 3
13803656547 3
13504696361 3
13803656701 3
13803657226 3
15145456689 3
13734540797 3
13945457845 3
15845451640 3
15145449777 3
13796353096 3
13836605928 3
15164511601 3
15145454688 3
13945450997 3
13644547569 3
13836654887 3
13904546383 3
13512686943 3
15145488758 3
15145457237 3
13846188167 3
15846993303 3
13836604943 3
13836663287 3
13946454129 3
15845456152 3
13504696689 3
15946567331 3
15946567469 3
15946567130 3
15145457064 3
13845412981 3
13704545430 3
13846131143 3
15145458231 3
15145458232 3
15804547689 3
13614696857 3
15946560765 3
13945454251 3
13614697181 3
13796356759 3
15164515499 3
15145457616 3
13555591871 3
13846140223 3
13945474900 3
13803665813 3
13603697598 3
15145491955 3
15145491889 3
15145491931 3
15845401640 3
15145456088 3
15945401425 3
15164511539 3
15945881932 3
13634542838 3
15164514531 3
13946409260 3
13512685801 3
15145453533 3
15946552578 3
15145488898 3
13904549086 3
13704548260 3
13836606287 3
15045419033 3
15945882418 3
15145499976 3
13644540522 3
13512694157 3
15945880747 3
15846995626 3
15946553256 3
15845402269 3
13512663082 3
13512662298 3
15804548122 3
15046490325 3
13796351750 3
15045403625 3
13836657083 3
13614545609 3
13504542952 3
15045403576 3
13644549987 3
15945884698 3
15046498308 3
13734543949 3
13664542515 3
15946563803 3
15946563981 3
13624659266 3
15145455027 3
15164517657 3
15164517368 3
13734545167 3
15164510335 3
13734545969 3
13734545768 3
13512675767 3
15164517318 3
13946453160 3
15045409391 3
15145451858 3
15045409218 3
13734545342 3
15164515677 3
13803651331 3
15946567080 3
13846196658 3
15804544042 3
13684546656 3
13845413711 3
13846190766 3
13845413640 3
15145489789 3
13845470993 3
15145453592 3
13845451925 3
13946448909 3
15145487700 3
15145488735 3
13903689130 3
15145489889 3
15145489918 3
15145489321 3
15145457997 3
13803659170 3
13803659171 3
13846174930 3
13845404316 3
15045403065 3
15145499589 3
15145499166 3
15945884185 3
15045409985 3
13555596707 3
13624544435 3
15145420000 3
13555596617 3
13734543769 3
15145489800 3
15145489858 3
15145489277 3
13845413370 3
13945485299 3
13904546009 3
13555597028 3
13945454140 3
13624543236 3
13846153667 3
13603691047 3
13644542285 3
13504543353 3
15145454026 3
13704862035 3
13512671230 3
13946444013 3
13604546077 3
15145454075 3
15804542648 3
13836650295 3
13734543821 3
13614695629 3
13644544623 3
13512675402 3
13946403260 3
13644545140 3
13644545701 3
15046464395 3
13836604762 3
13704862356 3
15845457421 3
13846134039 3
13734547981 3
15145457076 3
15145488897 3
13555583233 3
13845451428 3
13504696306 3
13604542029 3
13945470840 3
13512649706 3
15845458798 3
13846134189 3
15845458349 3
15145494545 3
15145496412 3
15145495151 3
15145495252 3
15145495833 3
15145496970 3
15145495780 3
15145495837 3
15145491259 3
15145496062 3
15145496063 3
15145496978 3
15145495788 3
15145497759 3
15145495795 3
15145498550 3
15145495798 3
15145498543 3
15145496841 3
15145495800 3
15145496108 3
15145497542 3
15145493755 3
15145496110 3
15145495802 3
15145491300 3
15145490721 3
15145496120 3
15145497551 3
15145495502 3
15145495811 3
15145496848 3
15145490724 3
15145491312 3
15145491315 3
15145495855 3
15145497562 3
15145496329 3
15145496330 3
15145497566 3
15145493085 3
15145496339 3
15145490837 3
15145497801 3
15145497581 3
13846194906 3
15145495987 3
15145496351 3
15145490630 3
15145494158 3
15145493578 3
15145493579 3
15145491363 3
15145495096 3
15145493593 3
15145492409 3
15145491748 3
15145495170 3
15145492793 3
15145495395 3
15145495036 3
15145496370 3
15145492773 3
15145498098 3
13624544516 3
15145493176 3
15145491493 3
15145493137 3
15145490637 3
15145496521 3
15145492725 3
15145492721 3
15145494785 3
15145498631 3
15145497143 3
15145490174 3
15145496540 3
15145492983 3
13846178356 3
15145493205 3
15145497148 3
15145494653 3
15145492518 3
15145493407 3
15145493278 3
15145494526 3
15145490658 3
15145493430 3
15145493409 3
15145493153 3
15145497153 3
15145493157 3
15145491550 3
15145495452 3
15145497191 3
15145494600 3
15145494680 3
15145493931 3
15145497197 3
15145493938 3
15145495133 3
15145491535 3
15145493955 3
15145495138 3
15145498283 3
15145494587 3
15145495153 3
15145494672 3
15145494407 3
15145493327 3
15145498175 3
15145493457 3
15145497163 3
15145494406 3
15145493329 3
15145493362 3
15145492171 3
15145492175 3
15145495439 3
15145495450 3
15145498931 3
15145494718 3
15145493976 3
15145495472 3
15145493985 3
15145497917 3
15145495598 3
15145498272 3
15145495428 3
15145493672 3
15145493850 3
15145498321 3
15145498676 3
15164512981 3
15145498975 3
15145493698 3
13704868859 3
13604548837 3
13604868916 3
15145493708 3
13603698687 3
15145493783 3
13734549612 3
15145497232 3
15145497235 3
15145497238 3
15145497251 3
15145497252 3
13734543953 3
15145497260 3
15145497270 3
15145497024 3
15145497053 3
13734543952 3
15145497289 3
15145497313 3
15145496279 3
15145497315 3
13846198339 3
15145496941 3
15145496265 3
15145495208 3
13846194826 3
15145496163 3
15145497067 3
15145496958 3
15145497072 3
15145497073 3
15145496230 3
13512675587 3
15145497079 3
15145496188 3
15145496208 3
15164511420 3
15145495913 3
13512674036 3
15164514941 3
15145495923 3
15164514973 3
13946451991 3
15045419108 3
13803653349 3
15164514961 3
13845451477 3
13603693702 3
15145496124 3
15145454702 3
13846152230 3
13504541575 3
13603691501 3
15145495943 3
15145497356 3
13836654518 3
15145495947 3
15046493480 3
13846144312 3
13704863401 3
13796355056 3
15145450726 3
13945452045 3
15145495969 3
13845410262 3
13846133161 3
15145495895 3
13803665110 3
13836652690 3
13634542413 3
15145498009 3
13803654085 3
15164511407 3
13903686015 3
15046497535 3
13945497396 3
13946454960 3
13846172655 3
15046490360 3
15045411172 3
15045407782 3
13946441885 3
13704863430 3
13614693148 3
15845450359 3
15045410338 3
13614690428 3
15945402030 3
13512647128 3
15845402543 3
15845405750 3
13604543943 3
13604544298 3
13946445296 3
15945402012 3
13836650143 3
15904543071 3
13946473372 3
15045406623 3
13945456592 3
15145457898 3
13846187403 3
13803657339 3
13846186641 3
13684546090 3
15045419349 3
13684540260 3
13846186310 3
13846186276 3
13512667601 3
15045406562 3
13846156798 3
15045419350 3
13904547248 3
15045419353 3
13614690525 3
15846996758 3
13846186076 3
13836655420 3
13846177976 3
13846177902 3
13945454369 3
13945454616 3
15145422666 3
13846196242 3
15046497302 3
13846196940 3
13614696712 3
13845476141 3
13836603822 3
15946552385 3
13512644272 3
13512686046 3
13512686140 3
13512677497 3
13644547532 3
15845405679 3
13945465072 3
13946471575 3
13945481722 3
13624540198 3
15845405011 3
15845405700 3
13624540097 3
13803667712 3
13803650980 3
13946454911 3
13836654487 3
13604543585 3
15804545576 3
15804542776 3
13845416490 3
13945460996 3
15046490330 3
15845453045 3
15804540947 3
13836651397 3
15804543762 3
15046494967 3
13836662342 3
15045411013 3
15845455520 3
13504543439 3
13512682952 3
13512682075 3
13845472097 3
13846170212 3
15046499328 3
13846133975 3
13704543815 3
13836646019 3
15845456941 3
13846136898 3
13803657583 3
13512648349 3
18245456524 3
15046499443 3
13845419946 3
13845478115 3
15045400317 3
13846166021 3
15045401826 3
13946405766 3
13614692643 3
13512694853 3
13614699982 3
13846145002 3
13624547339 3
15046490486 3
13803667713 3
13846153963 3
15045401829 3
15846997340 3
15904548968 3
13614698243 3
13512676087 3
13946443652 3
13945461962 3
15046495757 3
13845413360 3
13836655315 3
15804543650 3
13845402158 3
13684542105 3
15845459903 3
13604541089 3
13946452863 3
13555583609 3
13945484903 3
13796351569 3
15846991653 3
13614691025 3
15046495281 3
15045400073 3
15045400036 3
13836603056 3
13845451209 3
13945455549 3
13555582289 3
13946406078 3
13512660048 3
13803660599 3
13836603792 3
13846174629 3
13512684177 3
13846134415 3
13945451077 3
13836606486 3
15045406648 3
13803665733 3
13512665622 3
13614544012 3
13846192185 3
13684544441 3
13836651143 3
15046496898 3
15046495600 3
15946557945 3
13704864550 3
13504547098 3
13845476312 3
13836651728 3
13846194817 3
13555595609 3
13644544311 3
13946421169 3
15045411912 3
13796352989 3
13946406080 3
13846140266 3
13604864435 3
13946425196 3
13555598121 3
13846135681 3
13846191506 3
15804542056 3
15804542083 3
15046496588 3
15846994133 3
13512687581 3
15046492185 3
13512645775 3
13604868786 3
13846134161 3
15904546703 3
15045400488 3
13846196046 3
13846179357 3
15045409592 3
13903684887 3
13803657687 3
13946455441 3
15846996927 3
13946442198 3
13945459619 3
15804547580 3
13845479878 3
13846145997 3
13846131575 3
13846137096 3
13846175971 3
13846133426 3
13803659027 3
15845400400 3
15804545086 3
15945887195 3
13836607897 3
13846174688 3
13624546439 3
13945471752 3
15845403116 3
15945887362 3
13803667075 3
13684541599 3
15045407698 3
15046497327 3
13684542208 3
15046496825 3
13846155262 3
13846134429 3
15904542575 3
15046495723 3
15046495750 3
15845407589 3
15946567263 3
13512667061 3
13512667081 3
13624543167 3
13603692046 3
15904547417 3
15046497243 3
15046497246 3
13604547073 3
13512687189 3
15045400418 3
15046497593 3
13604542152 3
15046497675 3
13946447736 3
13803652249 3
13846134021 3
15904542570 3
15046492359 3
15946553845 3
13704540543 3
13946421998 3
15046490798 3
15845404005 3
15045405799 3
15904549721 3
18745486817 3
13803667731 3
13836642881 3
13903689661 3
13945489535 3
15845451831 3
13803655531 3
13634542137 3
15046491708 3
13512694582 3
15904542446 3
13946473392 3
13946441188 3
13684545955 3
13644545055 3
13836615198 3
13846163140 3
15945401799 3
15845402003 3
15946556240 3
13946440533 3
15845401027 3
15845400735 3
13836600803 3
15945880047 3
15845457030 3
15845453617 3
13704869128 3
13604867910 3
13644545788 3
13846170775 3
15046496087 3
13845409358 3
13803669807 3
15046497401 3
15046497402 3
13704865860 3
15045411396 3
13734541599 3
15804541025 3
15045415210 3
15045418117 3
15045415386 3
15045415978 3
15045418192 3
15045418235 3
15045415983 3
15045418302 3
15045418320 3
13836601011 3
15045418194 3
15045416998 3
13634546627 3
13664544302 3
13555594530 3
15045410586 3
15845409448 3
13946473407 3
15845407519 3
15945882116 3
15945404206 3
13664543537 3
13845477541 3
15804542520 3
15046492265 3
13946456931 3
15164514346 3
13704863347 3
13512673771 3
15164512421 3
15945888662 3
15145451011 3
13555590846 3
13836640918 3
13845412375 3
15946551752 3
13512673510 3
15846997894 3
13644545035 3
13644547845 3
13624545305 3
13512666353 3
15145458215 3
15845459005 3
15145458216 3
15145458217 3
13803656281 3
13603696100 3
13846191106 3
13846184930 3
13604547908 3
13604547705 3
13512676881 3
13904544973 3
13946429448 3
13836660506 3
13836663880 3
13836663881 3
15904544892 3
13796355370 3
13512660386 3
13846146170 3
13604542959 3
15945887147 3
13846163496 3
13946421623 3
13846190312 3
18724548365 3
13512675699 3
15804549262 3
13945475181 3
13946452380 3
15904541332 3
13945471323 3
13945452791 3
13512648810 3
13836645330 3
15046497412 3
13684542696 3
13803661067 3
13634540260 3
13945451275 3
13846101200 3
15046468968 3
15046461919 3
13836643135 3
15046467677 3
13803651359 3
13704544838 3
15804542668 3
15046461616 3
15046463636 3
15046466088 3
15046466177 3
13704866911 3
13734541081 3
18745488153 3
15904541387 3
13846162591 3
13624542770 3
13845410741 3
15046496868 3
15846992562 3
15846997185 3
15846997255 3
15846997208 3
15045406599 3
13512671935 3
15045406566 3
13504542840 3
13946452790 3
13512680747 3
15845450017 3
13512671942 3
15845405269 3
13845470339 3
13603691583 3
13946424249 3
13555590380 3
15045411446 3
13846163520 3
13946455469 3
15946566965 3
15845457623 3
15045412349 3
13734540900 3
13555584929 3
13555594380 3
15045406759 3
13845476393 3
13904544323 3
13845406133 3
13836653069 3
13803650612 3
15846997358 3
15846997316 3
15946550390 3
13836615860 3
15845453151 3
15846997396 3
15845402245 3
15045411685 3
13846147125 3
13604546721 3
13555592622 3
15946550526 3
13734543266 3
13945485428 3
13555592829 3
15946550795 3
13846186569 3
15045411410 3
15804541036 3
15046497290 3
15945887191 3
13946403907 3
15946550648 3
13846179139 3
13674544870 3
13946452357 3
13946400759 3
13946442986 3
13836606309 3
13512645822 3
13803653548 3
13803655856 3
13946407893 3
15945882239 3
13945474305 3
13846159003 3
13614696496 3
13845407862 3
15945404727 3
15845403120 3
15845403368 3
13946425542 3
13555595452 3
13945463728 3
13846175822 3
13684544596 3
13846134080 3
13664544292 3
13846185317 3
15045412518 3
13704547029 3
13903684037 3
13803668517 3
15846991832 3
15846992255 3
15845405338 3
15846992319 3
13846173757 3
13634542208 3
13846198496 3
13684541108 3
15045401037 3
13846131779 3
15045411897 3
15904542590 3
15845451988 3
15045401459 3
15045401461 3
13946407493 3
13846156180 3
13846134076 3
13945497970 3
13614697653 3
13803667091 3
15904542250 3
13803667190 3
13803651766 3
13836657402 3
13803667313 3
15946567698 3
15845457307 3
15845459764 3
13634543452 3
13512674277 3
13555598511 3
15845403941 3
13945477363 3
15845400860 3
15046495299 3
15946552321 3
13945455975 3
15046493869 3
13846176718 3
15945400811 3
13664544388 3
15046493539 3
13946446993 3
15945887076 3
15046497677 3
15904547719 3
13946400509 3
13945481760 3
13846163975 3
13624543876 3
15045411910 3
15845452249 3
13644540577 3
15045410659 3
15045401415 3
15945882316 3
15045411059 3
13704864822 3
15045411356 3
15946565069 3
15804548631 3
13903688408 3
13674549959 3
13845478005 3
13946428282 3
13903687380 3
13704545599 3
13664544359 3
13614696500 3
13624540096 3
15845457466 3
13945455372 3
13614696063 3
13704547083 3
13846193627 3
15045410139 3
15045410145 3
15045412799 3
13624543198 3
13555598702 3
13684545883 3
15904546743 3
13684545022 3
13614697818 3
15045416811 3
15045416828 3
13684545568 3
15045416417 3
15045416313 3
15045416637 3
15045416439 3
15045416056 3
13684547266 3
15045415673 3
15045416085 3
15045416512 3
15045416405 3
15045415903 3
15045417118 3
15045416145 3
15045416769 3
15045416560 3
15045416162 3
15045416827 3
15045416598 3
15045415292 3
15045415931 3
15045416846 3
15045415930 3
15045415289 3
15045415190 3
15045416945 3
13803660778 3
13803654693 3
13846131087 3
13946404030 3
15046466240 3
15046466223 3
15046491132 3
15045414904 3
15945883662 3
15046461869 3
15045414672 3
15046494073 3
15046494167 3
13555583692 3
13796353280 3
15046467087 3
13512643440 3
13604863786 3
13846130415 3
15946562731 3
13846135227 3
13846167282 3
13845412403 3
13624543329 3
15946561358 3
13945469521 3
13624548519 3
13704869586 3
15946562110 3
13803658013 3
15046460740 3
15046466738 3
13512682069 3
13704541703 3
13845415363 3
13734543303 3
13946444100 3
15946561890 3
15046492843 3
15845451663 3
13555583152 3
13836661529 3
13704866651 3
13512670051 3
15046460578 3
13734542377 3
15046461859 3
15045400536 3
13504541431 3
13604548296 3
15046461592 3
15046461593 3
15046490336 3
15845457731 3
13946456686 3
15846996744 3
15046490327 3
15046497916 3
15904546709 3
15845404127 3
13836606818 3
13614691930 3
15945880662 3
13846186900 3
15046496108 3
13603693163 3
15046499744 3
13614691669 3
13836647081 3
13846196736 3
15946554185 3
13684542910 3
15045400918 3
15045400920 3
13846190398 3
15045418188 3
15246486981 3
13504541314 3
15046461875 3
13512661343 3
13845479937 3
13945470892 3
13946401018 3
15046463990 3
15246484890 3
15046465629 3
15046462021 3
13836654076 3
15946553978 3
18245498359 3
15946555312 3
13946422312 3
15046494592 3
13555591671 3
15945880630 3
13555583486 3
13846159227 3
13555584451 3
15046463188 3
13604542168 3
15946556905 3
15904541129 3
15845452386 3
13945451229 3
15046467307 3
13836645635 3
15045408527 3
13945455170 3
13836605023 3
15045409187 3
15045400612 3
13803655869 3
13836615283 3
13846135380 3
15046463987 3
13664543892 3
15046465713 3
13846154338 3
13846150360 3
15046465810 3
15946555732 3
13836662922 3
13644543093 3
13644543016 3
15046464922 3
15046463287 3
15046465625 3
13903689706 3
13946425950 3
13904549730 3
13945458615 3
15046464929 3
15046464909 3
13946425346 3
13945451667 3
15046499387 3
15045407927 3
15904548715 3
15046463957 3
15046463946 3
13734541272 3
13512670207 3
13614691392 3
13614692043 3
13946445433 3
13644545699 3
13504540956 3
15046468625 3
13512645635 3
13836615981 3
13803662821 3
13836649031 3
15046460936 3
13846132317 3
13845410609 3
13903682319 3
13846132136 3
13512694933 3
15046460969 3
13845476283 3
13846198544 3
15845406213 3
13803664113 3
13945466798 3
15045406847 3
13945477112 3
15045410232 3
15046491657 3
13512681682 3
13945486239 3
15046468638 3
13504697339 3
15046461518 3
13846148301 3
15046466647 3
15046466701 3
15804546183 3
15904546509 3
13512663956 3
13946450016 3
13836640910 3
13604547153 3
13796351512 3
13604543898 3
15904547657 3
13903680353 3
13846155330 3
15904548024 3
15945880797 3
13836657347 3
15046461239 3
15046465688 3
15046465757 3
13704863478 3
13512662952 3
15046466871 3
13512663139 3
15946557670 3
13796352863 3
13614690119 3
13796355416 3
13946405250 3
13946456436 3
13846154926 3
13846143508 3
13836641982 3
13846134358 3
13603696489 3
13603697102 3
13734546007 3
13803665902 3
13803662796 3
15046461500 3
13945452868 3
15845401219 3
15845401130 3
13946422202 3
15945881789 3
15945881678 3
15845453182 3
13603693444 3
13945471411 3
15845455861 3
13846145073 3
15845401223 3
15945885517 3
13946451775 3
13796354770 3
15045414135 3
13603694769 3
15045414500 3
15045414515 3
15045414526 3
15045414530 3
15045414548 3
15045414573 3
15045414576 3
15045414737 3
15045414746 3
15045414796 3
15845453881 3
15804547948 3
13836604626 3
13796352017 3
15045411950 3
15045414159 3
15045414412 3
13836606348 3
15045414396 3
15045414421 3
13664542812 3
15046466847 3
15046460045 3
13674544559 3
15845406135 3
15904547242 3
15904546798 3
13846161685 3
15045415996 3
13803662897 3
13803661362 3
15046461817 3
13684540496 3
13504544826 3
13684546996 3
15046461226 3
13803667945 3
15046462452 3
13512645986 3
13903686923 3
15046462168 3
15046460386 3
13845470493 3
13946453997 3
15046466421 3
15046460380 3
13846193008 3
15046466429 3
15045414864 3
15945404757 3
15045406871 3
13512670750 3
15046466700 3
13512647069 3
15046491592 3
13603692959 3
15046465858 3
15046467878 3
15246497461 3
15046462523 3
15046465959 3
15845456798 3
13604540406 3
13624548125 3
15045412521 3
13796355541 3
15046466659 3
15046460401 3
13603692269 3
15046462198 3
13512689634 3
15845405598 3
13555582819 3
13555582425 3
13684545476 3
15045411387 3
13846143771 3
15945401338 3
15804544868 3
13734541292 3
13734541826 3
13512671036 3
13704541206 3
13704541307 3
13903688502 3
13945462328 3
13504541739 3
15046469699 3
15046462208 3
13644549189 3
15046461679 3
13945463696 3
15845403436 3
13614544063 3
13946426248 3
15845451041 3
13604545870 3
15046462166 3
15046467927 3
15845405606 3
13945465838 3
13946425438 3
15046462313 3
15046462005 3
13604545621 3
13904545090 3
13836653430 3
15046462292 3
15046462291 3
13634542861 3
15046461941 3
15945887250 3
15046462307 3
15046462151 3
15046461266 3
13846135081 3
13845403229 3
13945464749 3
15046462121 3
15046462122 3
15046462323 3
13846145102 3
15046462263 3
15945403212 3
15046462270 3
13946472149 3
15046462267 3
15845400827 3
15945403239 3
13604867945 3
13512683933 3
13604867641 3
13704548223 3
13846135408 3
15046460169 3
15046463319 3
15046464699 3
15046464688 3
13634542369 3
13946472448 3
13846135413 3
13946442619 3
13634541717 3
13846135428 3
15046461590 3
15904543435 3
15046467026 3
15945402589 3
15846992554 3
15046467038 3
15046467367 3
13796357161 3
13846134643 3
13846183293 3
13634540773 3
13504542566 3
13845401867 3
13846151463 3
15046464626 3
15804544580 3
15045414659 3
15045414894 3
15046464690 3
15046462808 3
15946554196 3
13846134061 3
13846184976 3
13946425781 3
15845456562 3
15945883559 3
15046464650 3
13845472991 3
15046464602 3
15045400631 3
13803664435 3
13845400482 3
15046466720 3
15946555520 3
15046493350 3
13945481641 3
13634543408 3
15046464651 3
13803661811 3
15945883975 3
15045400465 3
13704545931 3
13704545536 3
15046495133 3
15046497219 3
15046496349 3
15945887142 3
13555583438 3
15046495763 3
13803659362 3
13512661571 3
15946557323 3
13846197951 3
15046465151 3
13846191422 3
13555584975 3
15046465939 3
13946426003 3
15046463766 3
15046463237 3
15046466867 3
15046463907 3
15946553041 3
13704866462 3
13845476591 3
13512646782 3
15946565705 3
13512672386 3
15046462327 3
15845406740 3
15946561902 3
13946407172 3
15045415177 3
13704546049 3
13846136918 3
13836647780 3
13945460658 3
15945887070 3
13846146198 3
13634541313 3
13555596618 3
13836644007 3
13803665515 3
18245461961 3
13704540059 3
13846190048 3
13796358735 3
13504547951 3
13704540828 3
13846191102 3
15904547125 3
13846140946 3
13846186470 3
18845499363 3
13946445918 3
15046465320 3
13734543037 3
15046460910 3
15046491903 3
15045406317 3
13803666021 3
13803666032 3
13684543437 3
15046494467 3
15046493516 3
13634540985 3
15046463962 3
15945883697 3
13846198179 3
13684549896 3
15046493692 3
15045400656 3
13846193537 3
13846192271 3
13846191148 3
13555581125 3
13846135833 3
15046494979 3
15046495071 3
15045418388 3
15946560300 3
15904548267 3
15904548287 3
15045409042 3
15046468090 3
15046464887 3
13555592757 3
15045408492 3
15046468059 3
15904544226 3
15045409052 3
15046467358 3
15045417815 3
15045417832 3
15046495241 3
13946407407 3
15845452328 3
15046464069 3
15045417904 3
15045417930 3
13604867396 3
15946562939 3
13555596071 3
15046463955 3
15045417975 3
15046464137 3
15045418532 3
15046466960 3
13946472015 3
13512678983 3
13945463792 3
15046464570 3
13846184776 3
15045417977 3
15045417987 3
15045418585 3
15845454231 3
15046494489 3
15904542572 3
15045418282 3
15045417188 3
13644541601 3
13504696203 3
13846185263 3
15045414559 3
13836646581 3
13846171463 3
13846171483 3
15046464228 3
13846135835 3
13846135310 3
15046465357 3
15045409127 3
13846182401 3
15045418255 3
15046493585 3
13664545077 3
13846155737 3
15046462031 3
13946400740 3
15046460288 3
15046465368 3
15904541309 3
15046464031 3
15046464032 3
15945404889 3
13644545935 3
13644545879 3
13614695012 3
13684542585 3
15845404515 3
13946401931 3
13644541448 3
13644542065 3
13734543559 3
13734543558 3
15045414685 3
13803661578 3
15046461871 3
15046460467 3
15046465748 3
15046466469 3
13634541071 3
15045414964 3
15046468557 3
13836641930 3
13946473757 3
15046495432 3
13704548644 3
13836656589 3
15046497856 3
13946473732 3
15046460983 3
13504544735 3
13903680172 3
13836642170 3
13946455911 3
15046460623 3
15046466616 3
15945881239 3
15045400458 3
13846176469 3
15046469693 3
13512698481 3
15946554899 3
15046466765 3
13946406512 3
13734546958 3
13846137656 3
13504544163 3
15845409523 3
13846154305 3
15845405088 3
13845404573 3
13946408105 3
13946403088 3
13734540550 3
13846198084 3
13946409672 3
15804543651 3
15945881236 3
18724217766 3
13903682922 3
13945499790 3
15804545622 3
13945482322 3
13946400058 3
13555585734 3
13846135492 3
13846174203 3
15046497009 3
13903683488 3
13846166357 3
13664547180 3
15046466125 3
13664547438 3
13512686987 3
15046466257 3
15845408087 3
13664546296 3
15804542416 3
15046466403 3
15045405802 3
13512644059 3
13664546397 3
13846198774 3
13664546458 3
15945887415 3
15046461126 3
15046467441 3
15046467442 3
13846159517 3
13624545243 3
13903686509 3
13946446738 3
15046463765 3
13664546869 3
15046499479 3
13664546939 3
15045412736 3
13664547150 3
13664547175 3
13664547220 3
13664547360 3
15046463232 3
13946473601 3
15945880443 3
13946459031 3
13946459217 3
13946459531 3
13946459582 3
15046466696 3
15046469122 3
13946459713 3
15046469100 3
15046465267 3
13796354571 3
15046469277 3
15046493058 3
15046493059 3
18745465925 3
13846179265 3
13846179252 3
13664541626 3
13644542041 3
15046469479 3
13946471342 3
13946472691 3
15046493163 3
15804541928 3
13664546573 3
13644549886 3
13504546940 3
15046461308 3
13704869286 3
13614699603 3
13604863926 3
13614699253 3
13614699802 3
13904549810 3
13946448037 3
13504549060 3
13555599150 3
13945458566 3
13803664429 3
13846196595 3
13846133447 3
13836654751 3
15046466143 3
13946426670 3
15946566276 3
15046497101 3
15046469768 3
15946553571 3
15946565803 3
15946564066 3
13945485118 3
13624541752 3
15046460277 3
13846182871 3
13803651405 3
13845475091 3
13803666922 3
13846145647 3
13836658012 3
13634546339 3
13704540545 3
13846165160 3
13796356078 3
13946450820 3
13846197293 3
13846197587 3
13946445289 3
13836642525 3
13803651309 3
13846165862 3
15946551907 3
13512687005 3
13803658324 3
13555593197 3
15046469950 3
15946566346 3
15046467765 3
13512667579 3
15045400633 3
13946407310 3
15046490010 3
15045410716 3
13603697510 3
13846156279 3
13945470146 3
13846169418 3
13846133425 3
13846131707 3
15845456379 3
15946566495 3
13946471082 3
13846162365 3
13604544051 3
15045404937 3
15046491905 3
13604542785 3
13945485435 3
15946566213 3
13734546561 3
15045411253 3
13903680577 3
13946450736 3
13946455675 3
13555599035 3
13846147951 3
13845411673 3
15045411682 3
15045411683 3
15046460966 3
15046462320 3
15046463930 3
15046465703 3
13734545885 3
15046463180 3
15046467109 3
13624545388 3
13945489679 3
13945476071 3
13836662836 3
15946550791 3
15046460457 3
13945452525 3
13946445318 3
13734545771 3
13624543258 3
15046465105 3
13846143713 3
13555591887 3
13846135329 3
15845452843 3
15946564895 3
15045411920 3
13846135702 3
13845471615 3
15945880680 3
15946552087 3
15046467652 3
13845403833 3
15946567459 3
15946567486 3
13614693233 3
13614541178 3
13796352068 3
13803664122 3
13634543396 3
13845405085 3
13512667506 3
13945480841 3
13684543098 3
13555582325 3
13946423857 3
13644540989 3
13603693540 3
13904545648 3
15804540370 3
13512645756 3
13846157838 3
13604863733 3
15804545806 3
15904547497 3
15946554845 3
13946442541 3
13604863526 3
13946424548 3
13946424763 3
15046494578 3
15046493127 3
13555593583 3
13555593652 3
15164513557 3
15164518187 3
13946456416 3
13796350542 3
13945451601 3
15164519939 3
13512676692 3
13836654845 3
15804546772 3
13614697811 3
15904547521 3
13846171369 3
13846156302 3
13512694231 3
13945451642 3
15164518618 3
13664545408 3
13946449939 3
15046460913 3
15164518100 3
15846992244 3
15045414750 3
13836646034 3
13512647972 3
13555595374 3
13846167493 3
13803666640 3
13946446151 3
15046493768 3
13945460061 3
15046463009 3
15945880491 3
13845475952 3
13946447269 3
15946556635 3
15946557641 3
13512647120 3
15045410638 3
15046460881 3
13674544081 3
13846156422 3
15046496408 3
13946404986 3
15046460500 3
13946426933 3
15046495711 3
13845457873 3
13845452601 3
15046460415 3
13644543458 3
13704862572 3
13946424178 3
13903687405 3
15945880117 3
15046466387 3
13945486192 3
13704867589 3
13846196153 3
13504544430 3
13846137790 3
13803666713 3
15946566110 3
13946452268 3
13836651067 3
13604867011 3
15046492969 3
13846157861 3
13846156870 3
13846157030 3
13836656806 3
13846192675 3
15946566022 3
15045412362 3
13512646129 3
15804547193 3
13504546013 3
15046463585 3
15845401217 3
13946446806 3
13555590849 3
15845401087 3
15945884159 3
15046468587 3
15946565719 3
13945483619 3
13946473759 3
13945452336 3
15845401128 3
13603697868 3
15046460832 3
13904544336 3
13846145723 3
15046493470 3
15945887542 3
13945454973 3
13803667972 3
15804543162 3
13512677720 3
15046463768 3
15845456606 3
13945454649 3
13803660317 3
13555588047 3
15846992931 3
13845407098 3
15046461425 3
15046491985 3
13945498464 3
13846182725 3
15946566887 3
13504547816 3
15845407138 3
13846186122 3
13512666518 3
13946421239 3
13946446198 3
15046493540 3
13946473693 3
13846151232 3
13846177113 3
13845415189 3
13704542906 3
15846990757 3
13946424735 3
13945453113 3
13836655681 3
13803660126 3
15845450308 3
13945477026 3
13946474317 3
13945486330 3
13555584729 3
13946446211 3
13512640252 3
13555590526 3
15046491339 3
15945889679 3
13845405685 3
13945464158 3
13555592887 3
13846162521 3
13803667051 3
15045412317 3
15845403241 3
15045412392 3
13845450562 3
13512680167 3
15904540652 3
13512664756 3
15046460812 3
13512681161 3
13845405913 3
13836663007 3
13603692656 3
13845415160 3
13836655219 3
13803664289 3
13634541005 3
13803651007 3
13512666746 3
13946402893 3
15845403092 3
15046460856 3
13796357146 3
13796357405 3
13845455680 3
13845477817 3
13846185147 3
13846144035 3
13946473753 3
13555583886 3
13946404599 3
15045410328 3
13946426831 3
13945467925 3
13945487495 3
13945486401 3
13803659473 3
13945485507 3
13946401733 3
15046460859 3
13555593625 3
13946423509 3
13945464439 3
13946440409 3
15046461053 3
15046464566 3
13945460238 3
15846993457 3
13512672897 3
15845409229 3
13846151971 3
15045418533 3
13512687599 3
13504697737 3
13836661909 3
13946450717 3
15045418511 3
13512676320 3
15945880956 3
13614698802 3
13704869544 3
13624541179 3
13604545040 3
13624652131 3
13644547642 3
15945882288 3
