15145487201 3
18245466468 3
18245469988 3
18304549659 3
15246492130 3
15774545300 3
15164519806 3
13504549185 3
15946568213 3
18249820409 3
18245478114 3
15246493334 3
18724219895 3
13704547413 3
18714540556 3
15246471139 3
13846180644 3
15046490201 3
15204543509 3
13644546062 3
15754543799 3
13946453825 3
18249244162 3
18249248131 3
13604868386 3
18249826397 3
18204549677 3
15846999324 3
15846999473 3
13946402589 3
13845402445 3
13945453348 3
13946453208 3
15804542486 3
13512677165 3
18249244129 3
13945478650 3
18745454362 3
18845424300 3
18845487270 3
18249823153 3
18324544821 3
18724210213 3
18249248005 3
13836645325 3
18249242248 3
15245455535 3
13634547160 3
18249821022 3
13946407982 3
13734546623 3
15045417267 3
13704862806 3
15765344755 3
18324548931 3
18204544790 3
18245453299 3
15046468817 3
13512688384 3
18324548982 3
15774545788 3
13846189906 3
13803654793 3
18845491369 3
15145455812 3
15204547750 3
15204545660 3
15945885473 3
18245452121 3
18249261636 3
18714543730 3
13945480955 3
13504542517 3
13512649252 3
13796357737 3
18714540023 3
15245482377 3
13604546500 3
18245460576 3
15245489738 3
13945475791 3
18724549518 3
15946563422 3
13512648397 3
18804542707 3
15045411341 3
13796359605 3
13624547106 3
15214664007 3
15245455509 3
15845453489 3
13946443808 3
18724210418 3
13846179942 3
18845421065 3
18745452190 3
18324544586 3
13555580559 3
18249822869 3
15774541769 3
18724226075 3
18249262467 3
18324548746 3
18249250148 3
15245489226 3
18745479070 3
18245468417 3
18249235836 3
13704543501 3
18845417596 3
15804544545 3
13674544469 3
13846146026 3
13845473660 3
15145455239 3
13704544793 3
15245452446 3
13946453749 3
13845406192 3
18845401479 3
15204546887 3
13945479032 3
13945464892 3
15145456820 3
18204542021 3
18204542371 3
18249256653 3
18745469541 3
18745491645 3
15145453505 3
15845409551 3
18204542793 3
18204544705 3
13603698575 3
13684543165 3
18724227194 3
18724227441 3
15246482093 3
13904548584 3
15204548923 3
13846183115 3
13945469523 3
13504546855 3
15846994615 3
18249255440 3
18845416983 3
18714549857 3
18845491696 3
13512675852 3
18845416970 3
13704868027 3
13704868057 3
13946401471 3
18324544280 3
13946445614 3
18745489785 3
13624545326 3
15045403285 3
18204541706 3
15046499283 3
13846156869 3
13704860760 3
13836607107 3
13945461293 3
15214663335 3
15246474796 3
15765340522 3
13845402726 3
15046490829 3
15765344499 3
18714542090 3
15204540975 3
13845413786 3
15754549706 3
15754549708 3
15145493467 3
18304549827 3
13946440700 3
13946442900 3
13836607631 3
13684542195 3
13845405479 3
13836654605 3
18845418713 3
18845496128 3
13945452762 3
18714541738 3
15164512305 3
18804544277 3
18249267328 3
13846198480 3
15164513549 3
15845451396 3
15845404730 3
15846993096 3
18304549116 3
18745490023 3
15245454482 3
15164510248 3
18245461949 3
18304548006 3
15246489813 3
18249824776 3
13504546454 3
15754542630 3
15946557437 3
15754540993 3
18304547519 3
15245480168 3
18245495321 3
15765341377 3
15765341577 3
18804541176 3
15046495080 3
15246490007 3
13845404926 3
13846197012 3
15765342466 3
18745460648 3
15214664902 3
13846160932 3
13946452396 3
13664549297 3
13946426451 3
13904544892 3
18845414924 3
18745498673 3
15754549716 3
15946552044 3
15164515560 3
18724545131 3
15754549518 3
15754549660 3
15754549676 3
13624549478 3
15774541706 3
13945464434 3
13846177326 3
13734541380 3
13846181398 3
18804540995 3
15045411440 3
15246466610 3
18245481744 3
13644540525 3
13634545289 3
18245472917 3
18804540656 3
18845417988 3
15246497306 3
15754549667 3
18304546672 3
15754549671 3
18304549980 3
15246481860 3
15754549230 3
15754549674 3
13624544621 3
18245470277 3
15204543425 3
15904545523 3
15754542356 3
13846174495 3
13803658903 3
13945457095 3
18204549750 3
18304547517 3
13945499164 3
18845403447 3
13734549539 3
13845478207 3
13945478231 3
15765344466 3
15904545251 3
15246481963 3
15765344866 3
13796356806 3
15246496181 3
13946424541 3
13614699054 3
15765341099 3
13945467740 3
13946408716 3
13836642646 3
13504540881 3
18714544098 3
18245454078 3
18845480725 3
18249267170 3
13946454209 3
18249246799 3
18745470680 3
13512677360 3
15245459080 3
18304541650 3
13803666402 3
15245456979 3
18845423336 3
13945481588 3
13945479199 3
15804543107 3
15246494341 3
15246475523 3
15045417891 3
18745476280 3
13604868977 3
13846133118 3
18249824040 3
13512669012 3
18745458910 3
15046466632 3
15845455822 3
13945472416 3
15804548719 3
18724545336 3
13664544328 3
13845404699 3
13836648927 3
15774540199 3
18845426905 3
13504540434 3
18249235757 3
13512645385 3
13845413060 3
13512666192 3
13603694443 3
13624548335 3
13603698296 3
18845495565 3
13603694288 3
13704867005 3
18804543297 3
13903689063 3
13846114744 3
15145489355 3
13946409542 3
15246496677 3
18745462121 3
18249823652 3
15945882655 3
15214665145 3
15245483638 3
15246499964 3
18804541399 3
13836607531 3
13803663153 3
13846179371 3
13846191446 3
13903688179 3
15046492281 3
15846990655 3
15246466593 3
15765343277 3
15246488804 3
18249250147 3
18845411968 3
18845416036 3
15845452902 3
18245457499 3
13684547472 3
13836600512 3
15245481096 3
15245484577 3
18249266311 3
13836608701 3
13664546146 3
18804540093 3
18304547510 3
15846994280 3
18714545261 3
13803667692 3
13846132960 3
13512666813 3
13504540980 3
15246491808 3
13846190167 3
15246484298 3
15045405935 3
13903689857 3
18204547917 3
13846190317 3
15145499272 3
18724229033 3
15045407673 3
15246467002 3
18745482602 3
15246498341 3
18304547548 3
18245488587 3
15204549548 3
18845480969 3
13504545060 3
18245452863 3
15204548805 3
15904548617 3
13614544330 3
13846148322 3
18845484048 3
18724220937 3
15214660016 3
13644684758 3
13945469729 3
18845425924 3
15045407469 3
15046495531 3
18245499191 3
15246461463 3
13846153807 3
13603696355 3
15765343255 3
18249824255 3
18714543127 3
15164516165 3
18324548904 3
18324545136 3
18245471707 3
15904543400 3
13644547506 3
18845416955 3
13945499709 3
18324548791 3
13836654501 3
13674549437 3
13504548529 3
18724543043 3
13945457745 3
13836605913 3
13555588412 3
18845421728 3
18324548743 3
18724211949 3
15754543899 3
18245452295 3
18745468728 3
13512694347 3
18745464008 3
13846168019 3
18845416989 3
18249236144 3
18304543676 3
13704545796 3
18324548669 3
18324548673 3
18304547468 3
15765342455 3
18724543138 3
13836603036 3
18324548653 3
18845416968 3
13604545774 3
18845483367 3
18845496298 3
15046465129 3
15754540089 3
15046497886 3
13946425216 3
18324548647 3
18204543949 3
15774549300 3
15246469106 3
18245468625 3
15946555737 3
15214661622 3
15754540086 3
13604541064 3
15145489826 3
15754548300 3
18304543477 3
15046467889 3
13836669951 3
13845401876 3
18245498578 3
15246470856 3
18245466647 3
13946409183 3
18245459461 3
15774542855 3
13846130513 3
18249828583 3
13846131052 3
18724221253 3
13945475421 3
18324548620 3
18324548623 3
13604868136 3
13512646231 3
13603696761 3
13803654972 3
13946450658 3
15765341422 3
15145489518 3
15246474726 3
18245487355 3
15145453738 3
13803652259 3
15245451097 3
13704545925 3
18245470356 3
13512683089 3
18845404090 3
18249828510 3
18249828560 3
18245458022 3
18724547258 3
18324548975 3
18249243577 3
18745487252 3
15754540038 3
13846187426 3
13846170352 3
15804546313 3
15046490147 3
18249235264 3
15204544980 3
15164518242 3
15945889376 3
13845451951 3
18324548990 3
18324548980 3
18245488653 3
13846169825 3
18845492003 3
15045414959 3
15046494556 3
13512649500 3
15846990823 3
18249825330 3
18845481134 3
13555599385 3
13614691986 3
18845414120 3
15046493187 3
15145494056 3
18845489488 3
18714546980 3
18714547153 3
13684542148 3
18304542150 3
15214664386 3
18804544991 3
18204543770 3
18304549990 3
18249246269 3
13845454185 3
18745470910 3
18724214042 3
13904544645 3
18724229753 3
15845450064 3
13504549437 3
13846139003 3
18249249723 3
13846132109 3
18249244159 3
13684546947 3
18245465946 3
15164510470 3
13796358816 3
13946454252 3
18245463537 3
15845454373 3
18249241893 3
13846114742 3
18204544405 3
13846191029 3
18249241496 3
13836607996 3
15845400307 3
18245461044 3
15765342113 3
15765341236 3
15765342059 3
13946405866 3
15754545667 3
13614699670 3
15164514343 3
13836669246 3
15946558686 3
18714541023 3
13845405161 3
15945880677 3
15765341596 3
13603699412 3
18845486182 3
15765341781 3
15765341502 3
13946456365 3
15765341165 3
15765341975 3
13555585314 3
15045415141 3
13555587539 3
13604547522 3
15765342003 3
13734541295 3
15945403061 3
15765343307 3
15754545665 3
15754545663 3
18724547744 3
18249826232 3
18204547817 3
15765341671 3
15754545755 3
18249825266 3
15754546444 3
13603697028 3
13845452769 3
13945453522 3
13845410603 3
15765341404 3
13846150035 3
15765340025 3
15946553680 3
15765342095 3
13846159650 3
18845495060 3
15765341534 3
13903680096 3
13846193306 3
15845402050 3
13603697950 3
15765342794 3
15765340702 3
15765341023 3
15765340050 3
15765341810 3
15214666219 3
18724212279 3
15774545008 3
18245488583 3
15245488969 3
15945880440 3
13555594028 3
13555594039 3
13704869527 3
15765343361 3
15765341896 3
15765341886 3
15765343390 3
13946429648 3
15774549740 3
13945467043 3
18724216871 3
15765340086 3
15246484378 3
15765341287 3
15765341949 3
15765343343 3
15765340501 3
15765343718 3
15765340485 3
15765340418 3
15765340474 3
15765340630 3
15045407633 3
15765340521 3
15765340520 3
15765340268 3
15765340649 3
18245456027 3
13803655983 3
15765340544 3
13845470688 3
13624547503 3
15765340729 3
15754540386 3
15754540387 3
15045409554 3
13734541350 3
13836657173 3
15765340780 3
15904542244 3
13624540791 3
15245488020 3
15904546182 3
15945881994 3
18249251118 3
13634543931 3
13803662254 3
13946404701 3
15765340229 3
18845488965 3
15774545558 3
13845408627 3
15245485787 3
15246489477 3
15765340409 3
15765340406 3
13846167034 3
18724543808 3
15774544082 3
15804545419 3
18245474238 3
15765340464 3
18845490125 3
13512687039 3
13946459897 3
13614695747 3
15754549938 3
15754549940 3
15754549945 3
15754549942 3
15774544808 3
15754549813 3
15754549874 3
18745474582 3
15754549554 3
13836662788 3
15754545535 3
15774541846 3
15754549828 3
15946566113 3
15774544818 3
15754549245 3
15774543289 3
15754549868 3
18245467964 3
13846176056 3
15774543034 3
15754549398 3
13836652083 3
15754549918 3
15246466547 3
18204543568 3
13684542990 3
18249826950 3
15754549280 3
15754549282 3
15754549278 3
15754549429 3
15845451071 3
13846147147 3
15754549350 3
15754549973 3
15754549906 3
15754549908 3
15754549909 3
15774543067 3
13946420508 3
15945885882 3
18804545579 3
15774543058 3
15754549896 3
15754549902 3
13836605772 3
15845453824 3
15774543290 3
15754545820 3
15774543294 3
15754549960 3
15774543013 3
13945467604 3
18724218783 3
18745498685 3
15754549954 3
15774543008 3
15845459235 3
15754545585 3
15754549889 3
15774543005 3
15754549478 3
15754549511 3
15754549515 3
15754549487 3
15754549885 3
15754549986 3
18745478036 3
15754549212 3
13945454331 3
15046462833 3
15754549694 3
15754549644 3
15754549738 3
15246467645 3
13644542599 3
15754549978 3
18249264955 3
13604546025 3
15754549790 3
15754549791 3
15754549796 3
15754549506 3
15754549633 3
15754549634 3
15754549635 3
18245471817 3
15754549636 3
15246486004 3
15846999964 3
15754549856 3
15754549857 3
15754549879 3
15754549882 3
18724549107 3
15754549958 3
15754549854 3
18724216228 3
15754549751 3
13603692303 3
18745481619 3
18745458545 3
15754549169 3
18845481441 3
15946553913 3
15754549985 3
18304546487 3
13624543460 3
18724542813 3
15845406911 3
15754549044 3
13946445144 3
15754549073 3
15754549970 3
18745470917 3
13704544697 3
18324548188 3
13846181317 3
15145488091 3
15774549696 3
15765344859 3
18245460034 3
18745487195 3
15765344982 3
18845409996 3
18724545303 3
13846189710 3
13555583367 3
13836658790 3
15765344960 3
13946402687 3
15204544607 3
15765342276 3
15765342285 3
15765344806 3
15765344936 3
13603692225 3
15846995130 3
15246478540 3
15765342253 3
15765342314 3
18845489365 3
18249826917 3
15765342216 3
15045417917 3
13614697264 3
18724225059 3
13504547304 3
15204542540 3
13846199525 3
15246490069 3
18745483114 3
15774544081 3
18724225682 3
15754540578 3
13512681451 3
15145494778 3
18845496108 3
15245480136 3
13512647965 3
15145492073 3
18304549877 3
13846148352 3
18245464833 3
18204547336 3
15774543673 3
15774543693 3
18804549384 3
18204542639 3
15845459018 3
13624540935 3
18204542250 3
13945455574 3
15774543648 3
13603695538 3
13846195976 3
13946444337 3
18245466583 3
13604548163 3
13836652197 3
18845406313 3
18204548293 3
15045412492 3
15946550485 3
15774543657 3
13845474664 3
18204541076 3
18204541195 3
18745475496 3
18204547795 3
15754549120 3
18724226773 3
15046468108 3
13845414031 3
18204548662 3
18204548665 3
13845457681 3
18804540989 3
18245475844 3
15046464044 3
18245486733 3
18245487322 3
18249235211 3
13604867638 3
13845451421 3
15946568541 3
13603696026 3
13796359392 3
13836659674 3
13614541351 3
15245456713 3
15904544933 3
15754548517 3
13614693642 3
15774543731 3
15774543646 3
13512672212 3
18845400722 3
13644541945 3
18204548226 3
18304547112 3
18304541665 3
15774543724 3
15946566584 3
18724227733 3
15045419372 3
13845406600 3
13803669683 3
18304545561 3
18304545562 3
15246466138 3
13664540683 3
15774543651 3
15774543653 3
15754549116 3
15754549118 3
18204547870 3
15774543957 3
15246474762 3
18724210049 3
15204544259 3
18204547760 3
18724548342 3
13846143089 3
15774543647 3
15774543835 3
13846187306 3
18245487416 3
18245484905 3
18245478759 3
15774543686 3
15946568545 3
15774543990 3
15845403946 3
15774543727 3
13803651936 3
13846140034 3
13845407160 3
13845471129 3
15774543696 3
13803652373 3
13904547177 3
13803656740 3
13946425942 3
18745481287 3
18745476389 3
15774543937 3
15774543611 3
15774543580 3
15945887661 3
13904546423 3
18745460895 3
18245496126 3
18304545546 3
15774543410 3
15046465101 3
15046492082 3
15774543398 3
15046497426 3
18724211314 3
15246485362 3
18724221133 3
15774543367 3
13512648801 3
15774543359 3
15246488282 3
15045411959 3
13603698570 3
13845479575 3
15774543364 3
18245495203 3
15774543753 3
13846150533 3
13614699813 3
13603693589 3
18304545391 3
13555592593 3
13684543453 3
13904544970 3
15774543445 3
15774543458 3
15774543744 3
15774543749 3
18804542542 3
15754544123 3
15246497506 3
18845411191 3
15754549542 3
15754549547 3
15754549529 3
18249238018 3
15246486647 3
18745459491 3
18745475663 3
13946401320 3
18845490809 3
18845490419 3
18745488669 3
15145489565 3
13946472585 3
15774543732 3
15774543457 3
18204540744 3
15774543825 3
18804541901 3
15754549541 3
18245481773 3
15145499576 3
18745472409 3
18845481615 3
18724549905 3
18245493990 3
15774543520 3
15774543522 3
13704867057 3
18845492219 3
18845492388 3
15754549524 3
15754549528 3
15845401140 3
15754549767 3
18304541302 3
13796352550 3
18324544298 3
15774543750 3
13734540302 3
15774543558 3
15774543478 3
13604541862 3
18304545209 3
15774543748 3
15246472242 3
15774543505 3
18845406744 3
15774543509 3
15804546440 3
15774543816 3
15774543561 3
13614544898 3
15945889003 3
13555592708 3
15774543541 3
13512680237 3
18745450594 3
18745492848 3
18745470073 3
15774543802 3
15204542845 3
15774543598 3
15774543486 3
15774543795 3
18245471612 3
18745463348 3
15774543443 3
13603696061 3
15754542778 3
18745498053 3
13845402973 3
15774543791 3
18245461260 3
15774543587 3
15774543620 3
13504542617 3
15774543590 3
15774543624 3
15774543627 3
15164510270 3
15246483235 3
15754541687 3
15754541689 3
15754543536 3
15754541692 3
15754543541 3
15754543542 3
15774549963 3
15754543549 3
15754543554 3
15774549249 3
15774549254 3
15774549473 3
15246474711 3
18845493415 3
15246466534 3
13846131964 3
15754543864 3
15754543873 3
13945456258 3
13803659540 3
13512641277 3
15765344036 3
18249822076 3
18249822969 3
15754541668 3
15754548401 3
15774547475 3
15904546925 3
15774549221 3
15164512526 3
18745470035 3
15765344596 3
15765344581 3
18245478539 3
15845452926 3
18249257018 3
15765344652 3
15765344672 3
15765342139 3
15765342482 3
15754543489 3
15754541660 3
15804547120 3
15774549184 3
15754543149 3
15774542861 3
18245464795 3
18245470152 3
18245470610 3
15765343140 3
15754548129 3
15754548142 3
15754548163 3
18324542278 3
15765344582 3
15765343087 3
15765343069 3
15765342532 3
15774549839 3
13803669580 3
15754543463 3
15754543467 3
15754541646 3
15774549854 3
15754543476 3
15774549151 3
15774549364 3
15774549384 3
15774549172 3
15774542467 3
15774542470 3
18245463669 3
15245485078 3
18745470103 3
15754543796 3
18324542029 3
13946444663 3
15765342594 3
18724225513 3
15765343480 3
15765343980 3
15765344795 3
15774549827 3
15774549340 3
15774549342 3
15754543110 3
15754543112 3
15774549361 3
15774542434 3
15774542441 3
15754541952 3
15754543779 3
15246470246 3
13846181886 3
15764547888 3
15204548326 3
13845451250 3
13604864925 3
13836641740 3
18249825897 3
15765342629 3
18249826010 3
18249826070 3
18714540201 3
18714545208 3
15765344779 3
13836663943 3
15904541749 3
15754543087 3
15774549327 3
15246465495 3
13504699310 3
13946452630 3
18204544575 3
15754548027 3
15754548030 3
18745478863 3
18745481625 3
15754541939 3
15765342663 3
18724218128 3
13512679726 3
15765342635 3
15754541586 3
15754540516 3
18845495070 3
15774542187 3
15774542404 3
13903680529 3
18804541900 3
13796350129 3
15754548019 3
18724549836 3
15754543723 3
18745463579 3
15754548053 3
15765343404 3
18249261612 3
18249261910 3
15754548247 3
15774549724 3
15754541579 3
15774542363 3
13836646690 3
18204549488 3
13946409244 3
15754544495 3
18249259721 3
15774547849 3
15774547860 3
15245486135 3
15774547935 3
15774547969 3
15754544457 3
15765342734 3
15765344096 3
15754543452 3
15754548239 3
15754541565 3
15774542692 3
15774549057 3
15754543056 3
15754544131 3
15754544157 3
18845427648 3
18245487167 3
15754544462 3
18245491109 3
13614690521 3
15754548292 3
15774547867 3
15774547871 3
13664544919 3
15754543659 3
15754543673 3
15754543676 3
13624547569 3
13803665263 3
15765344163 3
15765344149 3
15765344145 3
15754543427 3
15754543431 3
15754543026 3
15754543034 3
15754543035 3
15774542676 3
15754544104 3
15754544107 3
15754544110 3
15246484220 3
13614541642 3
18245459058 3
15754544450 3
15754543595 3
15774547745 3
15754543635 3
15754543809 3
15754548439 3
15754548441 3
15754543419 3
15774541856 3
15754544420 3
15754548481 3
15774547725 3
15754541843 3
15774547726 3
15774547763 3
13704868958 3
15754543791 3
15754541982 3
15846994981 3
15754543390 3
15754543393 3
15246461062 3
13946453132 3
13946453263 3
15246473905 3
15774547993 3
15754548463 3
15774547691 3
15754541819 3
15754548465 3
15774547739 3
15765342910 3
18724225098 3
15765343262 3
15765342902 3
15765342867 3
15765342851 3
15754544371 3
15704549333 3
15845402586 3
13555598279 3
13555596614 3
13836653437 3
18724211023 3
15754548341 3
18324548588 3
13504696947 3
15765343763 3
15765344324 3
15774547054 3
15754543259 3
15774547076 3
15774547087 3
15774547097 3
15774547107 3
15774547143 3
15774547145 3
15774547246 3
15145452603 3
18324544322 3
15754543925 3
13803655030 3
15045409117 3
18245480024 3
13846141208 3
13845401573 3
15765344376 3
15765344373 3
15765344371 3
15765344361 3
15754543162 3
15754543169 3
15754543173 3
15774547405 3
15754543180 3
15754543181 3
15774547407 3
15754543182 3
15754543186 3
15774547431 3
15754543226 3
15754543230 3
15754543231 3
15754543235 3
15774542563 3
18745467486 3
15046493052 3
18245476175 3
15754541731 3
15774542993 3
18845404495 3
15845406368 3
18249236029 3
15765344642 3
15765344645 3
18249239196 3
18249241096 3
15765344660 3
15754548489 3
15774547395 3
18745476156 3
15774541767 3
15774547342 3
15774547349 3
15774542529 3
18745450664 3
15754543884 3
15754543886 3
15754543893 3
15765342515 3
15754543559 3
15754541704 3
15774549982 3
15754541706 3
15754543571 3
15765344585 3
15774543081 3
13624546801 3
15774543084 3
15846996625 3
13555582287 3
18845415557 3
15774543192 3
15164514305 3
15774543073 3
13945470319 3
18745472703 3
15754545344 3
15774543183 3
15774543184 3
13946428060 3
15045404411 3
13504547653 3
15765341902 3
15765341853 3
13845406134 3
13945452799 3
18724215131 3
15765340195 3
13946456527 3
15754549319 3
18745497255 3
18245468641 3
15774543225 3
15754545416 3
18845425674 3
15845405862 3
15246470163 3
13836658209 3
15774544838 3
18845409932 3
13946454256 3
18245450315 3
15774543211 3
13846180334 3
18845488709 3
13945475534 3
13664542514 3
15046498742 3
18324542056 3
15754541444 3
15765341959 3
15754549335 3
18724540112 3
13644549839 3
15774543113 3
15774543139 3
15774543142 3
15754542026 3
15765340206 3
15765341224 3
15765341217 3
15765341259 3
13512688746 3
15946563518 3
15765341594 3
18745466493 3
18745471287 3
18245479139 3
15774543280 3
15214660051 3
15774543118 3
15046468089 3
15754545050 3
18245499348 3
15245486625 3
15774543263 3
18249820030 3
15754549338 3
15754545336 3
15754545339 3
18324540179 3
15774543098 3
13803655571 3
15045400103 3
18249269085 3
15754545661 3
15214664168 3
15774543256 3
18845428798 3
15774543204 3
15774543205 3
15774543094 3
15754545586 3
15774543200 3
13634544388 3
15754545580 3
15754549082 3
18745481391 3
15754549089 3
15754542027 3
15754549356 3
15754549067 3
15754549072 3
15774543352 3
15774544968 3
15754549032 3
18249257895 3
15754549260 3
15754549261 3
18724542906 3
18745493985 3
15754545327 3
13504542953 3
18745465660 3
15246470690 3
18745476253 3
18745465983 3
18745466535 3
18745476190 3
15945403396 3
15754545341 3
18745496550 3
15754542178 3
15774543229 3
18745463025 3
18724221297 3
15774543303 3
15754549135 3
13946405112 3
18845489785 3
15246477119 3
15246480199 3
18745495231 3
13946405754 3
13604544533 3
13946403904 3
13836643224 3
13945453955 3
13836644564 3
13603691884 3
13945467614 3
18204548048 3
15754549362 3
13846192648 3
15774543180 3
13512648723 3
13604863362 3
15765342044 3
18845496112 3
15046468761 3
18724547795 3
18724545773 3
15845455166 3
18245462607 3
18724227270 3
15145490291 3
15754549247 3
15774544884 3
15774543163 3
15754549163 3
18724225619 3
18845495092 3
15754549174 3
15754549176 3
15754549208 3
13945489791 3
13903680170 3
13803657048 3
13512662020 3
13845400588 3
13846175889 3
13504545861 3
13796353874 3
13512645624 3
13845477924 3
13946453242 3
15774541755 3
13946451694 3
13845458998 3
13946453054 3
15754549402 3
18745499510 3
18724218120 3
15774543153 3
15754549241 3
15774543353 3
18724226325 3
15214661416 3
18724223221 3
18724223930 3
15214660358 3
15754549136 3
13946423017 3
13846131538 3
18304544343 3
13845479182 3
18724213383 3
13836665590 3
13555586275 3
13704546472 3
13946421818 3
13846157378 3
13836664922 3
13846132531 3
13845418529 3
13946472774 3
13803653004 3
18324548225 3
18845490900 3
13704862886 3
18724217877 3
15045402933 3
18845498711 3
18249252947 3
15045414329 3
13704868915 3
15045411307 3
13845459910 3
15246493931 3
13945463152 3
13845406652 3
13836666461 3
13946405772 3
13803654578 3
13803651363 3
13946421775 3
13946404110 3
13846147023 3
13846143950 3
13846142860 3
13846195318 3
13945484827 3
13836605192 3
13946405600 3
13846147033 3
13845470933 3
13704548990 3
13836648961 3
15204543215 3
15204546535 3
18845429215 3
15246498155 3
15804544949 3
15804541884 3
18804541810 3
13946404609 3
13846146863 3
18845401938 3
18845406538 3
13945461075 3
18304540360 3
18245469841 3
18249252444 3
13846148698 3
13846159007 3
18245471155 3
18724215715 3
18745490301 3
13684548853 3
18745468272 3
15046465762 3
18714544538 3
18804543894 3
13946442802 3
15204541982 3
13555592269 3
13946400346 3
15904546324 3
18714541105 3
13704862639 3
13704863971 3
18845428688 3
18845428778 3
18845411377 3
13836643493 3
18845404646 3
15045407495 3
13846158072 3
18324548233 3
15945887338 3
18845407787 3
18249253585 3
15046462964 3
15945888600 3
13644543476 3
15204546287 3
15145489417 3
15045418185 3
15145487105 3
18845426998 3
15145490416 3
15145491988 3
13846167629 3
18845490203 3
15045418169 3
18745471215 3
13836661284 3
18845483376 3
15845454050 3
15046466127 3
13512699732 3
13644688393 3
15204545619 3
13644542546 3
13644540244 3
18304546145 3
18324544983 3
15045404963 3
18745490502 3
18245459849 3
18204547716 3
13946453095 3
18324548207 3
18245484098 3
13846140299 3
15946566611 3
13836647440 3
13845403148 3
18724222121 3
18745459128 3
13674549709 3
13945459643 3
15245454831 3
15246487224 3
15045413931 3
18245485151 3
15804549283 3
13845418273 3
15904542594 3
18249821399 3
18724545268 3
15045411219 3
15946551989 3
18304546327 3
18245478393 3
13512663776 3
15046494217 3
18845490775 3
13846139984 3
13945497027 3
13512682300 3
13845412236 3
18845413340 3
13555593180 3
13674549211 3
15246487357 3
15946558730 3
13846156261 3
18845480785 3
13845403316 3
13555593024 3
18745458139 3
15846996939 3
18245456503 3
13845409422 3
13845479283 3
15046498997 3
13846179573 3
15245484418 3
13555596170 3
18245497723 3
15246476972 3
15246483509 3
13836640654 3
13644547873 3
13846146713 3
18245485135 3
18245455620 3
13846146597 3
18714547051 3
18204546425 3
13845404545 3
13945472903 3
18745463166 3
18845483393 3
18845418571 3
18245457681 3
13644548086 3
13945450911 3
13845406828 3
13796356612 3
13903685155 3
13555584307 3
13836659558 3
18245475598 3
13845414199 3
13704546488 3
13836649909 3
13836653857 3
13634547481 3
13945450952 3
13945451106 3
13836652621 3
13845471827 3
13846141302 3
13846169729 3
13555586966 3
13704869066 3
13504698100 3
13846155959 3
13555584449 3
13846187988 3
13846137878 3
13504698858 3
13512686061 3
13512686157 3
13845450792 3
13846168211 3
13803657070 3
13512684593 3
13512647288 3
13512683799 3
13836666852 3
13836658575 3
13945466009 3
13836658349 3
13846176822 3
13845476911 3
13846193138 3
13845452571 3
13803661144 3
13803660044 3
13846144303 3
13846172071 3
13845475822 3
13512644443 3
13512683222 3
13504543335 3
13512677375 3
13846197713 3
13846188769 3
13512666771 3
13512666770 3
13845414539 3
13634547102 3
13903680717 3
13945482208 3
13634543939 3
13634542666 3
13903688585 3
13634542314 3
13634547054 3
13796355277 3
13512667255 3
13512643567 3
13945461119 3
13634547175 3
13846188930 3
13846196788 3
13846138482 3
13634547203 3
13845406719 3
13836662810 3
13846179780 3
13845476132 3
13845412669 3
13512660800 3
13634547600 3
13603697388 3
13634540947 3
13836664336 3
13836660669 3
13836606078 3
13836652570 3
13634547043 3
13945450860 3
13945453135 3
13945453181 3
13945451805 3
13846166400 3
13803658822 3
13504696005 3
13845405210 3
13504696004 3
13846150018 3
13846160997 3
13512666025 3
13704867190 3
13845476418 3
13846196880 3
13512644330 3
13846150044 3
13512646661 3
13945489718 3
13945475667 3
13512647566 3
13846139966 3
13836646620 3
13846136559 3
13945472667 3
13512686896 3
13512686689 3
13945467840 3
13512683959 3
13836649336 3
13836647933 3
13836669030 3
13945466531 3
13836663067 3
13604543199 3
13512687836 3
13512698178 3
13704543210 3
13846192911 3
13512660988 3
13604542113 3
13512666621 3
13512675657 3
13512677262 3
13512669391 3
13512682340 3
13836645181 3
13803663866 3
13555580833 3
13845410078 3
13555587168 3
13845452699 3
13512644366 3
13836646180 3
13945452539 3
13845408119 3
15214663393 3
13512664956 3
13604545655 3
13512680127 3
13845473975 3
13704548808 3
13512699660 3
13845477620 3
13512666998 3
13512680310 3
13945498619 3
13796352388 3
13836668038 3
13845418586 3
13803660020 3
13845470172 3
13803664449 3
13803660108 3
13512685793 3
13845470386 3
13845419356 3
13846130041 3
13512694048 3
13846132906 3
13512694661 3
13836606676 3
13634541075 3
13512689286 3
13846160800 3
13836668522 3
13945452967 3
13945471898 3
13945477711 3
13836668952 3
13845419757 3
13836668563 3
13512680834 3
13945498897 3
13836669015 3
13836662171 3
13846133570 3
13845477631 3
13512648318 3
13512641336 3
13512682385 3
13512682390 3
13512645458 3
13512644233 3
13846132163 3
13845454654 3
13512646846 3
13512644337 3
13512682923 3
13846152600 3
13846174861 3
13846182108 3
13836642707 3
13836657959 3
13846157009 3
13836601849 3
13945498470 3
13836657325 3
13836605960 3
13836606165 3
13836647117 3
13836658125 3
13555588315 3
13836607460 3
13604546963 3
13945460500 3
13845470102 3
13845478376 3
13836644998 3
13803663123 3
13803655757 3
13512680386 3
13845475016 3
13846176500 3
13845475013 3
13512685653 3
13604867171 3
13504699455 3
13604541538 3
13846144009 3
13512685785 3
13836656221 3
13945451921 3
13846152248 3
13945498256 3
13845451926 3
13846189722 3
13512679433 3
13945458517 3
13836606308 3
13845474229 3
13845451640 3
13836654302 3
13845452019 3
13836607430 3
13845459561 3
13836664919 3
13836661148 3
13836640628 3
13603694949 3
13845477241 3
13512683466 3
13512667858 3
13846180668 3
13945450757 3
13836666853 3
13846131272 3
13846156316 3
13846156749 3
13846152627 3
13846155781 3
13846183168 3
18845421531 3
13836600088 3
13512665890 3
13512683312 3
13512666611 3
13512685736 3
13512675758 3
13504697758 3
13634540862 3
13846144177 3
13512686585 3
13512641161 3
13836647506 3
13512642569 3
13634547776 3
13555580107 3
13512682409 3
13846166670 3
13704863133 3
13845471119 3
13945469821 3
13846155116 3
13836609311 3
13836606433 3
13512686691 3
13512644833 3
13846188319 3
13836646050 3
13512683655 3
13512642846 3
13846151449 3
13846185799 3
13512698037 3
13836647663 3
13512686933 3
13634540846 3
13604868123 3
13603696345 3
13945457147 3
13512674208 3
13846130696 3
13846176285 3
13512687654 3
13845470982 3
13836656461 3
13846164868 3
13845452030 3
13845478569 3
13504546918 3
13555586126 3
13945497298 3
13945498232 3
13845453317 3
13845453315 3
13603697233 3
13945499329 3
13846187089 3
13845419190 3
13836604772 3
13945498167 3
13846162388 3
13836600883 3
13846130738 3
13846138307 3
13845412031 3
13945470307 3
13945470368 3
13946403778 3
13512671302 3
13512660015 3
13846170080 3
13504545266 3
13512661135 3
13945480536 3
13836648228 3
13512643155 3
13512688432 3
13836644248 3
13945467671 3
13846151112 3
13512661796 3
13945475639 3
13504546664 3
13704867709 3
13845401321 3
13845402391 3
15845409800 3
13512677558 3
13846162956 3
13845415143 3
13846176780 3
13555583531 3
13845417485 3
13836653251 3
13512688841 3
13846162572 3
13846155007 3
13945464305 3
13512676175 3
13846143080 3
13555582327 3
13845471711 3
13846173155 3
13946400375 3
13604548859 3
13846171657 3
13512687348 3
13945473205 3
13845479466 3
13504547962 3
13603694895 3
13603696196 3
13946450569 3
13846186811 3
13603696113 3
13603692653 3
13846174093 3
13603694150 3
13504544551 3
13803664990 3
13603691336 3
13603696119 3
13603693313 3
13946448626 3
13946401079 3
13846160012 3
13512672305 3
13845414301 3
13846176137 3
13512686950 3
13836642608 3
13555586657 3
13836642493 3
13945498503 3
13836657072 3
13845459207 3
13845451047 3
13845401401 3
13555586675 3
13945481311 3
13836658765 3
13836615963 3
13555586219 3
13846158926 3
13704867979 3
13945489886 3
13845457405 3
13512688197 3
13555586989 3
13846164801 3
13512666218 3
13946457456 3
13555585654 3
13836646611 3
13836604983 3
13846168142 3
13836643557 3
13845408705 3
13512685362 3
13836647415 3
13845479800 3
13945480571 3
13512682403 3
13846150068 3
13846149933 3
13704865877 3
13512664931 3
13846161123 3
13945471878 3
13945470898 3
13763637555 3
13845476401 3
13846157611 3
13945471483 3
13846156270 3
13846130238 3
13846157495 3
13512688141 3
13512688873 3
13603692535 3
13946455366 3
13846132511 3
13512699621 3
13846130457 3
13846186149 3
13846130763 3
13512661925 3
13946409086 3
13946408628 3
13945473309 3
13945463886 3
13945461989 3
13836647768 3
13512660637 3
13512676878 3
13512662268 3
13945465510 3
13946455733 3
13555584245 3
13836669760 3
13845413102 3
13555586487 3
13846183708 3
13946405896 3
13946402501 3
13846141300 3
13904546700 3
13846165833 3
13512678236 3
13796355543 3
13512672623 3
13836650318 3
13512649755 3
13945499109 3
13704542218 3
13945452215 3
13555589598 3
13512668857 3
13945498758 3
13846189348 3
13845457707 3
13845454605 3
13945453298 3
13946408600 3
13846162898 3
13946404866 3
13796352058 3
13946445066 3
13945478386 3
13512663986 3
13512661013 3
13512676397 3
13704546377 3
13555582412 3
13846173240 3
13945473895 3
13846198884 3
13846143543 3
13512676591 3
13946408264 3
13555585090 3
13836643237 3
13945487836 3
13846152451 3
13846147400 3
13512666412 3
13555581739 3
13945477149 3
13903689779 3
13555585387 3
13946458878 3
13512665152 3
13555583309 3
13836657328 3
13845415738 3
13946403139 3
13555583349 3
13903689501 3
13836656718 3
13555585010 3
13846146248 3
13945475309 3
13946400955 3
13903689052 3
13903687007 3
13946450806 3
13903689959 3
13555586440 3
13846145349 3
13846165918 3
13512677116 3
13903689928 3
13903689044 3
13903689060 3
13904549035 3
13803657007 3
13803659778 3
13555587590 3
13946426665 3
13945467970 3
13555585075 3
13945488032 3
13555581221 3
13512682470 3
13846192269 3
13846147705 3
13903680059 3
13845458545 3
13845406147 3
13845402681 3
13555585627 3
13704549793 3
13846171599 3
13846186559 3
13946403962 3
13904549178 3
13512662802 3
13803666983 3
13603694001 3
13836601959 3
13846151450 3
13796353125 3
13946406922 3
13946402498 3
13846173565 3
13512672017 3
13555588799 3
13512672058 3
13836669012 3
13946408380 3
13946403451 3
13946406886 3
13512662989 3
13946401303 3
13512677968 3
13704869440 3
13836669954 3
13704868545 3
13512672806 3
13803651758 3
13603694677 3
13845402363 3
13846144698 3
13904545655 3
13796356338 3
13836648890 3
13836652465 3
13836654197 3
13836652683 3
13846157025 3
13846131059 3
13845402933 3
13836641428 3
13836602030 3
13512674010 3
13846173086 3
13846155568 3
13846146568 3
13904548477 3
13845453630 3
13946456786 3
13504544577 3
13796353398 3
13846172757 3
13512645335 3
13845417785 3
13836641717 3
13836653088 3
13845404066 3
13946458822 3
13796355355 3
13945455431 3
13945479341 3
13512645389 3
13845417107 3
13846161489 3
13845411510 3
13846168632 3
13846163582 3
13846169390 3
13846166228 3
13845417335 3
13846167617 3
13945488033 3
13846166990 3
13845472545 3
13512649877 3
13836640520 3
13846147002 3
13604866590 3
13803667878 3
13846194655 3
13946406551 3
13803660377 3
13512644326 3
13945453228 3
13845458948 3
13512688287 3
13846190755 3
13846199316 3
13945473332 3
13945475766 3
13945481707 3
13512699944 3
13512699647 3
13512699890 3
13945487763 3
13846198386 3
13945457679 3
13945453253 3
13945487679 3
13945489323 3
13846192641 3
13845405941 3
13512640022 3
13845479327 3
13846199956 3
13845475559 3
13945465708 3
13512699633 3
13512648500 3
13846196126 3
13945461346 3
13512644466 3
13836655536 3
13945470631 3
13845458981 3
13846198226 3
13846130519 3
13846154031 3
13846137011 3
13945457741 3
13945477490 3
13845454552 3
13603691407 3
13603699992 3
13512645755 3
13846198859 3
13512687416 3
13945477082 3
13836647099 3
13796355962 3
13512649797 3
13846130102 3
13846137397 3
13945457146 3
13845474027 3
13846131469 3
13512678287 3
13512640128 3
13836602781 3
13512698123 3
13512675460 3
13846198491 3
13836653663 3
13836644608 3
13836603259 3
13512648047 3
13512681199 3
13504697272 3
13846187575 3
13512680963 3
13846164193 3
13836608269 3
13845456188 3
13836645280 3
13846133101 3
13512676345 3
13845414712 3
13846191358 3
13846159899 3
13845455983 3
13846192348 3
13555586625 3
13555582510 3
15845458850 3
13555586604 3
13846196409 3
13555581521 3
13903685366 3
13846166097 3
13846161481 3
13945451511 3
13555589224 3
13555589190 3
13846143151 3
13704865690 3
13846169379 3
13555581242 3
13846195279 3
13846192332 3
13946409444 3
13836661107 3
13845478205 3
13846149260 3
13945480358 3
13846144521 3
13845402172 3
13846140570 3
13846184858 3
13846184778 3
13555588417 3
13604868510 3
13846146556 3
13846150788 3
13846149587 3
13846147862 3
13512681110 3
13836653698 3
13846145298 3
13836666653 3
13504546866 3
13846141028 3
13796350707 3
13555587234 3
13555589088 3
13555587009 3
13555588521 3
13555585558 3
13555581661 3
13836658218 3
13555580998 3
13555587516 3
13555580440 3
13846150800 3
13555581781 3
13555588299 3
13555581881 3
13946458855 3
13555586181 3
13846177710 3
13555582881 3
13555583785 3
13555580227 3
13555588805 3
13555583955 3
13555588771 3
13803664533 3
13555587774 3
13555588696 3
13846150856 3
13555588318 3
13555582245 3
13555582291 3
13555588548 3
13555588303 3
13555587399 3
13555581873 3
13555581203 3
13555580899 3
13555588590 3
13555580223 3
13555583726 3
13555580885 3
13555588968 3
13555586699 3
13836663818 3
13555587272 3
13555588655 3
13555585585 3
13846162496 3
13555588356 3
13555580983 3
13555586173 3
13555583205 3
13555588207 3
13846140836 3
13555582699 3
13555588256 3
13846163273 3
13555586282 3
13846160612 3
13555586721 3
13945454898 3
13555582626 3
13555583551 3
13555585553 3
13555582968 3
13512643688 3
13846171528 3
13796357000 3
13555585122 3
13846143517 3
13555585507 3
13555585115 3
13555582562 3
13846155138 3
13836666130 3
13555586350 3
13555581700 3
13846163107 3
13846152501 3
13846155080 3
13555584516 3
13945469200 3
13846164135 3
13555582648 3
13846131793 3
13555583861 3
13555587271 3
13555587097 3
13845456790 3
13845453385 3
13845409178 3
13945464445 3
13845473117 3
13555582526 3
13846178303 3
13845476119 3
13555588756 3
13555585877 3
13845457138 3
13603692444 3
13945466263 3
13845455687 3
13845454357 3
13845472341 3
13512673311 3
13846149990 3
13845475481 3
13512681272 3
13512685728 3
13512689437 3
13512681602 3
13512673172 3
13836665606 3
13555584987 3
13512689500 3
13845403109 3
13846191988 3
13836601655 3
13845410471 3
13846181088 3
13846134581 3
13846130370 3
13836665199 3
13846151360 3
13512648715 3
13904548688 3
13504697755 3
13945457296 3
13845416953 3
13845411517 3
13845413645 3
13845413893 3
13846155778 3
13945468826 3
13845418983 3
13836657280 3
13904547373 3
13836651137 3
13603697767 3
13836664758 3
13945487099 3
13836602483 3
13836669543 3
13512681122 3
13555585619 3
13555584477 3
13836601701 3
13945497100 3
13836650309 3
13945488178 3
13512647711 3
13836648306 3
13836657273 3
13512648861 3
13845452110 3
13836656805 3
13836654696 3
13836668255 3
13555581002 3
13945485955 3
13512641616 3
13946404345 3
13512647168 3
13704544499 3
13846165035 3
13836654538 3
13846161511 3
13796354388 3
13846192280 3
13796355234 3
13846188755 3
13846182035 3
13945456738 3
13555584870 3
13846187163 3
13846142742 3
13846186097 3
13555583716 3
13846152052 3
13512649800 3
13555581622 3
13846133339 3
13846160283 3
13555583398 3
13945499055 3
13945480337 3
13945460367 3
13945450138 3
13945460556 3
13604868234 3
13512667689 3
13945472027 3
13845472180 3
13846173636 3
13846175588 3
13945484756 3
13555588402 3
13512661790 3
13945475991 3
13945484071 3
13945476839 3
13555583008 3
13845475299 3
13555582569 3
13945471475 3
13846136960 3
13945482429 3
13945477069 3
13555587470 3
13555582466 3
13945452161 3
13555586379 3
13512660095 3
13555584847 3
13945485515 3
13555583365 3
13504546543 3
13845452628 3
13945454583 3
13512670598 3
13845473343 3
13836668801 3
13512665655 3
13555583033 3
13945464375 3
13846156719 3
13836662958 3
13945455163 3
13845405855 3
13846130870 3
13836654733 3
13945455037 3
13512668326 3
13555585858 3
13512678670 3
13555582462 3
13845407616 3
13846197057 3
13512689126 3
13836660388 3
13512666108 3
13945464009 3
13836655499 3
13555585136 3
13555589437 3
13512685492 3
13512664166 3
13945467215 3
13945488916 3
13845457765 3
13836658307 3
13945480890 3
13734544200 3
13846147355 3
13945485392 3
13796350377 3
13945472840 3
13836660691 3
13845455318 3
13845454553 3
13836658672 3
13846146130 3
13836643822 3
13945488943 3
13512645699 3
13846175825 3
13846192321 3
13555582132 3
13845474172 3
13846197959 3
13555582649 3
13836653486 3
13512665402 3
13836656495 3
13846145931 3
13846183775 3
13846181381 3
13846185269 3
13604866289 3
13846146879 3
13836615175 3
13945479101 3
13846186603 3
13945481492 3
13846143405 3
13846180240 3
13846183412 3
13846185406 3
13836645518 3
13845418635 3
13836604343 3
13704863966 3
13846143391 3
13846186867 3
13603691616 3
13836650238 3
13846192322 3
13846189239 3
13846186773 3
13846133036 3
13846197638 3
13846190372 3
13836651720 3
13846171607 3
13846175965 3
13836644976 3
13836644873 3
13836657391 3
13945450338 3
13555581013 3
13512647700 3
13846150901 3
13846175903 3
13512689922 3
13836654940 3
13846159786 3
13836641157 3
13846193717 3
13845417089 3
13555585990 3
13845416865 3
13836648539 3
13846173497 3
13846159721 3
13845415805 3
13846170911 3
13512670369 3
13846136622 3
13846170922 3
13512663784 3
13836608266 3
13836641030 3
13603693058 3
13846134602 3
13512670353 3
13803666036 3
13836644969 3
13945486361 3
13845416801 3
13836657177 3
13704860822 3
13555580019 3
13796356818 3
13846137541 3
13796350065 3
13796357392 3
13796359600 3
13796359836 3
13836601827 3
13846162375 3
13796350175 3
13796353389 3
13796352580 3
13796352752 3
13836648099 3
13603695606 3
13836657809 3
13945485552 3
13945488291 3
13836658569 3
13846148816 3
13555587944 3
13945498336 3
13846176728 3
13512660134 3
13836606017 3
13836658187 3
13845455573 3
13945463459 3
13945463397 3
13846181980 3
13846148386 3
13945475519 3
13945460902 3
13845475588 3
13836603645 3
13846148499 3
13903688177 3
13846149029 3
13945476349 3
13846140059 3
13945481323 3
13846148137 3
13634541971 3
13845402592 3
13836663219 3
13945457133 3
13845407040 3
13945474285 3
13634541958 3
13845406508 3
13845407106 3
13512684330 3
13845403216 3
13836603625 3
13634541687 3
13634541622 3
13634541636 3
13836652886 3
13836641067 3
13836651248 3
13836650358 3
13846165220 3
13512666801 3
13504697775 3
13803655123 3
13796357288 3
13634544988 3
13634542444 3
13904544568 3
13846177623 3
13846148166 3
13846196505 3
13845450296 3
13845451807 3
13846152899 3
13846163809 3
13845451518 3
13846168433 3
13845406521 3
13945450003 3
13846179177 3
13845451526 3
13512669898 3
13845459845 3
13836644841 3
13845418622 3
13846143426 3
13846188922 3
13846197602 3
13512643111 3
13836652477 3
13634545454 3
13846184303 3
13634546758 3
13634540086 3
13634541827 3
13846189739 3
13634541601 3
13634545921 3
13846180572 3
13634541345 3
13845451658 3
13846194453 3
13634542818 3
13796356133 3
13846184293 3
13903682266 3
13634541638 3
13836647288 3
13634540190 3
13836658818 3
13634545228 3
13634541013 3
13634541110 3
13796358587 3
13634540924 3
13845456500 3
13836640399 3
13836668389 3
13945483639 3
13846181098 3
13945453329 3
13836607819 3
13945481826 3
13845456520 3
13945453787 3
13845401338 3
13836662082 3
13845407608 3
13836603536 3
13845450876 3
13603695993 3
13945483595 3
13945488726 3
13845456742 3
13836605381 3
13945483130 3
13945479116 3
13945477292 3
13845406970 3
13836609839 3
13836609602 3
13845457638 3
13945454060 3
13634540133 3
13512684889 3
13945456057 3
13945472942 3
13803668195 3
13704864542 3
13836605067 3
13845406078 3
13634546537 3
13845402756 3
13845450479 3
13704547680 3
13845405125 3
13945489459 3
13845459167 3
13512681311 3
13945450146 3
13836609283 3
13704545377 3
13634544223 3
13846158158 3
13836661842 3
13945481647 3
13836666203 3
13845475221 3
13945474575 3
13836661595 3
13836609251 3
13945477380 3
18249820759 3
13634543088 3
13846161397 3
13945450767 3
13836648259 3
13845419626 3
13836648042 3
13836661605 3
13945478335 3
13836606403 3
13846174867 3
13945478933 3
13945463516 3
13845408738 3
13845413816 3
13836660861 3
13603695007 3
13945475427 3
13945470943 3
13846183702 3
13846145890 3
13603695596 3
13512645487 3
13846145467 3
13945488205 3
13704862027 3
13504698165 3
13836603717 3
13846176249 3
13846176240 3
13836603102 3
13846163579 3
13704864725 3
13836608424 3
13846198329 3
13845401863 3
13846174130 3
13846134753 3
13845407834 3
13846131502 3
13836609304 3
13836650264 3
13945468554 3
13945458084 3
13845451781 3
13836609182 3
13945468073 3
13945455530 3
13846137419 3
13836644951 3
13846162497 3
13945451159 3
13845409407 3
13836658873 3
13845459393 3
13846174829 3
13846174775 3
13945464938 3
13846176470 3
13504699883 3
13836642721 3
13512662828 3
13904549968 3
13945479392 3
13836666527 3
13836645110 3
13836643338 3
13512678988 3
13512668319 3
13945476180 3
13704864055 3
13836660087 3
13836645766 3
13846138048 3
13945499208 3
13945479113 3
13836643418 3
13945498049 3
13846138454 3
13845479695 3
13845478982 3
13846138630 3
13504699810 3
13845475189 3
13845472353 3
13836600295 3
13836605326 3
13846152996 3
13846138392 3
13845478125 3
13846181081 3
13836666549 3
13846138324 3
13945459088 3
13846194347 3
13945478421 3
13945466988 3
13846162567 3
13512670931 3
13846197743 3
13846138866 3
13846130772 3
13836652682 3
13846157867 3
13836669646 3
13945476304 3
13512667722 3
13945465944 3
13846138242 3
13846138886 3
13836668359 3
13836663905 3
13846195807 3
13836609928 3
13846132930 3
13945484275 3
13836665751 3
13945482350 3
13846154175 3
13846163023 3
13845402650 3
13846138340 3
13836664716 3
13846161393 3
13836661613 3
13846179727 3
13846195355 3
13846151576 3
13846158338 3
13704541166 3
13704547567 3
13946400327 3
13846161827 3
13846161289 3
13836647755 3
13704862498 3
13946428971 3
13845452575 3
13945483123 3
13946428966 3
13845473172 3
13845473267 3
13945477010 3
13836653733 3
13512670520 3
13512660982 3
13846161048 3
13845402908 3
13846143506 3
13512668239 3
13846138695 3
13796357088 3
13512665696 3
13836663906 3
13512665669 3
13845456837 3
13634545288 3
13836654572 3
13836600907 3
13836607680 3
13945477109 3
13845412340 3
13836653400 3
13946422461 3
13704866076 3
13946429670 3
13604540288 3
13845475768 3
13836665579 3
13836608733 3
13946427399 3
13946455778 3
13836644003 3
13846189390 3
13846159599 3
13836667263 3
13836602602 3
13846158197 3
13836650407 3
13945453506 3
13945458315 3
13945458428 3
13836600577 3
13836601644 3
13945459586 3
13836603114 3
13945464977 3
13845478899 3
13836603464 3
13836602284 3
13945450834 3
13845450966 3
13945484034 3
13945469634 3
13846196625 3
13845415500 3
13845478865 3
13836608107 3
13945486007 3
13845453282 3
13836607829 3
13945453644 3
13945460452 3
13512665777 3
13945485233 3
13512679363 3
13836655771 3
13945485520 3
13846156966 3
13836658884 3
13945461855 3
13945474245 3
13836650648 3
13845472432 3
13904544919 3
13845470068 3
13836654350 3
13946423918 3
13946423998 3
13836666650 3
13845470957 3
13946428118 3
13836656157 3
13803664678 3
13946422778 3
13946428706 3
13512662463 3
13945469990 3
13946429048 3
13946429883 3
13946423150 3
13946420480 3
13946429076 3
13946403877 3
13945478733 3
13946422227 3
13946420259 3
13512672832 3
13512670065 3
13946429805 3
13512673789 3
13946426153 3
13946422221 3
13946422682 3
13512672611 3
13836664259 3
13846199663 3
13946422224 3
13846186187 3
13946400419 3
13946400546 3
13512662451 3
13846189280 3
13946427829 3
13846185618 3
13845453013 3
13945459545 3
13946457711 3
13836667772 3
13945466498 3
13845450919 3
13846158178 3
13945454840 3
13846162385 3
13845459770 3
13845454200 3
13945452825 3
13845450161 3
13846181557 3
18745488633 3
13512677500 3
13945458329 3
13604865978 3
13846189590 3
13836647700 3
13946405960 3
13846151089 3
13845408198 3
13846146060 3
13846147107 3
13846181060 3
13846144355 3
13836648349 3
13836644277 3
13846196180 3
13796350006 3
13796358533 3
13946459444 3
13512679400 3
13512677735 3
13845457603 3
13846149778 3
13796355009 3
13504697806 3
13846174380 3
13945462705 3
13704865785 3
13512668503 3
13796352383 3
13836644366 3
13512676963 3
13796356268 3
13512678047 3
13846143592 3
13846198699 3
13846175088 3
13512678902 3
13846141177 3
13846141167 3
13846163534 3
13846143422 3
13846140389 3
13846142138 3
13846146526 3
13512678293 3
13512678929 3
13796355525 3
13512677929 3
13846148184 3
13846152870 3
13845478325 3
13504540345 3
13945481326 3
13946400765 3
13836651631 3
13512679616 3
13836648830 3
13945459827 3
13945476396 3
13945477042 3
13845456822 3
13946456018 3
13836667669 3
13504547123 3
13946458277 3
13836644139 3
13946406811 3
13845470758 3
13946455450 3
13504540222 3
13836600305 3
13846189066 3
13946457428 3
13946451916 3
13945481855 3
13845417608 3
13946425182 3
13836646338 3
13946451458 3
13845410710 3
13846132121 3
13846154017 3
13704546567 3
13845419392 3
13903681218 3
13845405538 3
13846178455 3
13846152498 3
13845418491 3
13845400198 3
13945460227 3
13845409093 3
13946405544 3
13945488225 3
13845401023 3
13512677077 3
13845402093 3
13836608500 3
13845478910 3
13845470030 3
13512660345 3
13845475930 3
13512668707 3
13946450345 3
13946456123 3
13836642599 3
13512677171 3
13946427789 3
13845479881 3
13945467595 3
13846176630 3
13945462820 3
13836604478 3
13945456859 3
13845452102 3
13945458350 3
13512676198 3
13845453577 3
13846172272 3
13846146234 3
13945451900 3
13796353508 3
13512672996 3
13945475708 3
13846146266 3
13845454748 3
13946400911 3
13512679658 3
13946400811 3
13945461369 3
13845475261 3
13846189022 3
13836662455 3
13803650567 3
13796353656 3
13846140145 3
13946445511 3
13845450010 3
13796353525 3
13803660055 3
13796359399 3
13796359677 3
13845458955 3
13945476158 3
13845452242 3
13845451920 3
13945483450 3
13846188640 3
13945479915 3
13945455409 3
13945472366 3
13945455562 3
13945455859 3
13945461585 3
13945452245 3
13846188426 3
13945451071 3
13945458303 3
13846161739 3
13945456402 3
13803664488 3
13903681244 3
13796356227 3
13796356444 3
13836643577 3
13704540123 3
13845415863 3
13846196091 3
13946420370 3
13846144288 3
13846153253 3
13945488297 3
13945450155 3
13845415707 3
13846188566 3
13512677411 3
13846144158 3
13845451420 3
13512674029 3
13846146759 3
13796359756 3
13846171535 3
13704863877 3
13796357832 3
13846144729 3
13846145479 3
13512677222 3
13846160276 3
13846172366 3
13846170366 3
13846198272 3
13945474411 3
13796355070 3
13796353290 3
13946424823 3
13796350775 3
13846144202 3
13845471191 3
13512680077 3
13846185489 3
13845459099 3
13945481979 3
13945483867 3
13945451889 3
13512682682 3
13945481801 3
13512680420 3
13512680378 3
13512686065 3
13945482593 3
13512680886 3
13512683406 3
13846190116 3
13512686308 3
13704548008 3
13945464425 3
13512680126 3
13945452819 3
13796354963 3
13846140618 3
13846143446 3
13836600358 3
13845457566 3
13796357603 3
13846199696 3
13836667156 3
13836667280 3
13704869919 3
13846198456 3
13836662109 3
13512686787 3
13836658829 3
13836605925 3
13512667665 3
13904549577 3
13512689551 3
13512664455 3
13846199944 3
13836654018 3
13945480033 3
13512685458 3
13512682715 3
13512681163 3
13512698887 3
13945473121 3
13846164770 3
13946402456 3
13704865549 3
13512678198 3
13946417676 3
13945461295 3
13604868588 3
13846152557 3
13846199576 3
13845456948 3
13945460349 3
13836652716 3
13836652879 3
13836652327 3
13836602200 3
13836654096 3
13836644772 3
13704866765 3
13845400428 3
13836644362 3
13836658429 3
13846170401 3
13846144123 3
13846186211 3
13512689000 3
13512688000 3
13945471119 3
13512686345 3
13512686188 3
13512685168 3
13846148288 3
13512683338 3
13512689233 3
13512682308 3
13512683181 3
13512681087 3
13945452863 3
13945464831 3
13845454399 3
13846171381 3
13512689776 3
13846187886 3
13836601585 3
13946456182 3
13846143846 3
13836601860 3
13512688458 3
13946456447 3
13846187809 3
13512662067 3
13512688228 3
13512682229 3
13946401811 3
13796356852 3
13512682800 3
13846166124 3
13512667102 3
13512682888 3
13512669188 3
13512687356 3
13704547755 3
13945482958 3
13512685556 3
13512667857 3
13836669066 3
13945483898 3
13845470447 3
13946401188 3
13845473037 3
13846173156 3
13845400082 3
13512672926 3
13845470842 3
13845401162 3
13845400169 3
13945458571 3
13512668355 3
13846183351 3
13945481395 3
13512676177 3
13845451591 3
13836660511 3
13945463262 3
13836655151 3
13845415240 3
13512673023 3
13846142666 3
13945482487 3
13846199255 3
13512679355 3
13945488771 3
13845457455 3
13512679927 3
13512663809 3
13846146195 3
13796353781 3
13946441456 3
13836615007 3
13796353637 3
13796355337 3
13846180631 3
13512648118 3
13836604600 3
13846140437 3
13512648233 3
13845454597 3
13512687933 3
13845454221 3
13512689191 3
13945471447 3
13704860928 3
13845418525 3
13846164455 3
13845412682 3
13846146279 3
13512699658 3
13512684465 3
13846199466 3
13945451532 3
13512699298 3
13512699567 3
13512699669 3
13845419577 3
13512699234 3
13846151100 3
13512675307 3
13946454363 3
13512683740 3
13836651318 3
13836609700 3
13845410226 3
13512694977 3
13846160710 3
13845459133 3
13512699399 3
13846188720 3
13845457300 3
13845408665 3
13845477538 3
13512689853 3
13846165016 3
13845409926 3
13512681410 3
13512699968 3
13512686606 3
13845456937 3
13512694557 3
13846178682 3
13846179909 3
13845404768 3
13846173696 3
13845471138 3
13846177730 3
13845476597 3
13845413285 3
13846172997 3
13846181955 3
13512694563 3
13845406691 3
13846154900 3
13945475696 3
13945468533 3
13845456280 3
13845455758 3
13945474733 3
13512669857 3
13836648458 3
13512698955 3
13512694654 3
13945478670 3
13945480206 3
13945482883 3
13845453662 3
13512676299 3
13945480928 3
13836646822 3
13946452746 3
15845451648 3
13946427488 3
15845453240 3
15845455283 3
13634545002 3
15845455878 3
13803667399 3
15145457103 3
15845457373 3
15845456500 3
15946553129 3
15845452927 3
15845400745 3
15845456872 3
15845455652 3
13704861038 3
13704545838 3
15845452960 3
13845453806 3
15845456529 3
15946569178 3
15845404593 3
13945483133 3
13945483360 3
15845453951 3
15845400822 3
15845455906 3
15845401019 3
13846141133 3
13846191600 3
13945460997 3
15845452723 3
13846163800 3
13803666313 3
13846155203 3
13946444501 3
13836605047 3
15845457987 3
15804548295 3
13945450300 3
13846150672 3
13845405693 3
13904546322 3
15845406980 3
15845455403 3
13946403922 3
13845403022 3
15845456028 3
13836663066 3
15946568728 3
13846154268 3
13604548680 3
13603695201 3
13846146417 3
15845450155 3
13555592651 3
15845456522 3
15845400663 3
15845454557 3
13845407641 3
15845455258 3
15845453434 3
13504542899 3
13846183427 3
13836662140 3
15845401299 3
13845407255 3
15845404655 3
13946403641 3
15845406277 3
13512667911 3
13603693922 3
13846130846 3
13846131718 3
15845453528 3
15845455443 3
15845400673 3
15946552988 3
13604540833 3
15845454711 3
13846133738 3
15845457233 3
15045412157 3
15946569959 3
15145457971 3
15145457986 3
15845402919 3
13734547443 3
15145457993 3
13624541873 3
15164510223 3
13604542386 3
13796350196 3
15145488632 3
15145488631 3
15145488630 3
15145488628 3
15145488627 3
15145488619 3
15145488617 3
13945460341 3
15145488612 3
15145488610 3
15845404021 3
15845407475 3
15845406516 3
15845400651 3
15804548651 3
13734547070 3
15845454678 3
15845403719 3
13644540233 3
13644546411 3
15845450123 3
15845458123 3
15845404516 3
15845402263 3
15845403947 3
15845403418 3
13803666098 3
15845400435 3
13555593988 3
15845400446 3
13704864378 3
13803650996 3
15904549052 3
13846166641 3
13803652132 3
15845405739 3
13846161709 3
13512665982 3
15946550923 3
13604868844 3
13836606710 3
13704540501 3
13845457155 3
13846171276 3
15946550892 3
13803664783 3
15845455566 3
13555582002 3
13803657191 3
13836665742 3
13512677730 3
13946402080 3
13555595968 3
13555595951 3
13555595709 3
13846191213 3
13555595713 3
13836662975 3
13634542812 3
15845400319 3
15845401329 3
15946561222 3
13846144893 3
13846141291 3
13803660819 3
13803660716 3
13803660601 3
13846152329 3
13946447731 3
15845405420 3
13836660668 3
13504541043 3
15845458988 3
15845458778 3
15845459292 3
15845407593 3
15845456853 3
13512682730 3
15845456768 3
13903680985 3
15845455859 3
13836603836 3
13555583839 3
13555583616 3
15845402321 3
15845455929 3
15845452119 3
15804544499 3
15845456229 3
15845458055 3
15845456855 3
13555596920 3
15845407858 3
15845454409 3
15845458677 3
13945451838 3
13945457482 3
13945457551 3
13836606212 3
13846155035 3
13803651390 3
15845405191 3
15845454573 3
15845453599 3
15845456177 3
13945453312 3
13946448654 3
15845457970 3
15845451969 3
13946407928 3
15845454635 3
13845400342 3
13803665617 3
13555583363 3
13845415973 3
15845454929 3
15845450121 3
15845402400 3
18245482286 3
13796357473 3
15845452608 3
15845452207 3
13945457423 3
13846162426 3
15845459002 3
15845457599 3
15845459822 3
13845455725 3
13604542521 3
15845407055 3
13836666672 3
15845456298 3
13796357496 3
15946560677 3
13604546955 3
15845454485 3
15845455880 3
13704545696 3
13846160409 3
13512684596 3
15845455009 3
13846191700 3
13846181722 3
13903686308 3
15845454548 3
13836662240 3
15845453386 3
15845454258 3
15845451180 3
13946422930 3
15845457089 3
13946422946 3
15845452596 3
15845451680 3
13803666207 3
15845456066 3
13836656850 3
13945477228 3
13946458932 3
13803657900 3
13803657522 3
13803652416 3
13845417731 3
13846175939 3
15946556767 3
15845451615 3
15845454565 3
15845451031 3
13946444956 3
13946406761 3
13845455107 3
13512647526 3
13803654066 3
13945457955 3
15845459055 3
15845456968 3
13946453078 3
15845458268 3
15845456125 3
13603691331 3
13845410305 3
13946457897 3
15845453669 3
15845455877 3
13845414927 3
13945450343 3
15845406285 3
13704861545 3
15845455695 3
13512645100 3
15845402367 3
13704547739 3
15845450006 3
15946568949 3
13945472591 3
15845455635 3
13836657668 3
15845457137 3
15845457831 3
15946559166 3
13946407877 3
15845455100 3
13846183368 3
13555594667 3
15845402323 3
13604546411 3
13604540102 3
13512643380 3
13845402070 3
15845454265 3
13903682923 3
15845458616 3
15946558677 3
13845456813 3
13845470452 3
15845458508 3
13512661248 3
15845459122 3
15845459022 3
15845451105 3
15845451120 3
15845459333 3
13846186083 3
13555594975 3
15845454522 3
13946471493 3
13846194563 3
15845456262 3
15845457765 3
15845450893 3
15845458886 3
13946442602 3
15845452381 3
13803651238 3
15845402566 3
13555596227 3
13846172337 3
13846144917 3
13945480606 3
13945453476 3
13803666015 3
15845456891 3
15845451646 3
15845456656 3
15845453043 3
13555590215 3
15845400043 3
13845476341 3
13836650265 3
13836650907 3
15845453356 3
13836652740 3
13945480489 3
13704547793 3
13845472912 3
13946420145 3
13836606708 3
13846191807 3
13945455220 3
13836601587 3
13555595042 3
13614544986 3
13644542213 3
15845457639 3
15845451930 3
13846138158 3
13664547169 3
15845452502 3
13945454865 3
13512677765 3
13634542443 3
15845451851 3
13614692357 3
13512675707 3
15845451391 3
13946402061 3
13945484189 3
13555586533 3
15845406063 3
13734541539 3
13845476986 3
13704546861 3
13634545637 3
13734543895 3
13664547376 3
13555599395 3
13846187673 3
13512676901 3
13614544988 3
13836657265 3
13903683589 3
15845400300 3
13644542625 3
15845403561 3
13555581629 3
13803664032 3
13512660729 3
15845400302 3
15804549572 3
13845411090 3
13846175687 3
15804548549 3
13604865677 3
15904548615 3
15845404212 3
15946550079 3
13664548386 3
13945469466 3
13945488842 3
15946559595 3
13903686758 3
15845407279 3
13555583287 3
15946564588 3
15845402995 3
15804549317 3
13555596730 3
15845406619 3
15845402857 3
15845403589 3
15845404546 3
15845403831 3
15845403842 3
13555593315 3
15845407299 3
13555585401 3
15845406470 3
13604865892 3
15845402845 3
15946566210 3
15946564918 3
13836662562 3
13845413512 3
13796352788 3
15845403133 3
13555595211 3
13555582600 3
15804547770 3
13846186538 3
13836642162 3
13644542925 3
13512677957 3
13614691729 3
15845406807 3
13644543637 3
13903687099 3
13644684277 3
13846192905 3
15904548559 3
13796354470 3
13634546068 3
15845402813 3
13614696633 3
15845453901 3
13684540937 3
13674544235 3
13846143347 3
15845451835 3
13946450925 3
13644542683 3
13903688509 3
13684540085 3
13604544860 3
15845406791 3
13836615653 3
13946422376 3
13512672247 3
15145450245 3
13512673642 3
15046466628 3
15045401109 3
13634544522 3
13734541557 3
13512643768 3
13704545275 3
15945402940 3
13704545766 3
13512641480 3
15845400988 3
13614690749 3
13734547646 3
15845453622 3
13946453577 3
15946557654 3
13555593737 3
15845404055 3
15845405055 3
13846173232 3
13704860377 3
13846133232 3
13604544141 3
13644543077 3
15845456041 3
15845456347 3
13845410317 3
15845454938 3
13734544447 3
15945886999 3
15845458887 3
15845453880 3
15945887788 3
15845450112 3
15845456657 3
15845404980 3
13555583513 3
15845453338 3
15845455830 3
15845400058 3
13555587050 3
13603693733 3
13664546321 3
15845457226 3
15845456257 3
15845450926 3
15845455329 3
15845453998 3
13614698808 3
15845450565 3
13846156841 3
15845401903 3
15845456372 3
15845452186 3
15946562452 3
15845456145 3
15845402072 3
13846196866 3
15946560955 3
13836652819 3
15845451963 3
15845453056 3
13836669740 3
15845454546 3
13836651663 3
15845405878 3
15845405038 3
15845455711 3
13846145875 3
13845402631 3
15904545689 3
15845457409 3
15845450457 3
15845455251 3
15845405826 3
13845413892 3
13504545475 3
15845400243 3
13946452226 3
15845455096 3
15845405896 3
15845400083 3
13946450761 3
15804541630 3
13512643741 3
13512668286 3
13512648433 3
15845402892 3
15845456613 3
15845454510 3
15845400800 3
13945453833 3
13945477600 3
13945483712 3
13945481755 3
15845450101 3
13945484658 3
13512667032 3
13846145392 3
15845450196 3
15845405708 3
15845451022 3
15845457427 3
13614691590 3
13644543787 3
13796355931 3
15845400153 3
13845410745 3
15845450790 3
15845404832 3
15845454055 3
15845458467 3
15845458625 3
15845450002 3
15845453260 3
13704542955 3
15845401206 3
13644540988 3
15804547599 3
13614541317 3
13664546638 3
13674544169 3
13846197266 3
13512647455 3
13836651423 3
15845457908 3
13644541719 3
13946443828 3
13512684717 3
15845453760 3
13846139691 3
15845452711 3
15845400051 3
13946406565 3
13555594991 3
13684540808 3
13836645328 3
13845459923 3
13836647896 3
15946565039 3
13946455822 3
13846162418 3
13836647962 3
13945453869 3
13903683363 3
13945456283 3
13845453976 3
15945889662 3
13512686855 3
13846197272 3
13734542430 3
15945882499 3
13845401997 3
13512698010 3
13836663892 3
13555581421 3
13704543969 3
13846188071 3
13846175113 3
15045400023 3
13945484225 3
13845413913 3
13845455761 3
13945477436 3
13634547446 3
13803666011 3
13604543920 3
13846169267 3
13945450187 3
13846135656 3
15845456181 3
15845450217 3
13846184347 3
15845450707 3
15145492331 3
13836607199 3
15845450448 3
15845451568 3
13845402329 3
15845455567 3
15845457733 3
15845455557 3
15845457767 3
13946425379 3
15845454196 3
15845453499 3
15845454543 3
15845403466 3
15845450466 3
13836655922 3
15845403166 3
13845414531 3
15845451155 3
13836643496 3
15946551545 3
13512660552 3
15945400096 3
13845402337 3
15804545552 3
13603695595 3
13674549001 3
15804547823 3
13836641380 3
13903687038 3
13836602172 3
13846163942 3
15045400188 3
13846159796 3
13846169796 3
13674549180 3
13604865949 3
15045400119 3
13946406318 3
13512675731 3
13504548965 3
15045407437 3
15045400486 3
13846183770 3
13945479330 3
13512667526 3
13846142469 3
13512662669 3
13945451917 3
13836654543 3
13945485317 3
13846164877 3
13555590233 3
13845479500 3
15045401590 3
13684548522 3
15045404975 3
13614692329 3
13604864867 3
15045400893 3
13904549915 3
15046499966 3
15046494000 3
15046493999 3
13604868516 3
15804545060 3
15046492555 3
13504547513 3
15045405797 3
15845450071 3
15046492881 3
13604546871 3
15946554990 3
15045400510 3
13512684683 3
13946443089 3
13512661645 3
15945400220 3
13846172429 3
13704543950 3
13634547410 3
15046499899 3
15046498766 3
15046499077 3
15845401798 3
15145492189 3
15145492195 3
15145496671 3
15145496756 3
15145492260 3
15145492262 3
15145496285 3
15145490125 3
15145496479 3
15145491586 3
15145496616 3
15145496491 3
15145496300 3
15145497425 3
15145496498 3
15145496500 3
15145496710 3
15145496716 3
15045400189 3
15145497100 3
15145497445 3
15145496017 3
15145497113 3
15145496509 3
15145496869 3
15145496023 3
15145490334 3
15145491604 3
15145491462 3
15145496395 3
15145491641 3
15145496399 3
15145491643 3
15145497629 3
15145491655 3
15145497631 3
15145489966 3
15145490684 3
13644540293 3
13803668415 3
13945488753 3
13945488945 3
13945488172 3
15045402956 3
13945480387 3
13836667831 3
13504549040 3
13604549093 3
13836608520 3
13846137569 3
13836649030 3
13903689386 3
13845458059 3
13846163457 3
13836659676 3
13846168815 3
13796354523 3
13845418803 3
13734545638 3
13846148863 3
13803669635 3
13836666281 3
13504547110 3
13504543958 3
13903689046 3
13704868955 3
15045402018 3
13946426418 3
13504543100 3
13512689446 3
18249266466 3
13796359015 3
15945403588 3
13803650231 3
13604547739 3
13604863080 3
13945487651 3
13512665168 3
13614692350 3
15045406813 3
13684546675 3
13846157587 3
13945480816 3
15045401050 3
13704869663 3
15045403143 3
13846188056 3
13945482101 3
13946445803 3
13512673960 3
13846184112 3
13836601535 3
15045404655 3
15045404618 3
13803669237 3
13846185936 3
13846153186 3
15045406165 3
13604868113 3
15045405989 3
15045400166 3
13836658861 3
15045406671 3
13945471180 3
15945888098 3
15845405930 3
13555587080 3
13803651713 3
13945487131 3
13836602199 3
15045406791 3
15845402417 3
15845408031 3
13614690337 3
15804545100 3
13644540795 3
13836650796 3
15946569577 3
13836605798 3
13664542710 3
13836646821 3
13664547025 3
15246473521 3
13946403667 3
13846172326 3
13704543507 3
13704547485 3
13846150786 3
15845459169 3
13512672179 3
13836646322 3
13504540020 3
13512679751 3
13803656839 3
13512647689 3
13836659253 3
13945499151 3
13604863865 3
13946459543 3
13836646549 3
15045403976 3
13945455200 3
13945476557 3
13846139838 3
13614690096 3
13504542475 3
13846135186 3
15945400816 3
15045404031 3
13945464578 3
13634545051 3
13945477947 3
13512647451 3
13555597780 3
13845405426 3
15045406371 3
15045406372 3
13845453986 3
13604863363 3
13555582722 3
13512662421 3
15804540465 3
15845403901 3
13903683039 3
13734542285 3
13512684395 3
13664543497 3
13846166701 3
13704545049 3
13846154807 3
13845410225 3
15045405197 3
13945460231 3
13846146192 3
13846152942 3
13945477356 3
13846181632 3
15845403176 3
13846135595 3
13704865663 3
13614544966 3
13734543938 3
13836602441 3
13512645268 3
13512642052 3
13903683720 3
13845400715 3
15946569697 3
13704863996 3
13945450259 3
15904544343 3
13512643761 3
15846991064 3
13846163437 3
13684547606 3
13903682675 3
15804540837 3
13836668757 3
13846183161 3
13803666511 3
13604866422 3
13945456858 3
13704547201 3
13555596050 3
13945457895 3
13704545488 3
13504697595 3
13684540819 3
13945487075 3
13945480560 3
13946457208 3
15046494156 3
13512698352 3
13504544131 3
13846169945 3
13836600418 3
13704542151 3
13846191002 3
13836656908 3
13614692389 3
13846194721 3
13614698110 3
13604543096 3
13846171272 3
13945486727 3
13704542420 3
13836643209 3
15046496877 3
13846145007 3
13846188872 3
13903687485 3
13845414948 3
13846155997 3
15045411518 3
13555585822 3
15845406250 3
13946442929 3
15904549015 3
15845455980 3
13512684092 3
13946422097 3
13803666842 3
13846148819 3
15946567055 3
15845453661 3
13512682440 3
15904549013 3
13803666931 3
13836643531 3
13904547818 3
15946566866 3
13904546698 3
13512677231 3
13846130201 3
13644548943 3
13634547689 3
13803659998 3
13903684622 3
13846164573 3
15045410796 3
13903686993 3
15045412328 3
13803660978 3
15046491747 3
15045410085 3
13846170961 3
13644542489 3
13634540748 3
13846185305 3
13846157857 3
13946452551 3
15046490035 3
13946443913 3
13512664325 3
15046498455 3
15046495379 3
15904548461 3
15045411156 3
15046496737 3
13836650831 3
15046499975 3
13512684547 3
15045402312 3
15046495955 3
15046499199 3
15045404518 3
13845401778 3
13946409128 3
15046498788 3
15046498988 3
15904546236 3
15904547656 3
13945450793 3
15046499733 3
15046490096 3
15846992361 3
13803656933 3
13945450372 3
15046495321 3
13704860716 3
13845407836 3
13946453415 3
13512672569 3
13512673808 3
15046490899 3
13846183190 3
13555584659 3
13845470355 3
15904541378 3
13604865212 3
15046495677 3
15804545426 3
13846184943 3
13664548823 3
13614691477 3
13614690371 3
13644547335 3
15804541282 3
13846150626 3
15045400423 3
15045411688 3
15045411988 3
15045411717 3
15045410688 3
15804541210 3
15045405902 3
15045405887 3
15045411099 3
13846146548 3
13946406158 3
15045410707 3
13946457707 3
15045411577 3
15045411677 3
13846171729 3
13946425733 3
13803662245 3
15045411711 3
13614696739 3
13684544042 3
13845404207 3
13555587469 3
13504544632 3
13512676228 3
15046491889 3
15804540249 3
13945464191 3
15046492828 3
15804541203 3
13846170428 3
15046493232 3
13624547798 3
15046491815 3
15046490606 3
13945475538 3
13614692297 3
15046492076 3
15045410987 3
15045411866 3
13945471623 3
13945460327 3
13945464961 3
13845454475 3
15045410321 3
13846132048 3
15045400821 3
13664542933 3
13836663269 3
15946566341 3
13512642911 3
15846991119 3
15046498728 3
15045410499 3
13946401428 3
15046499058 3
13512673200 3
13946405963 3
13512684351 3
13845406752 3
13624542496 3
13644542851 3
15045411185 3
15046492386 3
13945462311 3
15046491799 3
15045410996 3
13836652848 3
13845404900 3
15046490480 3
13704860201 3
15904540798 3
15045405473 3
13664542091 3
13684541357 3
13504697600 3
13604864306 3
13846147867 3
13512670437 3
13796357866 3
13644688862 3
13845403299 3
13945481156 3
13704867527 3
13644540081 3
13704867625 3
13512684135 3
13945485802 3
13624540192 3
13836666841 3
13836650126 3
15045405176 3
13945476566 3
15046491215 3
15045406797 3
13836657680 3
13836667969 3
13845470632 3
13845418343 3
13845407851 3
13614695753 3
13512677476 3
13846150543 3
13836604645 3
13603692403 3
13836650735 3
15045411039 3
13904545250 3
13644540039 3
15946553252 3
13945466445 3
13555599936 3
13836608988 3
13836668268 3
15046498538 3
13846135099 3
13664544611 3
13945476821 3
13512662362 3
13904545297 3
15046495086 3
13846156469 3
13684546657 3
15845456060 3
15045410997 3
13504547575 3
13845404860 3
13945499005 3
13512666739 3
13603694066 3
15945880033 3
13836640287 3
13846138787 3
15846991111 3
13803653319 3
13803662693 3
15846991678 3
13555584802 3
13845471373 3
15945400305 3
15845456088 3
13904545840 3
13512678144 3
15045410818 3
15046494699 3
13846182240 3
13846153776 3
13684545786 3
15045400177 3
15804546259 3
13504543896 3
13945470045 3
13846151429 3
13604545162 3
13846180601 3
13803655568 3
13504542170 3
13845472007 3
15046496511 3
13845471903 3
13846170309 3
15046494402 3
15046496659 3
13504542137 3
13846150140 3
15804548367 3
13845470210 3
13945486691 3
13803661598 3
13504544106 3
13504544183 3
13555585181 3
13555585272 3
13845455509 3
13945451811 3
13803661831 3
13945465153 3
13664544415 3
13845403135 3
15046497559 3
13845405178 3
13845406162 3
15046496850 3
13803665525 3
13946455067 3
13846150090 3
13684541727 3
13836644709 3
13903681296 3
15045402291 3
13946405413 3
13504541127 3
13836605095 3
13846157452 3
13836650261 3
13946402253 3
13796354465 3
13846160687 3
13846147418 3
13946401958 3
13836651790 3
15046496110 3
13946451077 3
13604864183 3
13946407516 3
13945451585 3
13904546648 3
15045412300 3
13846135255 3
13846167875 3
13674544322 3
13512663767 3
13836606289 3
13846195278 3
13945450053 3
13846195207 3
15045412382 3
13836642583 3
13836651667 3
15045416543 3
13846134307 3
13614692803 3
13836605699 3
13836649110 3
13836601782 3
13664548350 3
13836664901 3
15046496358 3
13845473945 3
13644546996 3
15845453322 3
13803665766 3
13945482621 3
