13603696191 3
13946449925 3
13946441516 3
13614699555 3
15845453956 3
13614691333 3
13674544555 3
13603697097 3
13946443265 3
13846133392 3
13836658089 3
13603693017 3
13603695951 3
13945465758 3
13603691730 3
13946440253 3
13846189629 3
13946449921 3
13946449906 3
13846138909 3
13603694687 3
13946441896 3
13946440310 3
13836663215 3
13836663329 3
13836665527 3
13946449169 3
13614696688 3
13555582653 3
13555585057 3
13555585653 3
13555586121 3
13555587926 3
13664543210 3
13664548765 3
13946440132 3
13946452521 3
13836655975 3
13664541789 3
13614541678 3
13664549191 3
13664546454 3
13946458635 3
13664547799 3
13664545166 3
13664548388 3
13664543888 3
13664548118 3
13945453923 3
13664541899 3
13664542877 3
13664540987 3
13664543556 3
13664546163 3
13664547273 3
13836606291 3
13614691101 3
13614691187 3
13664540518 3
13664541896 3
13903681253 3
13664546166 3
13614691185 3
13664546285 3
13614696003 3
13664546996 3
13945487201 3
13614691026 3
13664541369 3
13614696106 3
13664541256 3
13664541727 3
13664543354 3
13604540018 3
13664541985 3
13664540288 3
13664548766 3
13664541202 3
13512644958 3
13946446321 3
13846183391 3
13945464712 3
13512681925 3
13946446157 3
13603695813 3
13846136398 3
13846167201 3
13946449598 3
13946423662 3
13946422329 3
13946449593 3
13555584075 3
13946426739 3
13603693560 3
13603692881 3
13846131970 3
13846136840 3
13946444359 3
13555585043 3
13555585143 3
13946442689 3
13836664941 3
13803652385 3
13803653108 3
13803653779 3
13603693901 3
13945484223 3
13945485006 3
13846143897 3
13846143036 3
13846143857 3
13512662967 3
13555586334 3
13704546268 3
13796356670 3
13704547308 3
13704544661 3
13946406302 3
13904545780 3
13904545829 3
13904545857 3
13904542197 3
13512677269 3
13904542080 3
13704861309 3
13504549088 3
13836655962 3
13836666214 3
13836666734 3
13946459355 3
13946406273 3
13946444238 3
13846132436 3
13946423016 3
13846145827 3
13836660178 3
13845478876 3
13504541658 3
13946454307 3
13704544702 3
13946450772 3
13846155660 3
13903680867 3
13946440791 3
13603693697 3
13946454179 3
13846162041 3
13504549575 3
13945473691 3
13603694957 3
13836652962 3
13512645801 3
13704861942 3
13704546112 3
13946422385 3
13603694133 3
13845402055 3
13512687371 3
13664543213 3
13946425646 3
13664545565 3
13664542016 3
13664541213 3
13836666811 3
13603694705 3
13512647358 3
13946440967 3
13704542141 3
13846144921 3
13803651300 3
13664541902 3
13512664355 3
13512667578 3
13846194258 3
13704541838 3
13504547138 3
13504547271 3
13614695885 3
13845410497 3
13846189115 3
13946401762 3
13614695324 3
13614694125 3
13614694129 3
13614694721 3
13664546336 3
13614694180 3
13945465005 3
13704542521 3
13614692701 3
13614697763 3
13634540509 3
13846133087 3
13614697661 3
13614697665 3
13614695935 3
13614697675 3
13614697680 3
13614697737 3
13664544530 3
13904548620 3
13614694924 3
13614694915 3
13555588750 3
13836659989 3
13845404077 3
13614697616 3
13614697617 3
13512669818 3
13614697589 3
13614696350 3
13504543807 3
13614694269 3
13664548685 3
13614694261 3
13504541569 3
13614696295 3
13945451058 3
13664544202 3
13664544322 3
13945478836 3
13704542479 3
13664544177 3
13614698762 3
13664547335 3
13945484373 3
13614697295 3
13614697358 3
13845456899 3
13614697882 3
13836660161 3
13504545753 3
13674544286 3
13614690953 3
13846137266 3
13845414876 3
13946405983 3
13512677596 3
13946440816 3
13603694656 3
13946422236 3
13946450512 3
13512694203 3
13836659873 3
13512646653 3
13512669618 3
13946488282 3
13846199210 3
13846139500 3
13803662977 3
13614541528 3
13664544838 3
13614698950 3
13614698458 3
13614698357 3
13614698736 3
13614698727 3
13604545361 3
13614698776 3
13614698582 3
13614698028 3
13614699760 3
13614690710 3
13614698936 3
13614698575 3
13614699018 3
13614699070 3
13614699580 3
13614699627 3
13614699680 3
13845475595 3
13664543140 3
13664542755 3
13614541715 3
13846187013 3
13614541939 3
13846193957 3
13704867557 3
13512666619 3
13664549141 3
13614698056 3
13614698815 3
13614698106 3
13614698192 3
13512646121 3
13704542656 3
13512644662 3
13796359203 3
13614699047 3
13796350127 3
13614698617 3
13614698853 3
13614698946 3
13796351476 3
13614698663 3
13614699428 3
13614699535 3
13704544624 3
13512644189 3
13614699698 3
13614699834 3
13614699050 3
13796358520 3
13614698579 3
13512673150 3
13614698249 3
13604544673 3
13704542878 3
13614699335 3
13704548078 3
13614696509 3
13846142220 3
13604546632 3
13614541109 3
13604544469 3
13604544483 3
13803655407 3
13846184447 3
13903686467 3
13903687154 3
13945483485 3
13504542402 3
13604546746 3
13604547431 3
13512666949 3
13512667417 3
13803662475 3
13803664642 3
13504543495 3
13846176225 3
13903681546 3
13803663335 3
13614697096 3
13614693071 3
13664545843 3
13614693707 3
13614544562 3
13845451716 3
13704869172 3
13604540227 3
13614693775 3
13946427831 3
13512677825 3
13614693685 3
13614699044 3
13674549184 3
13664547773 3
13664545342 3
13614541717 3
13603694359 3
13603692341 3
13614544446 3
13614544449 3
13614693141 3
13674544948 3
13614544491 3
13836602380 3
13664547771 3
13846195942 3
13946440529 3
13614692638 3
13634540467 3
13664541491 3
13946422256 3
13614695949 3
13614692227 3
13836604023 3
13603694813 3
13664546548 3
13614692349 3
13664547470 3
13614695492 3
13846149916 3
13664544427 3
13664545417 3
13614541428 3
13614541429 3
13664547841 3
13664546459 3
13704545703 3
13614692964 3
13664543923 3
13664541812 3
13512643522 3
13946447584 3
13644684774 3
13664543868 3
13836654105 3
13845410571 3
13512679884 3
13664546746 3
13664543682 3
13803661960 3
13664544146 3
13845471515 3
13664543889 3
13664547629 3
13674544046 3
13614695409 3
13945498769 3
13614691232 3
13836645505 3
13903688026 3
13846137694 3
13604543492 3
13614695090 3
13846194601 3
13946404269 3
13504698779 3
13664546376 3
13845473814 3
13614697479 3
13664546786 3
13664542912 3
13664541409 3
13845474145 3
13512684647 3
13945472284 3
13614693005 3
13614694541 3
13664541055 3
13614695674 3
13664542626 3
13614692829 3
13845475455 3
13664542088 3
13946407692 3
13555582341 3
13845413872 3
13803654325 3
13704545938 3
13836602355 3
13836605983 3
13846148256 3
13664542941 3
13946456097 3
13614693113 3
13664546016 3
13946449239 3
13664541061 3
13614544497 3
13614696037 3
13614692961 3
13846193782 3
13614697023 3
13664542174 3
13614692795 3
13614697745 3
13664546742 3
13846142579 3
13664547104 3
13614691423 3
13614697143 3
13664546961 3
13664546018 3
13664541462 3
13504546542 3
13845452843 3
13512681334 3
13664545072 3
13614693736 3
13704867342 3
13846196546 3
13512661396 3
13512662173 3
13946404071 3
13946402173 3
13945460651 3
13704866426 3
13803652046 3
13614692177 3
13664543086 3
13836664774 3
13845410300 3
13945497493 3
13903682941 3
13836651743 3
13664544514 3
13946403083 3
13634547807 3
13614692907 3
13634546229 3
13674544841 3
13704541476 3
13946449628 3
13614694394 3
13512694295 3
18724222303 3
13946429868 3
13555584992 3
13946471366 3
13846185656 3
13614693869 3
13614693781 3
13614695940 3
13614697934 3
13614697941 3
13614697984 3
13704867854 3
13845475644 3
13664546148 3
13614692430 3
13845405667 3
13614691460 3
13664542577 3
13946426765 3
13664546161 3
13604865176 3
13664545218 3
13634541580 3
13512673402 3
13946422151 3
13946443944 3
13796352100 3
13946404807 3
13664545851 3
13664548455 3
13846149236 3
13614692859 3
13674549036 3
13946407395 3
13945486218 3
13674549355 3
13836605918 3
13704865092 3
13945466015 3
13946440115 3
13614698568 3
13846148290 3
13614695541 3
13614695585 3
13664541633 3
13634542720 3
13634546503 3
13634543301 3
13664545909 3
13836644151 3
13836615756 3
13845418681 3
13664544075 3
13803666627 3
13504545772 3
13504545661 3
13846152711 3
13664546592 3
13946443058 3
13664541620 3
13845411339 3
13614541208 3
13846147091 3
13836650404 3
13803663302 3
13614696769 3
13945484685 3
13614695635 3
13512688302 3
13504545958 3
13803655865 3
13664547339 3
13664542107 3
13704546962 3
13836654053 3
13512688712 3
13803665197 3
13704544503 3
13845401047 3
13945452540 3
13903682446 3
13836652228 3
13603691818 3
13845474288 3
13903681441 3
13945499520 3
13512660942 3
13803665488 3
13803652488 3
13512669942 3
13903687477 3
13903681755 3
13903683700 3
13903682911 3
13903683233 3
13903684200 3
13903685200 3
13555581142 3
13904545543 3
13512676749 3
13803668960 3
13946451546 3
13846184847 3
13664542918 3
13803653781 3
13846185447 3
13846143649 3
13504540343 3
13504548840 3
13504543132 3
13846146720 3
13846144345 3
13504544823 3
13664546987 3
13614691145 3
13946449273 3
13614699866 3
13664540977 3
13904547189 3
13604863845 3
13845453140 3
13836643461 3
13614696997 3
13555581141 3
13664541806 3
13945452145 3
13512644276 3
13803666764 3
13803653033 3
18845488850 3
13903686080 3
13604549948 3
13903687849 3
13903684583 3
13512686740 3
13846132104 3
13945466914 3
13845401846 3
13512675204 3
13604547172 3
13846173556 3
13946404114 3
13836652754 3
13836606699 3
13945463945 3
13512686749 3
13946405847 3
13704547080 3
13614699076 3
13614693138 3
13664546897 3
13945455301 3
13903688286 3
13614541880 3
13836602961 3
13674544827 3
13614697188 3
13614541535 3
13674544623 3
13603696177 3
13904544205 3
13614691563 3
13664543554 3
13614696201 3
13614699196 3
13614698823 3
13512643749 3
13604541945 3
13836665058 3
13903681533 3
13603692984 3
13512674140 3
13903687304 3
13803669166 3
13846182643 3
13512644640 3
13836600448 3
13846176142 3
13634541847 3
13846194724 3
13903685584 3
13946427241 3
13846181943 3
13846181064 3
13796359635 3
13803657967 3
13904544254 3
13704544403 3
13504547246 3
13512688294 3
13512646593 3
13903681803 3
13704861314 3
13555588927 3
13704548829 3
13945466603 3
13903683235 3
13946440648 3
13512646549 3
13512642592 3
13603692954 3
13903681596 3
13704864944 3
13512647624 3
13846174346 3
13946442446 3
13555588573 3
13946424523 3
13945489545 3
13803654498 3
13904542041 3
13803657893 3
13846150799 3
13946459084 3
13903682647 3
13846171049 3
13846152843 3
13945469774 3
13946453743 3
13946458649 3
13604542940 3
13846194824 3
13634546843 3
13603697640 3
13555588985 3
13845401943 3
13903686143 3
13603693443 3
13946448904 3
13945485649 3
13555586686 3
13504697604 3
13945497343 3
13603691548 3
13803668845 3
13555587211 3
13803660498 3
13803657644 3
13946446044 3
13945467144 3
13603693747 3
13946449100 3
13904544547 3
13512671647 3
13704544867 3
13704863715 3
13603695440 3
13903685733 3
13704862871 3
13704863513 3
13945468489 3
13946459040 3
13845402525 3
13903687048 3
13845403945 3
13903681127 3
13512643634 3
13604548140 3
13704860049 3
13945480845 3
13946457940 3
13504540247 3
13903689545 3
13836652440 3
13836654549 3
18245457518 3
13945486142 3
13704549594 3
13945456841 3
13704548042 3
13846196224 3
13512678644 3
13704866264 3
13845416540 3
13803654944 3
13903687241 3
13903687394 3
13846193524 3
13504540147 3
13704866274 3
13796352546 3
13604867384 3
13504548674 3
13603693742 3
13796351640 3
13846193594 3
13846172910 3
13946455551 3
13845474038 3
13512674129 3
13946455422 3
13946452123 3
13504543147 3
13504545212 3
13704549094 3
13512679542 3
13836658011 3
13614541995 3
13614694761 3
13846159780 3
13614694770 3
13664541287 3
13614544070 3
13614694776 3
13614694778 3
13614695932 3
13945486664 3
13845459944 3
13845453334 3
13512664446 3
13614541812 3
13664547348 3
13846165955 3
13836606481 3
13803663334 3
13903680825 3
13664545899 3
13803661062 3
13614696174 3
13614541565 3
13614694828 3
13504548055 3
13614541536 3
13674544942 3
13614694874 3
13614694872 3
13614694880 3
13704548346 3
13946444597 3
13903685146 3
13836649847 3
13803650684 3
13946450878 3
13946456363 3
13512698247 3
13845478447 3
13836667047 3
13504540740 3
13512671488 3
13803659934 3
13704549746 3
13836640054 3
13845400643 3
13604544302 3
13946472884 3
13512669245 3
13846171040 3
13704545628 3
13704548284 3
13946473240 3
13512698647 3
13946442707 3
13512643549 3
13946444232 3
13603699695 3
13904546147 3
13945460734 3
13846139166 3
13512661347 3
13836654774 3
13555580646 3
13845403221 3
13603697641 3
13836654143 3
13946450108 3
13796351940 3
13946445740 3
13512667014 3
13946426041 3
13512689307 3
13704540576 3
13603695240 3
13946445701 3
13945485355 3
13846192754 3
13836647190 3
13836641874 3
13903683120 3
13946447644 3
13845474340 3
13846192642 3
13604540948 3
13846177241 3
13903685474 3
13846171244 3
13845419277 3
13903680010 3
13946452447 3
13846191894 3
13946427929 3
13846186624 3
13555591805 3
13846194834 3
13504546091 3
13903686794 3
13846185723 3
13846165648 3
13846152349 3
13845402249 3
13704540546 3
13704545693 3
13512668624 3
15045408305 3
13945479488 3
13946444255 3
13836655845 3
13512667117 3
13946404522 3
13604546241 3
13904548141 3
13836607847 3
13946407143 3
13604543543 3
13946458824 3
13946458874 3
13945465249 3
13845476749 3
13846176049 3
13604864649 3
13946448408 3
13796357688 3
13555584264 3
13845473527 3
13946455743 3
13846181633 3
13704868884 3
13903684499 3
13704861904 3
13512688442 3
13512688443 3
13846153246 3
13845401564 3
13946444160 3
13512646306 3
13946455922 3
13946450908 3
13603694546 3
15846995360 3
13945456542 3
13836615349 3
13846155948 3
13604545959 3
13555585988 3
13846155641 3
13946456676 3
13604542046 3
13512677340 3
13836643747 3
18845405770 3
13836606842 3
13836615340 3
13504541998 3
13946453846 3
18204543529 3
13604544628 3
13512678078 3
13604546841 3
13846179047 3
13946409143 3
13604541637 3
13846149645 3
13945475634 3
13946400344 3
13555585486 3
13946441723 3
13846149348 3
13846145248 3
13945454764 3
13846148648 3
13946442460 3
13946452055 3
13512694877 3
13945479640 3
13904548445 3
13846179841 3
13846149543 3
13504544885 3
13903687929 3
13604545455 3
13846147443 3
13846198066 3
13903681975 3
13945465077 3
13504545749 3
13846138799 3
13796356684 3
13845401440 3
13903681147 3
13836615147 3
13946474124 3
13945455924 3
13903683257 3
13704549714 3
13946440629 3
13604863611 3
13945461014 3
13504540294 3
13946448989 3
13846130941 3
13946471149 3
13796350524 3
13603698143 3
13846175828 3
13504544193 3
13704546199 3
13846182614 3
13846130784 3
13704546197 3
13512683844 3
13845413544 3
13903685674 3
13946446088 3
13903687325 3
13504544195 3
13946409954 3
13946442529 3
13604543476 3
13946451736 3
13836641753 3
13846144527 3
13846160841 3
13904546539 3
13512643712 3
13845410694 3
13803657349 3
13946444379 3
13946452517 3
13846182016 3
13604542782 3
13504540364 3
13555586420 3
13945486044 3
13704544798 3
13946457670 3
13845452296 3
13945485194 3
13903683618 3
13836607787 3
13846198249 3
13803658830 3
13846141395 3
13796354704 3
13903682578 3
13946444381 3
13604545274 3
13803659248 3
13512669006 3
13904548945 3
13846162845 3
13704548914 3
13846178949 3
13836664301 3
13846180840 3
13836659031 3
13512643949 3
13845400644 3
13846144912 3
13555581745 3
13512645243 3
13836657349 3
13946408224 3
13504548047 3
13803666948 3
13904549348 3
13555587634 3
13803653281 3
13512640104 3
13903689747 3
13945486824 3
13555590899 3
13555590177 3
13796352842 3
13512663149 3
13555590599 3
13903683239 3
13946473363 3
13945450541 3
13836640947 3
13846179749 3
13946408204 3
13904549748 3
13946458946 3
13945476446 3
13846149143 3
13846198616 3
13946473047 3
13504541001 3
13803659284 3
13704862744 3
13704862847 3
13704863044 3
13945458846 3
13704863447 3
13704865842 3
13504544236 3
13704865849 3
13903686077 3
15945886945 3
13803658875 3
13946471340 3
13903686578 3
13946472848 3
13512673243 3
18249260381 3
13946424687 3
13903686340 3
13504544609 3
13946428884 3
13504544298 3
13803657013 3
13846136051 3
13903681071 3
13803658781 3
13846151346 3
13945467524 3
13946405040 3
13704861244 3
13555583606 3
13945460149 3
13845409184 3
13846169404 3
13846176847 3
13604542415 3
13946440604 3
13903681423 3
13845417239 3
13903680174 3
13803665119 3
13836615141 3
13512641328 3
13946453944 3
13946456344 3
13846167192 3
13903686537 3
13846180874 3
13903683044 3
13836605603 3
13836665468 3
13604544220 3
13836656543 3
13704862643 3
13903680053 3
13846130104 3
13903681159 3
13946448247 3
13504697948 3
13512647602 3
13846187542 3
13946472964 3
13945482334 3
13704548264 3
13704545621 3
18845484632 3
13946459572 3
13796359840 3
13946450866 3
13946453528 3
13803654653 3
13846186944 3
13945462241 3
13604543844 3
13704547558 3
13796358440 3
15945882847 3
13846164244 3
13846130314 3
13504549844 3
13946425188 3
13946473254 3
13504544709 3
13836667741 3
13512678534 3
13904545887 3
13846154964 3
13903685380 3
13512646044 3
13945488944 3
13946459004 3
13836654194 3
13846191644 3
13555587241 3
13555599632 3
13604549204 3
13946443964 3
13846175047 3
13803656306 3
13946425746 3
13846139545 3
13946473644 3
13946454856 3
13512676246 3
13846175241 3
13903685860 3
13803655499 3
13512672896 3
13836664352 3
13846162147 3
13846181344 3
13846180742 3
13846179566 3
13846187641 3
13946474487 3
13846191453 3
13946471824 3
13946474784 3
13946471894 3
13846169942 3
13604545449 3
13846185453 3
13945483784 3
13604544367 3
13846166042 3
13946473492 3
13945467406 3
13796354421 3
18245499231 3
13512685401 3
13603695483 3
13796353485 3
13603691481 3
13845404415 3
13946446485 3
13845416843 3
15245482542 3
13796356413 3
13603695482 3
13604543085 3
13846138808 3
13945474473 3
13845458044 3
13555588116 3
13836601472 3
13945489642 3
13845479191 3
13796351428 3
13945456340 3
13845453859 3
13512698049 3
13845409945 3
13803658349 3
13845474058 3
13803669794 3
13704549141 3
13836650841 3
13704547601 3
13836659245 3
13603695648 3
13836666204 3
13946453288 3
13903684491 3
13512673439 3
13945484408 3
13803655866 3
13604549570 3
13836664495 3
13604547749 3
13512676472 3
13555583498 3
13836605458 3
13704864491 3
13846136490 3
13512694452 3
13803668469 3
13803650407 3
13903687689 3
13945473490 3
13903680450 3
13846197498 3
13846185467 3
13803669418 3
13904544671 3
13945480718 3
13846183730 3
13803658468 3
13512644439 3
13704544155 3
13603698311 3
13803650473 3
13512665709 3
13803658410 3
13803659406 3
13803650470 3
13803659491 3
13803668406 3
13946429746 3
13803659478 3
13845400421 3
13845452436 3
13845473417 3
13512675527 3
13846176654 3
13903682429 3
13946471403 3
13504540459 3
13945463992 3
13846193754 3
13803662287 3
13512676930 3
13903681479 3
13836654131 3
13946423513 3
13946424044 3
13903686438 3
13803666110 3
13946448794 3
13836640149 3
13946402545 3
13903681511 3
13836661953 3
13512666617 3
13846196340 3
13803664817 3
13945455139 3
13846186637 3
13946404730 3
13945471416 3
13512670174 3
13945469154 3
13512646038 3
13604864129 3
13904547299 3
13846182475 3
13903687053 3
13903685317 3
13845471149 3
13903682253 3
13946422565 3
13846147269 3
13903683056 3
13904544929 3
13946451786 3
13946404688 3
13634544566 3
13846180310 3
13904544231 3
13604542966 3
13604542310 3
13846139907 3
13512686366 3
13904544837 3
13903689881 3
13704545022 3
13904544722 3
13904544591 3
13846171404 3
13903687120 3
13704547127 3
13845400233 3
13904544813 3
13903681300 3
13803659644 3
13945461695 3
13904545478 3
13904547980 3
13903683575 3
13903682370 3
13946407302 3
13845478662 3
13904544363 3
13836662945 3
13512688504 3
13504549900 3
13845475540 3
13836654164 3
13634540949 3
13946440140 3
13945474149 3
13504544316 3
13946455461 3
13946402459 3
13603692493 3
13945463348 3
13945487469 3
13803653469 3
13603694788 3
13604544884 3
13904544623 3
13846155479 3
13903682409 3
13845414143 3
13903689489 3
13846145785 3
13945482402 3
13845471429 3
13704865439 3
13704863479 3
13704862438 3
13946425495 3
13836641425 3
13903682430 3
13836656534 3
13604545048 3
13945469949 3
13512645498 3
13512667843 3
13512646727 3
13845405749 3
13903685238 3
13512688247 3
13704543483 3
13903682671 3
13603699429 3
13803668604 3
13803654239 3
13803657491 3
13836656406 3
13512647450 3
13836602437 3
13836615465 3
13836653461 3
13796355458 3
13634543405 3
13836606410 3
13836604486 3
13836644409 3
13803653443 3
13945455848 3
13634545472 3
13512664462 3
13836615410 3
13836615409 3
13836615401 3
13836607465 3
13946424482 3
13836603491 3
13836603490 3
13603693435 3
13946453436 3
13946402224 3
13946471416 3
13846175410 3
13504696410 3
13504696425 3
13634542747 3
13603694438 3
13846195471 3
13603696416 3
13512677412 3
13945477401 3
13836660491 3
13945477439 3
13945477476 3
13903687490 3
13946474500 3
13603696418 3
13945482401 3
13796351485 3
13836604425 3
13634546479 3
13704544389 3
13504545043 3
13846136645 3
13845418649 3
13603692457 3
13846132467 3
13946422745 3
13904545746 3
13945477754 3
13945473447 3
13904544481 3
13604544453 3
13846156649 3
13845401475 3
13836669519 3
13603694476 3
13845402461 3
13845415415 3
13946425647 3
13946447849 3
13504543408 3
13603697432 3
13603697478 3
13845451427 3
13704547423 3
13945497432 3
13945485834 3
13845473846 3
13512667472 3
13845452343 3
13836666164 3
13603691485 3
13845472943 3
13946471428 3
13946407415 3
13603694402 3
13796351497 3
13945484486 3
13945486469 3
13846171543 3
13704541567 3
13846196407 3
13803655946 3
13512670348 3
13512679394 3
13846147846 3
13555587442 3
13555587749 3
13846188142 3
13512644484 3
13803653440 3
13555589034 3
13512683149 3
13504697412 3
13846134564 3
13634547245 3
13704867604 3
13945453206 3
13634543433 3
13946471084 3
13796353479 3
13946441348 3
13946472704 3
13946471814 3
13946471784 3
13603695458 3
13836641482 3
13704863843 3
13846168574 3
13846160154 3
13945478994 3
13945484344 3
13945484941 3
13945485784 3
13945488874 3
13846161674 3
13836603482 3
13845419458 3
13836643042 3
13846160346 3
13946448347 3
13512648874 3
13504697594 3
13555581044 3
13845474049 3
13836666054 3
13945497748 3
13946425540 3
13704549561 3
13796352868 3
13504696773 3
13796353018 3
13796353558 3
13796353618 3
13796354365 3
13504696692 3
13504697803 3
13504696751 3
13504696839 3
13796354325 3
13504697136 3
13846178473 3
13796353875 3
13796354029 3
13796353512 3
13945474417 3
13803651481 3
13836661379 3
13945457457 3
13836650163 3
13796355302 3
13504698796 3
13504699981 3
13504696807 3
13512676985 3
13803652599 3
13846131931 3
13845477062 3
13945485264 3
13504549514 3
13512646033 3
13945453854 3
15246463423 3
18249260784 3
13504549168 3
13504542925 3
13512646280 3
13903684851 3
13846131114 3
13845470497 3
13946443806 3
13604544492 3
13796357637 3
13796352209 3
13903681767 3
13704548677 3
13946471284 3
13555584881 3
13845402577 3
18745461916 3
15214664056 3
13504696780 3
18804541381 3
13845450440 3
13845456268 3
13504548467 3
13512665360 3
13945485252 3
13704544583 3
13846172436 3
13836653155 3
13803669405 3
13836647462 3
13704549418 3
13512649420 3
13946454672 3
13836661796 3
13803668465 3
13946409426 3
13846137099 3
13846139416 3
13836644166 3
13904548465 3
13904549460 3
13836667074 3
13946428144 3
13845458693 3
13946405459 3
13704545823 3
13555586693 3
13512646935 3
13512670487 3
13803662837 3
13512679435 3
13704548403 3
13836605396 3
13836605395 3
13846144491 3
13846150658 3
13846150463 3
13512643814 3
13504540427 3
13604544401 3
13946407997 3
13504698498 3
13836656840 3
13846197155 3
13512670419 3
13512682756 3
13846139470 3
13945498550 3
13904544170 3
13846193311 3
13512674662 3
13945460407 3
13512671081 3
13634543330 3
13604544139 3
13845403237 3
13845410453 3
13512676272 3
13946425206 3
13836656799 3
13846161873 3
13946400414 3
13504540892 3
13512676860 3
13946453030 3
13512682775 3
13836648467 3
13945451833 3
13704541090 3
13555584657 3
13836603234 3
13796355015 3
13796352770 3
13946427838 3
13796354327 3
13845404754 3
13796352396 3
13946448482 3
13946409495 3
13846160462 3
13904549405 3
13904549403 3
13512647408 3
13796352395 3
13904548491 3
13796357790 3
13945475407 3
13796354930 3
13796353720 3
13796355179 3
13836663591 3
13946450462 3
13796352086 3
13845403217 3
13796352010 3
13796355767 3
13796354732 3
13796355578 3
13796355178 3
13796353975 3
13796354293 3
13796355280 3
13796355675 3
13796352971 3
13796354701 3
13796351720 3
13796355837 3
13796355256 3
13796353259 3
13845404979 3
13796355268 3
13796355378 3
13504697673 3
13796352072 3
13796356068 3
13796354275 3
13796356508 3
13796355791 3
13796356858 3
13796351793 3
13796356978 3
13796357068 3
13796357078 3
13796357138 3
13796357158 3
13796351761 3
13796352893 3
13796351268 3
13796351558 3
13504540472 3
13796352896 3
13796352870 3
13796357715 3
13504697018 3
13796352078 3
13796354283 3
13946459438 3
13796352338 3
13504697021 3
13504699213 3
15045410971 3
13836656729 3
13512677541 3
13512682298 3
13945466975 3
13803661778 3
13946408177 3
13604549090 3
13846161891 3
13803661540 3
13803661090 3
13803666355 3
13634541006 3
13846154050 3
13836604232 3
13512669521 3
13704545959 3
13845454077 3
13945465776 3
13803661426 3
13512681847 3
13803666118 3
13945470262 3
13836650483 3
13846130431 3
13846152431 3
13846130244 3
13846139644 3
13846152903 3
13634543430 3
13603696411 3
13796355492 3
13945480627 3
13803653585 3
13845456084 3
13836657499 3
13704544071 3
18245499593 3
13504697491 3
13796352410 3
13845457916 3
13903683085 3
13945467460 3
13604544435 3
13946406409 3
13845404462 3
13846151421 3
13836665708 3
13836600458 3
13803652020 3
13555586351 3
13846166461 3
13946401515 3
13614695100 3
15046468925 3
13946400067 3
13555586250 3
13845456589 3
13845475637 3
13945451086 3
13846183888 3
13836602122 3
13945454809 3
13945482977 3
13803661569 3
13845414181 3
13845417938 3
13803661385 3
13555580160 3
13803667786 3
13945471928 3
13946400277 3
13504549909 3
13845452020 3
13845417595 3
13555584313 3
13704867033 3
13946406217 3
13555587727 3
13946422566 3
13845472578 3
13946421512 3
13946422328 3
13704865366 3
13946422330 3
13946422280 3
13836655198 3
13512665103 3
13634545766 3
13845410736 3
13845473432 3
13803664555 3
13946421215 3
13903689488 3
13512698033 3
13836650006 3
13946405449 3
13512677032 3
13796351068 3
13946453168 3
13946456885 3
13704543262 3
13946445858 3
13946422829 3
13946421367 3
13946406693 3
13946452829 3
13555586383 3
13555584949 3
13846164852 3
13555582688 3
13796357546 3
13946422017 3
13846163475 3
13846199973 3
13946406245 3
13846171963 3
13946422066 3
13604548786 3
13946422951 3
13904549655 3
13945488854 3
13903686646 3
13803666862 3
13846142103 3
13946402790 3
13512673655 3
13946422039 3
13836642086 3
13946422349 3
13512672472 3
13945487718 3
13945452611 3
13945482598 3
13946401015 3
13803666381 3
13845472315 3
13845472236 3
13803665045 3
13946423416 3
13946422975 3
13803665465 3
13846187278 3
13512664810 3
13836641252 3
13512683965 3
13846145802 3
13945471130 3
13803667017 3
13946446186 3
13555587930 3
13803652720 3
13555587916 3
13803667820 3
13803667090 3
13555587947 3
13803663405 3
13512679321 3
13512675463 3
13555582963 3
13555582948 3
13945484789 3
13845453933 3
13796354596 3
13504540543 3
13603699415 3
13796354808 3
13846136535 3
13512682802 3
13504699087 3
13796358389 3
13512646493 3
13846132376 3
13796355758 3
13512644607 3
13512671377 3
13836659898 3
13512678231 3
13946445853 3
13836668394 3
13946422637 3
13634544410 3
13846144614 3
13803652586 3
13836657722 3
13836655400 3
13904545233 3
13803662925 3
13846194345 3
13704545399 3
13845455763 3
13845405689 3
13946446647 3
13846192780 3
13836657546 3
13845408909 3
13603697037 3
13845403288 3
13946472456 3
13555585513 3
13803664911 3
13803665652 3
15204549592 3
13946427749 3
13946427826 3
13845416862 3
13512679175 3
13803664571 3
13836646738 3
13945467232 3
13504549500 3
13704542280 3
13836642127 3
13846188966 3
13845453991 3
13836644328 3
13946456566 3
13945482993 3
13845417866 3
13946401308 3
13836601382 3
13845417983 3
13836651315 3
13704540800 3
13803669008 3
13555589696 3
13803662195 3
13836654652 3
13803651650 3
13946405456 3
13845479700 3
13946401257 3
13555588228 3
13836604062 3
13603696539 3
13845417869 3
13845415358 3
13803667123 3
13555581349 3
13836665406 3
13803660030 3
13946420078 3
13846154803 3
13845474659 3
13945464830 3
13836604440 3
13846177982 3
13803662473 3
13836601623 3
13555581911 3
13803661695 3
13836663379 3
15246465502 3
13555581746 3
13846183922 3
13555585439 3
13555587618 3
13946402638 3
13945467072 3
13846173940 3
13555585240 3
13946405529 3
13846194675 3
13555582872 3
13946429179 3
13945466598 3
13845451663 3
13846195729 3
13945467059 3
13836601949 3
13836615393 3
13836615468 3
13846167509 3
13946428526 3
13803653526 3
13603697399 3
13945466249 3
13694666666 3
13845473617 3
13846171552 3
13846175320 3
13604546711 3
13704542176 3
13704540733 3
13803665963 3
13796355478 3
13945451955 3
13846196550 3
13803666581 3
13803663005 3
13803661325 3
13803664036 3
13946443862 3
13836644780 3
13803663729 3
13555589169 3
13846134540 3
13946446939 3
13846195657 3
13512687806 3
13846143658 3
13946445003 3
13945459070 3
13803663368 3
13946445986 3
13946446921 3
13803664029 3
13846187827 3
13946444400 3
13803665348 3
13945458007 3
13512682768 3
13946423723 3
13846192826 3
13803663150 3
13512674049 3
13803663973 3
13555581455 3
13803653297 3
13512676638 3
13803661615 3
13946446373 3
13803669927 3
13845402799 3
13945457110 3
13803666213 3
13946445257 3
13946445593 3
13845450198 3
13603698355 3
13836662955 3
13836643591 3
13512673106 3
13846166488 3
13704865283 3
13836603313 3
13803666436 3
13845456286 3
13846192182 3
13946445859 3
13946422489 3
13836642143 3
13846175277 3
13946445135 3
13846183606 3
13512681488 3
13846183959 3
13803657058 3
13704545503 3
13846134606 3
13846171886 3
13946440799 3
13555589112 3
13903680721 3
13836657493 3
13504698933 3
13604547221 3
13604546882 3
13945454800 3
13846154618 3
13904546599 3
13704549778 3
13836600060 3
13846186708 3
13704545407 3
13504545885 3
13604547189 3
13796355597 3
13846154320 3
13845478274 3
13704545991 3
13845412890 3
13945458843 3
13803661560 3
13903688663 3
13945456629 3
13803660102 3
13836662150 3
13512672315 3
13846159619 3
13846175762 3
13512664120 3
13846176919 3
13604547659 3
13846157272 3
13946423737 3
15245484286 3
13504543933 3
13704866588 3
13845406105 3
13845413439 3
13904546438 3
13704546420 3
13704540998 3
13904546785 3
13946446477 3
13803656730 3
13845409050 3
13603692911 3
13704546237 3
13704546747 3
13845406550 3
13504541600 3
13846158423 3
13946456599 3
13555580406 3
13846156969 3
13504545657 3
13704546115 3
13845411297 3
13634543450 3
13504545480 3
13846170608 3
13704545857 3
13512679272 3
13504545768 3
13604546631 3
13704547110 3
13846173310 3
13604541957 3
13846137141 3
13504545542 3
13845404782 3
13803656675 3
13604540899 3
13945474826 3
13846147225 3
13845406082 3
13945472991 3
13846158968 3
13836606582 3
13904545107 3
13845416628 3
13945463950 3
13845455120 3
13946427610 3
13803665683 3
13604545997 3
13946426208 3
13803660511 3
13604545505 3
13555580679 3
13946420456 3
13845474496 3
13836602347 3
13704542778 3
13803662598 3
13904545570 3
13904545580 3
13904545728 3
13555584738 3
13845400801 3
13836651295 3
13512687772 3
13803665005 3
13845451316 3
18204541800 3
13904545546 3
13836651735 3
13836606121 3
13904547719 3
13836653118 3
13803664908 3
13945475328 3
13704542589 3
15845457671 3
13803665653 3
13904545753 3
13945454388 3
15214664234 3
13836663947 3
13704542489 3
13904547173 3
13904547769 3
13845475738 3
13836609932 3
13846186730 3
13846152385 3
13803664340 3
13904545982 3
13904545917 3
13845408131 3
13512668113 3
13704541397 3
13946458543 3
13555584273 3
13803651958 3
13846166387 3
13845452649 3
13904547740 3
18245466480 3
13803652352 3
13946473030 3
13945450109 3
13846174832 3
13836665822 3
13704545116 3
13604546367 3
13803651431 3
13803652572 3
13945453963 3
18245468877 3
13512687602 3
13846143826 3
13634544866 3
13634544766 3
18845486664 3
13846151049 3
13846188132 3
13946442688 3
13555587346 3
13555584825 3
13836650105 3
13946425429 3
13836665692 3
13903680306 3
13946453699 3
13945457892 3
13845477721 3
13504543177 3
13904546193 3
13945476038 3
13904546135 3
13846137493 3
13704543557 3
13836602289 3
13704543226 3
13945450619 3
13704860970 3
13704545208 3
13945451825 3
13846146953 3
13604545271 3
13904548511 3
13945457242 3
13845416672 3
13504544366 3
13946447077 3
13803663841 3
13946443677 3
13604546408 3
13846137879 3
13946440488 3
13846186659 3
13704546128 3
15246470255 3
13704547337 3
13845410010 3
13604541151 3
13803656447 3
13803657568 3
13603693577 3
13945455054 3
13504547827 3
13945469953 3
13704547902 3
13846130663 3
13604541487 3
13946445807 3
13504543763 3
13504542561 3
13945473544 3
13803657422 3
13604542448 3
13845453975 3
13512689255 3
13504542410 3
13603694155 3
13604543509 3
13845472832 3
13946446700 3
13634542020 3
13946442377 3
13604543751 3
13504545119 3
13945465498 3
13836649598 3
13846180236 3
13803655643 3
13836665910 3
13604865099 3
13846193066 3
13555589146 3
13604543236 3
13836664876 3
13512682347 3
13946425306 3
13803666635 3
13945476511 3
13845456175 3
13945482247 3
13846184179 3
13945497857 3
13803667125 3
13946402766 3
13803666340 3
13803667518 3
13945479855 3
13803664506 3
13945477580 3
13945457974 3
13512686575 3
13946403464 3
13846189301 3
13945487034 3
13946447701 3
13845453354 3
13846143232 3
13504541095 3
13945481034 3
13945474734 3
13945472134 3
13945464624 3
13555588054 3
13846172214 3
13846137324 3
13604548895 3
13845454904 3
13846152884 3
13512671034 3
13512672334 3
13946404204 3
13796358764 3
13845451464 3
13836652488 3
13945481262 3
13846172311 3
13836602134 3
13512676694 3
13504547680 3
13512677004 3
13845454902 3
13803657046 3
13555587324 3
13846169818 3
13946452537 3
13946454524 3
13846167794 3
13946427477 3
13846183215 3
13946454769 3
13946456705 3
13836652544 3
13803660356 3
13555587274 3
13846176511 3
13846140138 3
13946442445 3
13836603594 3
13946452800 3
13846156704 3
13836605339 3
13845405864 3
13845454274 3
13945475133 3
13836653454 3
13512668402 3
13504545460 3
13946452066 3
13603695345 3
13704546796 3
13504541022 3
13512669297 3
13604547115 3
13846164849 3
13604545640 3
13803666150 3
13945455488 3
13604542883 3
13604547563 3
13846173739 3
13846153493 3
13836644884 3
13704542722 3
13845415995 3
13604546359 3
13845413197 3
13504546169 3
13845452672 3
13604542833 3
13846166736 3
13512670258 3
13845471210 3
13836603870 3
13845471396 3
13504541983 3
13604542877 3
13704543419 3
13512674016 3
13803655507 3
13604549921 3
13796353568 3
13845415031 3
13846147573 3
13845405651 3
13704542150 3
13845416379 3
13846198858 3
13704542912 3
13504543007 3
13846151022 3
13555584114 3
13604547959 3
13504543765 3
13946441800 3
13946447355 3
13803655526 3
13803656198 3
13946400598 3
13504541686 3
13504543036 3
13504543040 3
13512672235 3
13845401022 3
13504547457 3
13604547911 3
13803657797 3
13555586266 3
13846131488 3
13946447447 3
13803655909 3
13504541798 3
13512662698 3
13512667696 3
13504543815 3
13512699860 3
13504545096 3
13604865077 3
13945467781 3
13504542346 3
13512676589 3
15145492043 3
13946446828 3
13504542556 3
13945455067 3
13512661578 3
13836654872 3
13803655529 3
13504543979 3
13504544377 3
13846137461 3
13504541885 3
13845472187 3
13846188348 3
13836645237 3
13846151951 3
13512662428 3
13664543415 3
13836668711 3
13946427775 3
13945456782 3
13846184222 3
13836600978 3
13945485185 3
18245454831 3
13845458913 3
13946452212 3
13704542435 3
13504541786 3
13504544655 3
13704542263 3
13946441801 3
13604543619 3
13903689921 3
13803655055 3
18845427123 3
13512660580 3
13555580240 3
13604547148 3
13512671590 3
13945465156 3
13704549957 3
13504543651 3
13504544040 3
13504547743 3
13512661483 3
13845457839 3
13946441718 3
13604546653 3
13504543975 3
15845454106 3
13946453365 3
13945483906 3
13945485270 3
13845450997 3
13946453918 3
13504546870 3
13945473371 3
13504542779 3
13704869427 3
13512675959 3
13504543926 3
13803657513 3
13846151714 3
13836651054 3
13846141594 3
13803655854 3
13846139353 3
13846154228 3
13946455124 3
13846144594 3
13836656394 3
13846145778 3
13836643584 3
13803656758 3
13845473622 3
13704543784 3
13945478819 3
13946404242 3
13604546304 3
13604544654 3
13803654211 3
13512669894 3
13836657954 3
13946456761 3
13512681953 3
13512664154 3
13836652377 3
13945474518 3
18245453265 3
13803651274 3
13704546324 3
13845457924 3
13845457834 3
13845457254 3
13946454327 3
13504542164 3
13555582533 3
13704540484 3
13903686022 3
13846162954 3
13604546864 3
13555582188 3
13504544158 3
13946443885 3
13846162825 3
13845455883 3
13704546515 3
13704545383 3
13604547197 3
13604542260 3
13846134848 3
13504546712 3
13704545322 3
13846174809 3
13704546171 3
13803656679 3
13836668211 3
13836658021 3
13836662744 3
13555584922 3
13512685724 3
13504545792 3
13845475774 3
13604865314 3
13555583635 3
13946442167 3
13836662477 3
13845450274 3
13903683477 3
13836646318 3
13704542464 3
13604544368 3
13845475994 3
13604548889 3
13846131311 3
13555585499 3
13945469664 3
13946407824 3
13946403455 3
13945483584 3
13945452046 3
13836642604 3
13555584595 3
13604546874 3
13846143292 3
13704543264 3
13845406665 3
13846194825 3
13846174843 3
13945483504 3
13845475981 3
13836641364 3
13845477254 3
13704546084 3
13845475534 3
13845476304 3
13704546534 3
13704545184 3
13504542664 3
13604544369 3
13836657814 3
13604546764 3
13845475184 3
13803654014 3
13803656094 3
13846161704 3
13803652214 3
13846186969 3
13836666410 3
13504699324 3
13945455474 3
13846150964 3
13512685464 3
13846153994 3
13946457955 3
13846167584 3
13634545305 3
13846165764 3
13846177044 3
13946402084 3
13836667764 3
13836667754 3
13504548864 3
13803662549 3
13846137672 3
13945476704 3
13946426284 3
13946442138 3
18249239737 3
13836664424 3
13946407054 3
13512680034 3
13836667224 3
13846173004 3
13555585964 3
13945453496 3
13946403564 3
13845452661 3
13846175154 3
18245499322 3
13836662384 3
13836662924 3
13836661184 3
18245454736 3
13512675684 3
13704865979 3
13846156854 3
13846177896 3
13946454919 3
13845451629 3
13836603078 3
13604542769 3
13555581094 3
13512678544 3
13846155214 3
13846173564 3
13704861755 3
13845456054 3
13946457099 3
13845451984 3
13846166090 3
13845454354 3
13836663674 3
13946454364 3
13512670484 3
13803669257 3
13845453568 3
13512670634 3
13946447466 3
13836667494 3
13836653364 3
13836665974 3
13846172510 3
13836604765 3
13946455254 3
13846163664 3
13512672864 3
13846171564 3
13846165663 3
13846161394 3
13846176294 3
13846146324 3
13846146884 3
13845455054 3
13604542597 3
13846186954 3
13512676334 3
13846142294 3
13846186600 3
13945471496 3
13846147994 3
13555583294 3
13946427018 3
13845457384 3
13846159448 3
13845479354 3
13845457364 3
13845409316 3
13555582474 3
13836667554 3
13836651684 3
13946425954 3
13555582664 3
13946422048 3
13846142234 3
13946421874 3
13946455314 3
13555582614 3
13846172654 3
13846175194 3
13512663304 3
13836656204 3
13836645266 3
13504547255 3
13836656404 3
13836601611 3
13846170709 3
13512684434 3
13946454533 3
13512676663 3
13512665080 3
13504546767 3
13945472884 3
13512667804 3
13704861321 3
13604548624 3
13946426455 3
13945461104 3
13903689657 3
13946455738 3
13946454680 3
13946454700 3
18204542460 3
13504543806 3
13512685184 3
13846136624 3
13946455513 3
13903689858 3
13512684294 3
13946459414 3
13555584714 3
13846137564 3
13704860164 3
13836653054 3
13946443423 3
13512686983 3
13846154304 3
13845452304 3
13512687364 3
13846181662 3
13846186774 3
13512687418 3
13946453364 3
13512682674 3
13512673554 3
13845451294 3
13945483054 3
13945483514 3
13504542651 3
13945482934 3
13945475864 3
13945482374 3
13945482506 3
13836661978 3
13946404184 3
13846159298 3
13846159908 3
13945484954 3
13903687726 3
13704540307 3
13846175084 3
13903686154 3
13946443312 3
13946442468 3
13604548181 3
13803654659 3
13512644435 3
13634542297 3
13846133731 3
13634540634 3
13512646366 3
18304545006 3
13945487844 3
13604864394 3
18245476396 3
13946422730 3
13604865134 3
13604540655 3
13946452678 3
13603696214 3
13845455864 3
13836665126 3
13945453031 3
13845455024 3
13945457304 3
13946446653 3
13555584984 3
13904549353 3
13603698785 3
13946404247 3
13946404129 3
13504543026 3
13836654233 3
13945487734 3
13945475504 3
13512661804 3
13845458534 3
13845472654 3
13796354114 3
13846154554 3
13945475168 3
13704548177 3
13946443933 3
13846193394 3
13603692484 3
13512665814 3
13845413404 3
13846193354 3
13845418112 3
13946457073 3
13903684119 3
13803653843 3
13512645141 3
13903681067 3
13946444135 3
13845472153 3
13903683829 3
13504544847 3
13946444946 3
13704540041 3
13555592110 3
15904546965 3
15904543643 3
15904543537 3
13555594905 3
13803651923 3
13946471385 3
15945404543 3
13555592123 3
13555596014 3
15945403870 3
13846175603 3
13555594490 3
13946472082 3
13555597306 3
13555597017 3
15904541919 3
13555595213 3
13836647093 3
13555589494 3
13846142136 3
13946456854 3
13945478794 3
13945497334 3
13903683304 3
13846186284 3
18249236405 3
13604544489 3
13946406929 3
13903684655 3
13846177921 3
13604544006 3
13846179995 3
13836641964 3
13704546212 3
13836644158 3
13803653282 3
13846186454 3
13904545254 3
13836609598 3
13512682786 3
13846188684 3
13945478782 3
13704547034 3
13846172677 3
13946406498 3
13704544101 3
13836609393 3
13846189674 3
13704542121 3
13803657457 3
13845412104 3
13803657957 3
13846146961 3
15245458721 3
13803657174 3
13836642584 3
13846146360 3
13845412304 3
13846184835 3
13704864454 3
13704864464 3
13604544934 3
13845417284 3
13604866614 3
13604541534 3
13903681264 3
13903687717 3
13836661224 3
13836661964 3
13836663124 3
13555583074 3
13845411914 3
13704545856 3
13945486014 3
13512644511 3
13555584886 3
13945485874 3
13945462104 3
13704540228 3
18249264547 3
13634545364 3
13946405824 3
13803662954 3
13603697104 3
13796351516 3
13904546294 3
13704866339 3
13603697724 3
13603697754 3
13836661584 3
13836644174 3
13846186814 3
13945472494 3
13945450664 3
13945463487 3
13845406064 3
13904546954 3
13836665374 3
13836665394 3
13836665464 3
13836667154 3
13836667164 3
13903686880 3
13634544604 3
13836667264 3
13846182714 3
13836641654 3
13845472791 3
13836661854 3
13945497014 3
13945476824 3
13946455194 3
13946442508 3
13836662794 3
13836662894 3
13836664904 3
13836662974 3
13836663014 3
13946443433 3
13946457289 3
13946455654 3
13604547199 3
13836663784 3
13903688474 3
13836644451 3
13946457672 3
13836651274 3
13946457624 3
13845473314 3
13945458263 3
13946417567 3
13512647255 3
13512646227 3
13904546456 3
13845419660 3
13946471155 3
13946459464 3
13846189973 3
13904549484 3
13512645604 3
13604549324 3
13903686424 3
13704869384 3
13946459864 3
13845413774 3
13512644908 3
13946455226 3
13796358787 3
18245496363 3
13845471296 3
13945497964 3
13945475624 3
13512645337 3
13604547964 3
13512647876 3
13903689738 3
13604542864 3
13946445314 3
13945460764 3
13945458384 3
13796355884 3
13946405304 3
13846137190 3
15804543586 3
13946440632 3
13946451732 3
13803651020 3
13945474330 3
13836661204 3
13803665231 3
13803663343 3
15804546319 3
15946566211 3
13704546626 3
13946448706 3
15946562897 3
15804543366 3
13836605226 3
13845402489 3
13504547090 3
13512669174 3
15804547239 3
13614698018 3
13704540598 3
13945465180 3
13945498883 3
13846195089 3
15946563598 3
13845473557 3
13796359985 3
13836601354 3
15946564080 3
13836602703 3
13684549724 3
13796358597 3
13604540844 3
13504545506 3
13836652231 3
13604546128 3
13846168895 3
13604542760 3
13846184080 3
13946422033 3
13846183498 3
13704867675 3
13946452612 3
13555598288 3
13555599099 3
13555599909 3
13555599188 3
13555598799 3
13555599321 3
13555599066 3
13555598282 3
13555599985 3
13555598558 3
15164513886 3
13555598778 3
15945403888 3
13555598678 3
15904548868 3
13846171103 3
15945400006 3
13945488109 3
13555599868 3
15945400055 3
13704542816 3
15945400009 3
13555599980 3
15904546688 3
13846175793 3
15904546699 3
13945473640 3
13555599345 3
13604540705 3
13704542189 3
13845405770 3
13845407551 3
13846162368 3
13555589915 3
15946562510 3
13945453169 3
15804540015 3
15804540016 3
13644547045 3
13624544676 3
13704540664 3
18845418077 3
15804546203 3
13846163536 3
13845452861 3
13846183675 3
13664545877 3
15946565567 3
13512661967 3
13734549980 3
13845407483 3
13846182076 3
13504549944 3
15804547128 3
13946403299 3
13803665009 3
13946458311 3
13614695432 3
13614695657 3
15804541933 3
13604541728 3
13945456312 3
13946452759 3
13624541158 3
13946444254 3
13836601287 3
13945466991 3
13846162176 3
13803661787 3
13555595473 3
13846178181 3
13836668499 3
13512663805 3
13845405242 3
13512681112 3
13512664370 3
13846187608 3
13845419740 3
13846147412 3
13846199338 3
13512648015 3
13512685011 3
13614699633 3
15945400887 3
13555597595 3
18245452187 3
13803651215 3
13803651158 3
13555597589 3
13803651656 3
13803652025 3
13803653698 3
13803653855 3
13845478543 3
15946566676 3
15804545808 3
15946566626 3
13946423869 3
15804541931 3
15946560656 3
15804546897 3
13836609408 3
15946562486 3
15904547488 3
15946563672 3
15946562995 3
15804549869 3
15946561719 3
15946566811 3
13846184969 3
15804547658 3
13945466402 3
15804542399 3
15946567067 3
13846186038 3
13845475696 3
13945478601 3
15946561487 3
15804546188 3
15946561385 3
15804544942 3
15804544233 3
15946564559 3
13945477021 3
15946565215 3
15946562758 3
13803659689 3
13803668168 3
13604866332 3
15904548223 3
13946449386 3
13845409026 3
15804542231 3
15946567156 3
13836607834 3
13512676332 3
15804542237 3
15946560458 3
15946567282 3
13846134607 3
13796357006 3
13604864375 3
15946567390 3
13846163040 3
15804540475 3
15946566520 3
13946453677 3
15804542386 3
13604863072 3
15946567659 3
15946562322 3
15946567106 3
15946563341 3
15804546593 3
15946566480 3
15804541049 3
15946566465 3
13664540988 3
15946567191 3
15804547288 3
13846176277 3
13674549307 3
15804542413 3
15946562296 3
15804549500 3
15946561523 3
15946560452 3
15946565451 3
15804541462 3
15946562270 3
15804544303 3
15804544018 3
13946423118 3
13846174653 3
13674544683 3
13512663743 3
13512664790 3
13614544545 3
15946566817 3
13846130327 3
15946560567 3
13512672618 3
13846161582 3
15804549700 3
15946563986 3
13836647843 3
13604548088 3
15804542157 3
13836666694 3
13945483734 3
13644684318 3
13803661121 3
13803666002 3
13836665654 3
13845477089 3
13624541768 3
13644545766 3
13845474566 3
15145457094 3
15946563361 3
13604866507 3
13603696733 3
13803654928 3
15946553919 3
13734546690 3
13734542687 3
13734546782 3
15804542846 3
13734544881 3
13734540910 3
13734542889 3
15946557968 3
13734548045 3
13734540309 3
15946556958 3
13555597807 3
13734544405 3
13734542240 3
15946555256 3
15946553151 3
13604548643 3
13734545998 3
13734540838 3
13734541747 3
15946563949 3
13734540386 3
15946555600 3
13734547768 3
15804543570 3
15946556456 3
13734542181 3
13734547106 3
13734542191 3
15946552666 3
13845479082 3
15946565613 3
13734546656 3
13734542236 3
13846195162 3
13734541157 3
13734540367 3
13734543167 3
13624541915 3
13734542717 3
13734547918 3
13684540405 3
13734542454 3
13803667735 3
13734541182 3
13836648033 3
15804548027 3
13555587735 3
13555593649 3
13946442399 3
15945400004 3
13555598928 3
13512670387 3
13644547066 3
15946553246 3
13644545849 3
13734545056 3
13803666855 3
13734546038 3
13803652730 3
15946555578 3
13734544388 3
13734540688 3
15946564070 3
13644540977 3
18745450455 3
15946557510 3
15946567125 3
13734545315 3
13734541616 3
13734540121 3
13734547771 3
13734549933 3
13734543765 3
13555587584 3
13624540517 3
15946553780 3
13734546071 3
15946553991 3
13836615980 3
13845477218 3
13945466160 3
13846161100 3
13846197180 3
13512660192 3
13634546477 3
13512664716 3
13604547586 3
15946565355 3
15946565866 3
15946566055 3
13604863161 3
13846166509 3
13846150142 3
13845406446 3
15946565107 3
13803654541 3
13803655703 3
13803656141 3
13803654413 3
15804547824 3
13803656882 3
13946424212 3
13803654700 3
13704541092 3
15946561633 3
13684543657 3
13836667636 3
13846162105 3
13664547316 3
13945463986 3
13664542551 3
15946562993 3
13684542007 3
15946566905 3
13846172602 3
13512663402 3
13846144039 3
13845415346 3
13684545694 3
13644684375 3
13504546264 3
13946456916 3
13946456347 3
13846153385 3
13946401145 3
13704540592 3
15946566692 3
15946565099 3
13614694758 3
13946405013 3
13644684981 3
15946566090 3
13846130265 3
15946564068 3
13846141293 3
15946564416 3
13946407960 3
13604547970 3
13845455036 3
13846131637 3
13846174730 3
13704546827 3
13624542773 3
13684542362 3
13845476233 3
13664544269 3
15946560179 3
13704541268 3
13664545812 3
13674549416 3
13846142984 3
13704549905 3
13664543935 3
15804547082 3
13614691944 3
13846181683 3
13803669826 3
13846166816 3
13845458118 3
13846188652 3
13836643194 3
13946440332 3
13644544506 3
13803651082 3
13796351722 3
13512676092 3
13845403400 3
15945404345 3
15804546878 3
15946556666 3
13734545444 3
13846195242 3
15804543271 3
13836651463 3
13512671877 3
15804545500 3
13555593066 3
13845410493 3
13803656694 3
15946561972 3
13734548188 3
15946567982 3
13704546935 3
15804540983 3
13836604264 3
15946554655 3
13945466605 3
15804543662 3
13945470824 3
15804547678 3
13603693832 3
13945498646 3
13946424023 3
15946560236 3
13512663431 3
15946555505 3
15946555546 3
15946560210 3
15804541715 3
13946425621 3
13945450943 3
15946551899 3
13734545568 3
13734545889 3
13845402147 3
13845401732 3
15946556637 3
15846997252 3
13734544686 3
15946557155 3
15946553996 3
13846194383 3
13734542055 3
13555591997 3
13734545659 3
13946427366 3
15764545888 3
15946562526 3
13734546981 3
13846155447 3
13946452436 3
13734544830 3
13946443506 3
13796355025 3
13684544928 3
13512643530 3
13846146481 3
13836604972 3
13846165604 3
15804543916 3
15804541515 3
15804543799 3
13846199121 3
13734542306 3
13836605521 3
15946550686 3
13734544476 3
13734545557 3
15946554981 3
15804543850 3
15946561863 3
15946557426 3
13734542618 3
15946555649 3
13734544707 3
15946552518 3
13946456302 3
15946551599 3
13846199920 3
15904542405 3
13945462067 3
13555583633 3
13555583755 3
13603699110 3
13555585098 3
15946550579 3
13555585216 3
15946555458 3
13734543947 3
15946556935 3
13734545355 3
13504542704 3
15946550826 3
15946553967 3
15946557191 3
13845404511 3
13604547311 3
13946444562 3
13604549615 3
13634543887 3
13846143135 3
13846142760 3
13704542821 3
13504541150 3
15145452988 3
13946451900 3
13945465616 3
15945402388 3
15946563446 3
13555591440 3
13603696023 3
13945466907 3
13604543441 3
13946444286 3
13945466945 3
13903683955 3
13512663830 3
13946440053 3
13946442742 3
13836658506 3
13845414562 3
13946441221 3
13504543369 3
13846190603 3
13946424071 3
15946555521 3
15804541010 3
13734542138 3
13734546742 3
13796350067 3
13734545477 3
13734545169 3
13945487916 3
15946557257 3
15946557336 3
13734548123 3
15804540013 3
15946565275 3
13603693158 3
13946441046 3
13946426799 3
13803656184 3
15946557152 3
13946444395 3
13903684293 3
13555591522 3
13846169006 3
13734543417 3
13846168974 3
13704865364 3
15946566843 3
15946566447 3
13945472329 3
15946565905 3
13836663278 3
13803652907 3
13846166048 3
13903684033 3
13846153590 3
13512673180 3
15946557601 3
13504543008 3
13512672727 3
13734544158 3
13734547925 3
18249243845 3
13836643987 3
13945461408 3
13836661960 3
13846188733 3
13512685019 3
13512665879 3
13945483662 3
13845405569 3
13734546946 3
13734540312 3
13846183963 3
13734540507 3
15946555570 3
15946557858 3
15946555669 3
13734544599 3
13734545417 3
13734542197 3
13555581559 3
13846163636 3
13946428986 3
13555584385 3
13734540195 3
13734540615 3
13734544536 3
13555586813 3
13734546478 3
13734542188 3
13734544846 3
13734540907 3
15946563513 3
13734546306 3
13846168965 3
13734546627 3
13734541670 3
13734541961 3
15946565849 3
15946565094 3
13704869281 3
13734546706 3
13946429291 3
15946550242 3
13734540229 3
13512699720 3
13836649688 3
13734542521 3
13946448525 3
13603694350 3
15946550099 3
13836609579 3
15946551781 3
18845489769 3
13734543678 3
15804540907 3
13734540578 3
18245475305 3
13734543077 3
13946429986 3
15946550811 3
13845479328 3
13604549273 3
13734549445 3
13734541106 3
15946550768 3
15946555923 3
13946441919 3
13734546488 3
13846157105 3
15804540007 3
13624549019 3
13734547177 3
13846185730 3
13734546898 3
15946558887 3
13734542358 3
13734541887 3
13734547659 3
13734545585 3
13734543292 3
13734545057 3
13734547703 3
13734547328 3
13945462531 3
15946555976 3
13734545079 3
13734541575 3
15946551292 3
15946552255 3
13846175143 3
13946420149 3
13734542026 3
15946551716 3
13734543076 3
13734547598 3
15946553446 3
13734544389 3
13624547620 3
15946556939 3
13846163022 3
15946557176 3
13734543998 3
13734549787 3
13803668983 3
13846193383 3
13604542604 3
13555586424 3
13555580452 3
13555587923 3
15946555310 3
13734541236 3
13734540895 3
15946553546 3
13846156009 3
15946557522 3
13836658557 3
13734542073 3
15946556865 3
13555591577 3
13734543490 3
13512678942 3
13734546187 3
13846148844 3
13946404411 3
13846177298 3
13734546269 3
13903680344 3
13634541135 3
13803667569 3
13846187505 3
13846175378 3
15946552081 3
18745457686 3
13604541703 3
15946552837 3
13734544066 3
13734543825 3
13846172943 3
13946450087 3
13803651722 3
13734542862 3
13846173072 3
13803651671 3
13704540376 3
13634540941 3
15804546271 3
13945470096 3
15946556421 3
13904544652 3
13704542573 3
13734540185 3
13555597981 3
13734547331 3
15946551357 3
15946554386 3
15946555787 3
13734543515 3
13734547967 3
15804541436 3
13604868668 3
15946565429 3
13734541260 3
13512687758 3
13504697958 3
13845415095 3
15946554739 3
15946551432 3
13512661283 3
15946562488 3
13946455315 3
13734547545 3
13845416838 3
13945453607 3
13836642766 3
15946560915 3
13845412332 3
13836601881 3
13734546543 3
15946553316 3
13512644291 3
13512649918 3
15946557218 3
15946556791 3
15946565557 3
13845415379 3
15946567456 3
15946557221 3
15946554435 3
13803652869 3
18245463016 3
13904545361 3
13846174012 3
13846173820 3
13734543255 3
15946556080 3
18324543244 3
13734544592 3
13734545558 3
15946552256 3
15946554473 3
13945499294 3
15946557651 3
13734541973 3
15946550577 3
13512671793 3
13603697875 3
13803662474 3
13555591800 3
13512687563 3
15946553052 3
15946550928 3
13734547234 3
15946552723 3
13734542828 3
13512664432 3
15946556871 3
13846164236 3
13734541653 3
13836642327 3
13512699291 3
13846163627 3
13903684967 3
13734543749 3
13945471226 3
13845457314 3
13734540744 3
13734542792 3
13734547923 3
13946401948 3
13704546591 3
13796351233 3
13504542923 3
15946554755 3
13846170728 3
13803653091 3
13734546152 3
13734543019 3
15946561942 3
13504542697 3
15946557778 3
13945484246 3
13846162980 3
13946444346 3
15946551949 3
15946555717 3
15946551122 3
13684541884 3
13903684639 3
15804544077 3
13704545110 3
13512686414 3
13704546118 3
13734544856 3
13603691582 3
13946440067 3
13734547253 3
13504541261 3
15904545559 3
13734547061 3
13846160625 3
13945450436 3
13664548899 3
13555597825 3
13734545418 3
13803654822 3
13734540439 3
13624546793 3
13846156306 3
15804544095 3
13846165920 3
13734547944 3
13945452510 3
15946559929 3
13734543308 3
13734543508 3
13845417881 3
13504546372 3
13803655230 3
13604540132 3
15946566864 3
13945477717 3
13946445373 3
13903685771 3
13704541690 3
13734547059 3
13674549511 3
13734542455 3
15804543726 3
15946560211 3
13704547263 3
13845401625 3
15946557462 3
13846169094 3
13734542395 3
13504543250 3
13504540635 3
13846178803 3
13946442373 3
13734544399 3
13946409369 3
13512684981 3
13674549785 3
13504545415 3
13946448586 3
13846130670 3
13845450856 3
13674549488 3
13946441093 3
13845401509 3
13846163985 3
13704545512 3
15946551750 3
13704866475 3
13603696202 3
15804546438 3
13603693060 3
15804547536 3
15946561470 3
13845470920 3
13846139368 3
13946422948 3
13945458896 3
13796358860 3
13734546947 3
13836653109 3
13512669032 3
15946563147 3
13603696601 3
15946561876 3
13734541466 3
13846178686 3
13734546386 3
13846155922 3
13734547977 3
15946555616 3
15946563722 3
15946551622 3
15946553722 3
13734542449 3
13734542475 3
15946563825 3
15946550327 3
13945484352 3
13734540778 3
15946550671 3
15804542471 3
13945454726 3
13946422192 3
13846153283 3
13512684417 3
18204544115 3
15804547159 3
13846185978 3
13846170411 3
13734542466 3
13504547693 3
13945465729 3
13903687208 3
13803652428 3
13512648052 3
13845414633 3
13734545274 3
13945471507 3
13704543246 3
15946554871 3
18745485601 3
13512648586 3
13836640880 3
13946447149 3
13945462386 3
13945470876 3
13512643718 3
15946557290 3
13836605829 3
13803662721 3
13803657909 3
13512643810 3
13946403662 3
13845406426 3
13845416023 3
13845412323 3
15904548663 3
13664544967 3
15946561131 3
15946556355 3
13903683367 3
13836652172 3
13904549671 3
13644545612 3
15946562179 3
13512644540 3
13945498064 3
13845451469 3
13846155770 3
15804540008 3
13946444508 3
13846184852 3
13846132946 3
13555587535 3
13945485827 3
13555580985 3
13504546783 3
13903684919 3
13846132328 3
13512680820 3
13846189528 3
13512685276 3
13704861016 3
13603693143 3
13604865256 3
13946407856 3
13945457929 3
13846144692 3
13603695763 3
13903687682 3
13603692067 3
13512675607 3
13845405331 3
13603693623 3
13904547582 3
13796355921 3
13704863659 3
13945483825 3
13796352461 3
13803652721 3
13555586232 3
13796355760 3
13945480012 3
13603693941 3
13846159817 3
13704860821 3
13945483930 3
13704863379 3
13846151227 3
13644540472 3
13555581361 3
13946448012 3
13845450993 3
13903683698 3
13512679687 3
13946458943 3
13846144506 3
13684547941 3
13555597836 3
13624541010 3
13512669037 3
13512699485 3
13946428197 3
13512681623 3
13555581037 3
13734540385 3
18245469580 3
15946554779 3
13734542205 3
13734542017 3
13504545049 3
13903683968 3
13836654128 3
13846162568 3
13846162386 3
15904541366 3
13734544517 3
13504698819 3
13512688839 3
13555588313 3
15804541110 3
13734549446 3
13945473372 3
13946406773 3
15946561698 3
15946565059 3
15804547246 3
13604547728 3
13836651115 3
15804545432 3
13512667852 3
15804543592 3
13836650200 3
13704541387 3
13644549433 3
15904549208 3
13846166269 3
13945453171 3
13836643361 3
13945495507 3
13945455159 3
15946568825 3
13846179925 3
13512643328 3
15045412227 3
13836658822 3
13836609077 3
13504542223 3
13512678822 3
18245473028 3
13603694961 3
13803658549 3
15946550840 3
15804542677 3
13946441148 3
13604546253 3
13555593311 3
13512669010 3
13846137233 3
13904544479 3
13836647895 3
15946554650 3
13734540097 3
13512645157 3
15946556542 3
15946557473 3
13604543434 3
13836667979 3
13555592234 3
13512644407 3
13504543968 3
15946555142 3
13555594435 3
15946555778 3
13555583150 3
13664541211 3
13644540700 3
13684548556 3
13684548698 3
13664543731 3
13624540646 3
13674549962 3
13664541702 3
13664544078 3
13614692676 3
13945460536 3
13624546152 3
15804546402 3
13836606285 3
13704540037 3
18249242484 3
15804545755 3
13684548857 3
15946550008 3
13796356081 3
13684543398 3
13614699780 3
15946550623 3
13614697758 3
13946409499 3
13644548985 3
15804547794 3
13644547826 3
15946552179 3
13614696880 3
13604543866 3
13945470429 3
13644541231 3
15946555211 3
15946550566 3
13644547573 3
13644543280 3
15946555590 3
13903687861 3
13614699610 3
13796355225 3
13684541275 3
15946561248 3
13644545230 3
13644548287 3
13624547247 3
13664547307 3
13644548475 3
13684549007 3
15946551205 3
13644542931 3
13644549218 3
13603696508 3
13644542975 3
13664546720 3
13836607197 3
13845418358 3
13664548313 3
13664547659 3
15946556988 3
15946569007 3
13684540981 3
13674544421 3
15804546932 3
15946556379 3
15946551309 3
13904545276 3
13734545366 3
15946553848 3
15946567149 3
13945480480 3
13846158610 3
15946553899 3
13674549351 3
13674549347 3
13604863859 3
13903680938 3
13644543416 3
13704546963 3
13555598525 3
13846180315 3
13684542409 3
13734546662 3
13796358006 3
15946553096 3
13644541261 3
15946552411 3
13614696541 3
13614695107 3
13555585710 3
13512662608 3
13555588093 3
15946552813 3
13624545613 3
15164516960 3
13644548320 3
13624544953 3
15945404873 3
13946451370 3
15946565523 3
15946553711 3
13836643582 3
13945479252 3
13664547155 3
15946555863 3
13734542052 3
13512698490 3
13946448325 3
13614694871 3
15946551065 3
15946563728 3
15946564550 3
15946566993 3
15946563352 3
15946565486 3
13614544571 3
13946449958 3
15946566984 3
18714541292 3
13624547180 3
15946564783 3
15946560728 3
13903682943 3
13845413610 3
13846153492 3
15804540400 3
13604542335 3
13734545307 3
13664545255 3
13903681986 3
13904549612 3
13904549308 3
15946551567 3
15946550007 3
13664543760 3
13836667192 3
13845450665 3
13946471923 3
13845405802 3
15904545241 3
13946458857 3
13644688088 3
13504544313 3
13946453278 3
15945404200 3
13946472786 3
13946453178 3
13803664907 3
15945401717 3
15904543011 3
13555596659 3
13704543719 3
13846195283 3
15904543848 3
13946409921 3
13796355368 3
13836669386 3
15945404099 3
13803653875 3
13803664251 3
13945466090 3
13555599593 3
13512665832 3
13946474065 3
13555580600 3
13555585201 3
13946471173 3
13836642970 3
13555594818 3
13512649802 3
13634542839 3
13945488819 3
13803666119 3
13803666513 3
13634543043 3
13704544426 3
13803664810 3
13704546529 3
13845414052 3
13845413920 3
13634543113 3
13604547375 3
13603697486 3
15946567491 3
13803657181 3
13634543003 3
13734544321 3
13664549761 3
13836642218 3
13555589743 3
13903685399 3
13946471397 3
15904542879 3
13945477703 3
13512649103 3
15904545521 3
13945485267 3
13846152573 3
13846152589 3
13634542107 3
13845411419 3
13946421897 3
13904547869 3
15945403106 3
13634544409 3
13946472673 3
13904544688 3
13504696511 3
13796351208 3
13845402590 3
13946474319 3
13945453680 3
13846193885 3
13946454144 3
13945485315 3
13903685370 3
13555596015 3
13555595508 3
13555587283 3
13512646778 3
13945480924 3
13836666187 3
13946443502 3
15904542011 3
13946426969 3
13504547723 3
13846185991 3
15946562646 3
13512673436 3
15804549480 3
13846184826 3
13846151997 3
13555595479 3
13555594177 3
13555596755 3
13555593396 3
15904547809 3
13803668598 3
13845472865 3
13846163882 3
13555584366 3
13555582719 3
13555582771 3
13946440878 3
13704541007 3
13664541013 3
13803654866 3
13903683785 3
13836652524 3
13512683849 3
13946446737 3
13512685575 3
13845415203 3
13946421518 3
13904544906 3
13836615126 3
13946455757 3
13836655141 3
13796352819 3
13946472670 3
13946471195 3
13555586131 3
13704545571 3
13704545607 3
13845458879 3
13512671835 3
15904541379 3
18249240835 3
13604866161 3
13512687024 3
13604865909 3
13634546693 3
13604865607 3
13845403572 3
13846160517 3
13945483597 3
13512663310 3
13846167821 3
13846196981 3
13946444189 3
13555596407 3
13945466198 3
13946474787 3
13504548066 3
15904547402 3
15904548718 3
13846156816 3
13604866069 3
13945462676 3
13836656622 3
13836603765 3
15904541569 3
13946471970 3
13796358112 3
13946448460 3
13512694207 3
13512694975 3
13946425537 3
13946473101 3
13845453941 3
13504540665 3
13604866822 3
13946472256 3
13836663570 3
13555595315 3
13845477301 3
15904541028 3
13803651793 3
13796356987 3
13945471432 3
13845475906 3
13604549190 3
18249821579 3
13846165349 3
18304548887 3
13704541681 3
15904545668 3
13946474282 3
13845415543 3
13555598697 3
13903682128 3
13803660611 3
13846143047 3
13945451652 3
13945464573 3
13946401473 3
15945403358 3
13946457852 3
13604868920 3
15904547189 3
13604867247 3
13555584324 3
13946402347 3
13845474352 3
13604868493 3
13945484673 3
15945404669 3
13946473108 3
13504543198 3
13845474607 3
13846144718 3
15945404406 3
13945472078 3
15046491116 3
15904542294 3
13946474012 3
13555581533 3
15904544483 3
13946442809 3
13945450283 3
13634545047 3
13846133051 3
13946474532 3
13614694641 3
13903681151 3
13704863851 3
15945404147 3
13512680150 3
13946449365 3
13946449406 3
13836667459 3
13704860536 3
13903684058 3
13704862067 3
13846194303 3
13704865546 3
13704862576 3
13846140602 3
13603694553 3
13555593754 3
15945402980 3
15945403159 3
13846161914 3
13504541657 3
13803664874 3
13845450560 3
13946400553 3
13512686312 3
13803650302 3
15904547969 3
13946400316 3
13836650956 3
13512687955 3
13846161031 3
13946426060 3
13846180370 3
13846130907 3
13504697121 3
13504544285 3
13845456072 3
13604540840 3
13734544499 3
13664545358 3
15946557575 3
13512682968 3
13846173400 3
13836646008 3
13946457855 3
13846150557 3
13845476007 3
15946565268 3
13604545422 3
13634544332 3
13555593489 3
13836640167 3
13836641379 3
13836644758 3
13845410360 3
13555595519 3
13603696851 3
13845410967 3
13903683978 3
13504544041 3
13836640801 3
13704860969 3
13555597487 3
15945400167 3
15904546946 3
13903680135 3
15904545400 3
15904541804 3
13803653079 3
13903680616 3
15945400971 3
15945400269 3
13946401744 3
13504546673 3
13512687292 3
13634541177 3
13945486353 3
15904547188 3
15904547049 3
13512688920 3
13846150378 3
13603691255 3
15945400901 3
15945400144 3
13512676115 3
15904540530 3
13704864872 3
13504698294 3
13836657204 3
15945400780 3
13512645261 3
13946420185 3
15904544142 3
15904541238 3
13946471237 3
15904545041 3
13555590693 3
15904542392 3
13644542799 3
15904547149 3
15904541574 3
13836663217 3
15904544038 3
13836656215 3
13555597918 3
13555595622 3
13845408187 3
13946440793 3
13803654720 3
13504697514 3
13704544876 3
13512677266 3
13946472440 3
13846182230 3
13903686973 3
13836607917 3
15904541177 3
13836666901 3
13836664395 3
15904547437 3
13846142547 3
13903686372 3
13512660303 3
15904546577 3
13903682735 3
13604546326 3
15904545077 3
18845486464 3
15904545256 3
13836663361 3
13836642470 3
15904541728 3
13846180233 3
13836643682 3
13903682798 3
13512673374 3
15904546763 3
15904547763 3
15904546918 3
15904545578 3
13555584587 3
13555598052 3
13555595833 3
13555595135 3
13836615449 3
13846166160 3
13604868186 3
13946427876 3
13603695812 3
15904544498 3
13946472005 3
13946474218 3
13903683831 3
15904543356 3
13946426968 3
13946445208 3
18845427633 3
13946474217 3
13846171501 3
13555598490 3
13684545942 3
15904547810 3
13634540922 3
15904547168 3
13555590692 3
15945402954 3
15904546168 3
15904540084 3
13555590700 3
15904544172 3
13836654130 3
13903683818 3
13946458515 3
13946472975 3
15904545855 3
13836642956 3
13946474016 3
15904544668 3
15904541953 3
15945401075 3
13845416987 3
13555596544 3
13946450559 3
13512671173 3
15945402746 3
13512673985 3
13946447995 3
13946403106 3
13604868332 3
13846165161 3
13946473849 3
13836647315 3
15904547287 3
13946471580 3
13946472273 3
13945486804 3
13512681597 3
15945404124 3
13512683796 3
13846181466 3
15904547655 3
13945485745 3
13603695570 3
15904542178 3
13945481322 3
15945400773 3
13945472791 3
15246468615 3
13512677045 3
13604543902 3
13704864720 3
13704864901 3
15904547136 3
13846162837 3
15904541487 3
13634543606 3
15904543169 3
13846174668 3
13512663585 3
13512683543 3
15904542534 3
15904546993 3
15904541370 3
15904544437 3
13512661590 3
13634542209 3
15904544395 3
15904545441 3
13836604752 3
13512662034 3
13512665136 3
13803651684 3
13803660842 3
13945471934 3
13512679856 3
13803656439 3
15945402430 3
15945401631 3
15945401724 3
13555596977 3
13555592991 3
13845403973 3
13845477097 3
13512643416 3
13634544340 3
13946454560 3
13555592655 3
13603695326 3
13846176802 3
13846173754 3
13846173783 3
13504547683 3
15945403319 3
13946457579 3
13846165089 3
13846197914 3
13845410526 3
13845412118 3
13555592552 3
13845450302 3
13946448433 3
13946442910 3
15904543073 3
13946427189 3
13846194457 3
13512644102 3
13946471698 3
13624542066 3
15904542066 3
13504541618 3
13704547489 3
13624542626 3
13796356709 3
13846130589 3
13846131160 3
13846172849 3
13845410192 3
13512688869 3
15904543676 3
13664549229 3
13803650783 3
15904546445 3
13946407057 3
13836645853 3
13945473989 3
13845410356 3
13846130827 3
13704541995 3
13704544706 3
13836646730 3
15904546309 3
13504544014 3
15904546388 3
15904544114 3
13504542281 3
13603694432 3
15945403572 3
15945400411 3
15945404152 3
13555586711 3
13555582376 3
15804542811 3
13684547324 3
13946426387 3
13504547628 3
13836651387 3
13846181806 3
13846186085 3
13946426935 3
13504699602 3
15945400529 3
13512683098 3
13946472317 3
13946426867 3
13604863372 3
13846154852 3
13945466572 3
15945402780 3
13734549308 3
13945472945 3
15904544685 3
13903688370 3
13704864511 3
13803653677 3
13946448159 3
13846167535 3
13846177967 3
13603695237 3
13846192781 3
13846192569 3
18245493475 3
15945400247 3
13846162340 3
13845451960 3
18745492515 3
13845454542 3
13846155724 3
13504547637 3
13504543453 3
13664543575 3
13946459959 3
13512694391 3
13846176623 3
13604544807 3
15904547118 3
15904544461 3
13846134881 3
13512663500 3
13945467430 3
13803650230 3
13512686279 3
13945480461 3
13512660419 3
13603696563 3
13845451106 3
15904547199 3
15145492629 3
13512669838 3
13614541743 3
13845474445 3
13945454441 3
13803664441 3
13846147981 3
15904546036 3
15904540810 3
15904541461 3
15945403424 3
15904541429 3
15904546431 3
13903686427 3
13846155361 3
13946420190 3
13846177423 3
13846196862 3
13512672313 3
13512660223 3
15945404647 3
18845427776 3
13945461224 3
13946442881 3
13836660564 3
13803650423 3
15945402622 3
18845481584 3
13512680105 3
13846193497 3
13945460693 3
13946400226 3
13846180251 3
13846180260 3
13614698233 3
13946407686 3
13704860153 3
13704864564 3
13512670351 3
15904542135 3
13803665796 3
15904540280 3
15904540980 3
13704867168 3
13845470585 3
13845470725 3
15904540919 3
13845414209 3
15904546464 3
13803665654 3
13512664253 3
13846150398 3
13846150518 3
13946404557 3
13836601549 3
13836646390 3
13946400203 3
13803650673 3
13803650570 3
13704540489 3
13704547874 3
13512683801 3
13945460795 3
13945460925 3
13945481847 3
13704862879 3
13846142751 3
13846157931 3
13845416539 3
13836640901 3
13512699086 3
13704862157 3
13704863569 3
13846150180 3
13846190942 3
13946449835 3
13836650781 3
13803657221 3
13704863452 3
13512648180 3
13836645418 3
13512675788 3
15804545999 3
15945401411 3
13704543800 3
13845470913 3
13904548685 3
13644549955 3
13704860726 3
18745486408 3
13704864975 3
13704860512 3
13946451988 3
15945400315 3
15945402368 3
13555591011 3
13555580350 3
15904540001 3
13846185811 3
13845409116 3
13512676942 3
15945404811 3
13512698181 3
13504542479 3
13604864707 3
15904540480 3
15904540381 3
13555597491 3
13704543395 3
13604863863 3
13603691088 3
13946420672 3
15904544721 3
15214669903 3
13504545342 3
13504546317 3
18249250316 3
13704541733 3
13946451232 3
13846143529 3
13846174507 3
15904540091 3
15904547986 3
15904544940 3
15946562682 3
15804540612 3
15804540321 3
15804542630 3
15804545350 3
15804541218 3
13555597725 3
15804546418 3
15804543185 3
15804549997 3
15804541903 3
13946441792 3
15804542695 3
15946565199 3
13946426847 3
15804545370 3
15804547724 3
13604868551 3
13836663152 3
13803662116 3
13845410323 3
13704864149 3
13803664587 3
13846163540 3
13803655053 3
13604543127 3
13504697668 3
13604547986 3
13634544843 3
13945478208 3
13846174658 3
13512645282 3
13803669970 3
13836607201 3
13845401070 3
13946447321 3
15904543077 3
13845458807 3
13946424191 3
13945460382 3
13836646332 3
13946420379 3
13846170412 3
13634543147 3
13512694436 3
13945460483 3
13504698897 3
15804547502 3
15946563221 3
15946561810 3
13624547778 3
13846145377 3
15946567895 3
15946568080 3
13555591060 3
13945488743 3
13555589987 3
13946448002 3
13512694929 3
13555596829 3
