13946447702 3
15904546425 3
13634546426 3
15204548328 3
15946554711 3
13674544773 3
18714540438 3
15946567785 3
15045419126 3
15246461444 3
13555582033 3
18204549365 3
15246477700 3
13512678816 3
18245497557 3
13555599408 3
18204548496 3
15246463440 3
13512678124 3
18245497689 3
18245498066 3
18304549348 3
18304542628 3
13555589638 3
13836656681 3
13836656675 3
18745450397 3
13846166437 3
13946427170 3
15246463132 3
13614697291 3
13504699671 3
15246495680 3
15904546573 3
18745491477 3
13796354721 3
18249236078 3
13845407613 3
18745495405 3
15904548594 3
18249235682 3
15904548137 3
15246464571 3
18245461984 3
18745459470 3
13846169329 3
15046463586 3
13946471320 3
15045400561 3
18249236870 3
18724224705 3
18245480536 3
18245487637 3
15946552605 3
18724224360 3
15045417803 3
13846144064 3
15164514702 3
13614544623 3
15945404180 3
15846997665 3
13803653533 3
15045401925 3
13504549283 3
13704543067 3
13836664607 3
13803660679 3
13845451305 3
13704868552 3
18249239833 3
13603694197 3
18204548405 3
13512662561 3
15046497468 3
13836605942 3
18745468581 3
15045403071 3
18245466540 3
18745480625 3
18245495155 3
15845401151 3
15246470766 3
13555581819 3
18804544260 3
18245471956 3
13796356030 3
18304540576 3
15245489578 3
15246488446 3
13734543948 3
13664540148 3
13845471781 3
18245489343 3
15945882295 3
13512663612 3
13846155182 3
15204548162 3
13803662029 3
13845470739 3
18245450830 3
13846165190 3
18245497220 3
18245474457 3
13614544467 3
15904541790 3
13846133984 3
13846185483 3
13845452643 3
18304543709 3
13644541812 3
15804546642 3
15214660824 3
13946452943 3
13846165584 3
15845406335 3
13836650235 3
18724228370 3
13846148837 3
13846178393 3
13846156206 3
18249258293 3
18249238864 3
13704861822 3
13704540468 3
13555590675 3
18745466919 3
18245469128 3
15245457175 3
15246465096 3
18804545409 3
15246479172 3
13904544926 3
15246463602 3
13614694284 3
15946564526 3
13946453427 3
18745482046 3
13946429571 3
18745468025 3
18245471838 3
18245477833 3
15946560438 3
18245465867 3
13946442457 3
15845453827 3
15904543063 3
15046469823 3
15246496713 3
18245482987 3
15946558210 3
15046464430 3
13704547811 3
15946550379 3
15904549309 3
13624545978 3
14745681848 3
15204542137 3
15164518407 3
15946550302 3
13946454686 3
13604549027 3
18245499872 3
18845495998 3
13945454336 3
13846183299 3
13846148743 3
15246468652 3
18745481472 3
15246495352 3
15045403906 3
13845476297 3
18245481186 3
15204544394 3
18245481138 3
15246484626 3
15946569149 3
13604546582 3
13946446475 3
15946568469 3
15904541605 3
13644547670 3
18304540980 3
13603699371 3
13604545736 3
18745464275 3
15946553133 3
13704542465 3
15246495869 3
13803653934 3
18724221029 3
13664543014 3
13946402814 3
13555597246 3
18745498262 3
18724221260 3
13946420529 3
18245496879 3
13634543146 3
15145458899 3
13512694833 3
15904542542 3
13644545099 3
15845458522 3
13512684520 3
18714546085 3
18245495326 3
18249262505 3
15904549486 3
15145454489 3
18845413488 3
15245457132 3
15846993573 3
15845403836 3
13846197112 3
13624546090 3
18845498148 3
18245457213 3
13946455782 3
18324540585 3
13846163368 3
13845452272 3
18204548499 3
15246474659 3
13664540334 3
15145455857 3
15845401588 3
15164519005 3
13845405784 3
13903683329 3
18724542436 3
13614697330 3
18745467409 3
18249239025 3
14745681815 3
13644543831 3
15246482986 3
18724216148 3
15904547058 3
15045419359 3
15904543352 3
15246481340 3
15946556741 3
18845496267 3
13803664925 3
18745481256 3
13734540246 3
14745681018 3
18745494965 3
13846171685 3
13846163793 3
18724213218 3
13604543110 3
18204540383 3
15804549425 3
13846144765 3
18245463424 3
18745464358 3
18245496738 3
15045418407 3
13512675075 3
15946562661 3
13946405236 3
14745681402 3
13674544922 3
13846142806 3
13845411268 3
13946407669 3
13845403783 3
18745496637 3
13846140080 3
15946555632 3
18249243354 3
13845476928 3
13555595154 3
13555595257 3
13845478269 3
15246477763 3
18249252323 3
15214664269 3
13603693846 3
18249261378 3
13555586393 3
15045418871 3
13604546078 3
15204545224 3
13684548807 3
13846142812 3
18745496650 3
15164518050 3
13846179501 3
18724217422 3
18724224566 3
18724224933 3
13845477349 3
15845401316 3
13845479963 3
13836604258 3
13555597881 3
13555597781 3
13604866315 3
15245456189 3
18724544811 3
18249252240 3
13846156949 3
13945477030 3
18745480284 3
13946405436 3
18724547033 3
13644543429 3
15945402086 3
13614696346 3
15045419149 3
15246467107 3
13945454458 3
18249265177 3
18249254543 3
13604540816 3
15846996787 3
18745458735 3
13603699680 3
13512699832 3
15246486089 3
15945881750 3
13796358357 3
15845458223 3
18745477499 3
15246493377 3
18745477709 3
15046497033 3
15246476731 3
15045407611 3
15246487886 3
13836661362 3
18249236266 3
18245473886 3
13664549018 3
15904540725 3
15904549467 3
15945889396 3
13846164367 3
13512699793 3
15164512893 3
15046493160 3
18249255004 3
13512643225 3
18745488076 3
15045412125 3
13512675535 3
15945887041 3
18714544327 3
15946557429 3
15946557439 3
15946560264 3
15945888913 3
13846192019 3
13504697769 3
13624547069 3
13624547159 3
13624546385 3
15046467119 3
13734549560 3
13945458629 3
18245462198 3
13846150946 3
18249243059 3
13845454794 3
13803660727 3
18249242199 3
15245452608 3
13846166291 3
13846154395 3
18204548364 3
13846163700 3
15245485759 3
13846190028 3
18245482327 3
15164516963 3
15045408804 3
13555584020 3
18724229049 3
13946406447 3
18245473065 3
15245453478 3
18745486188 3
13704542772 3
18249242499 3
15045416464 3
15164516147 3
15246468695 3
13846187368 3
15145455807 3
13555593631 3
13604867649 3
18249255900 3
13634540943 3
15246480120 3
18249243276 3
18724543396 3
13836659501 3
15164513642 3
13946473421 3
18845404346 3
15945881856 3
15045419183 3
15845403486 3
13845452632 3
18245489479 3
15845403066 3
13504699538 3
15845451762 3
13704868463 3
13504549626 3
13904548450 3
18249242411 3
18204543743 3
13846133273 3
13946428537 3
18245458480 3
15246488962 3
18245458481 3
13945474980 3
18245469291 3
15145490623 3
18245453521 3
18745465630 3
13704863327 3
13555597351 3
13555593251 3
13734549186 3
15046462920 3
13664545891 3
13945461781 3
18245459377 3
13903689872 3
15164512910 3
13836667282 3
18249244776 3
13634546870 3
18245498687 3
13512661399 3
18204543559 3
15246489138 3
13846141232 3
15246470092 3
15145457279 3
18249252521 3
18724218195 3
13512680287 3
18249252133 3
18714549900 3
18724548833 3
13845402133 3
13555587867 3
18745498735 3
18249244220 3
13704863320 3
15845457590 3
13836660459 3
15145458545 3
13734542831 3
13836606930 3
18249244545 3
15246471248 3
13846182322 3
15245455908 3
13684549036 3
13555591351 3
15245453433 3
18724229573 3
15845450239 3
13644543442 3
13846193471 3
13846161089 3
15204542839 3
13836654676 3
13945462399 3
18245493676 3
13604866682 3
13512685387 3
18245465917 3
18245460937 3
13945479750 3
13704543721 3
13512648028 3
15045407786 3
15204542896 3
13614698715 3
15204542307 3
13846182728 3
13803661405 3
13946420060 3
18249243670 3
15046493036 3
13504549395 3
15246470279 3
18245458255 3
18845425130 3
13845479245 3
15045404987 3
13904544749 3
15845456011 3
13604544500 3
13634542115 3
13846186820 3
15246471683 3
18249827909 3
15045411305 3
18724228774 3
13945468538 3
13945463406 3
13614691354 3
13845477168 3
15246478825 3
18245477411 3
18245477433 3
13614695165 3
18249253992 3
15946562192 3
15245487461 3
13644545815 3
13512689119 3
13604868300 3
15145489195 3
13555588731 3
15145489293 3
18745485606 3
18245474475 3
13803653293 3
15045409924 3
13734543903 3
18249269580 3
18249269589 3
18724549926 3
13845403061 3
15845407712 3
18724548435 3
18249259970 3
18845480521 3
13604546886 3
13945487729 3
13946424598 3
13512660268 3
13903685316 3
18724212326 3
13555595996 3
18249255891 3
13684540413 3
18249252517 3
18249259121 3
13846132320 3
18745494090 3
18845425050 3
15804546998 3
18745453983 3
13704548144 3
18745483517 3
15164510809 3
18745450304 3
13704861451 3
18249235953 3
15145458700 3
18204540982 3
18245496469 3
13796354609 3
13903680302 3
15804548089 3
18245475171 3
18745482011 3
18249252538 3
13512649201 3
13624545605 3
15845457337 3
15804540536 3
13846156825 3
13946441829 3
13614698371 3
15245450981 3
18724544579 3
18724546579 3
13803666453 3
13836644057 3
13803665756 3
15904549631 3
18249267965 3
13846135001 3
13846130802 3
18204545346 3
13604864452 3
15246488936 3
15946569192 3
15904544150 3
18245492155 3
18245489418 3
18245492159 3
18245492158 3
18745467089 3
13846184109 3
13903687106 3
18249252540 3
18245498736 3
13604546816 3
13836666350 3
18204542040 3
18249241771 3
18204548398 3
15204545868 3
13704546463 3
13846169840 3
13845410879 3
13946452679 3
15845458671 3
18724548617 3
13664540721 3
15246483395 3
13803667316 3
15846998596 3
15204545137 3
13684545466 3
13796359923 3
13624545195 3
13704549298 3
13624542430 3
13624543873 3
13846132953 3
13846150839 3
18845488860 3
15946562750 3
18724215194 3
18249239002 3
18724215589 3
13846163045 3
13845404770 3
18745496783 3
13614691405 3
15246476859 3
15246488928 3
15846993373 3
15164513516 3
13846196820 3
18745467167 3
18249253988 3
13946459103 3
15246488532 3
13624548969 3
13836651057 3
13845409462 3
13946440893 3
13644549993 3
13734543832 3
18245464066 3
13946472526 3
13846166713 3
13904546160 3
13845474878 3
18249265278 3
13846168757 3
18245491996 3
13945463069 3
13704546303 3
18245495675 3
15164512282 3
13704547930 3
18245495668 3
18245495368 3
13836604736 3
13512649238 3
18745450454 3
13644543058 3
15214667775 3
15046460897 3
15214668087 3
18245495088 3
13946404865 3
13684541015 3
13946407912 3
13604866201 3
18745478484 3
13946474004 3
18745475040 3
18245483144 3
13846140891 3
18249255722 3
13946421085 3
18745499357 3
18249251816 3
18745461747 3
13846180942 3
18714542327 3
15845400297 3
18249252611 3
13946455209 3
13846145391 3
18245460131 3
18204547286 3
18249267168 3
15846990749 3
18249266511 3
18249266525 3
13604546144 3
15845405661 3
13614691167 3
13664540820 3
13846162701 3
13945470390 3
18245477454 3
13846153531 3
15145498291 3
18245473734 3
15804544139 3
13624544055 3
15845407150 3
13946459564 3
13555596118 3
13845451893 3
13684548422 3
13946472855 3
15946557059 3
13846142191 3
15245458126 3
18249265251 3
15204544682 3
15945402688 3
18724227765 3
15045413500 3
15246473832 3
18249262350 3
15946564181 3
18245457821 3
13946452590 3
15846996491 3
15145491301 3
13946400870 3
15945881465 3
13604547143 3
15804546173 3
18845413981 3
13704863702 3
15145495280 3
13674549626 3
13846167989 3
18745475576 3
13845410525 3
13644540429 3
18724546277 3
18249266618 3
18249266619 3
18249266623 3
13846146650 3
18745487822 3
18249266199 3
15946553842 3
18745496628 3
18745497268 3
18714547067 3
18249266637 3
18745497833 3
18249266682 3
18745491036 3
13504542602 3
13846137741 3
18745477738 3
15246471335 3
18249266223 3
15804542878 3
18249266110 3
18249266160 3
18204546028 3
15246463369 3
15046460565 3
15246486703 3
18249259598 3
18249255980 3
13846180410 3
13846195152 3
13846190968 3
13945458985 3
13512661747 3
13634542423 3
15045406641 3
15945884389 3
18249241906 3
13845450893 3
18245487257 3
13846191691 3
18745499257 3
13945498254 3
13555581563 3
18245493737 3
13946453652 3
18245458576 3
18245475482 3
15846990986 3
13803654153 3
13846199442 3
14745681896 3
18245466552 3
13504549746 3
15246494281 3
15246494826 3
13846196704 3
18245471569 3
15846994223 3
15164517123 3
15845458545 3
13704546001 3
13704543283 3
18249235294 3
18245488401 3
18745468130 3
13604865485 3
13604867425 3
15046465525 3
15214665020 3
15204542520 3
18324543618 3
15204541337 3
15145494289 3
13796357490 3
13803654542 3
18724549952 3
18724222582 3
13504548580 3
13504548565 3
18245495658 3
15045400933 3
13734541948 3
18245495454 3
18245496489 3
13845475517 3
15246480432 3
15246462079 3
18324543948 3
13504549852 3
13845411362 3
13846158238 3
18724229969 3
18745493709 3
18249263944 3
18745460383 3
18249262677 3
15845455682 3
15244793888 3
18245498968 3
15246461118 3
13945452769 3
13644545692 3
15045406458 3
13846139842 3
18245466873 3
13684547465 3
13836663104 3
18249252680 3
18245492100 3
15246483355 3
13946408997 3
13512698226 3
15946566109 3
13555594374 3
18204547585 3
18804547942 3
13734544797 3
15045402006 3
13604868568 3
15246476093 3
13846181875 3
15904541164 3
18745491757 3
15246498984 3
18249253007 3
13946426480 3
18304546530 3
18745467112 3
18245491970 3
18724541521 3
13555590584 3
18724218063 3
15804545387 3
13846178001 3
18249267455 3
18245481543 3
13555597859 3
18245459515 3
18745479171 3
13836648151 3
13836648477 3
13836646685 3
13946409808 3
15214669670 3
13836664667 3
13846174715 3
18245467902 3
13836667839 3
18249258499 3
15845409262 3
15904543206 3
13604546740 3
15946556876 3
13634547557 3
15904540002 3
15046461514 3
15904542044 3
18245471480 3
15164518491 3
13845404546 3
18745482980 3
13903689157 3
13512646958 3
18324544001 3
18724216098 3
15904546584 3
18245496200 3
13644540879 3
18249266900 3
18249266909 3
18249266656 3
18249266987 3
18249266673 3
13846143987 3
13704869708 3
13903686487 3
15246474615 3
13945475818 3
18245496526 3
13624541009 3
13846164980 3
13945482932 3
13796359422 3
18745490149 3
18745479118 3
13846160575 3
18745483586 3
13846164717 3
13904544166 3
13845454622 3
13945453198 3
18249255508 3
13945459442 3
13945465396 3
18745487891 3
13846163056 3
18745460414 3
18249256858 3
15945402324 3
15246486147 3
18745492149 3
15804546325 3
13555598481 3
15946568744 3
13946401367 3
13555592374 3
13604544838 3
13946451931 3
15246468822 3
18245460891 3
13803665670 3
18245495238 3
18204542311 3
13734541953 3
13614690580 3
18724217187 3
18245486266 3
18245478848 3
13803664760 3
18245498077 3
15246475541 3
13512645934 3
18245474690 3
13846185194 3
13803666528 3
15245481122 3
13945465825 3
15145490916 3
13555597239 3
18245496965 3
13945468631 3
15945402485 3
13845407474 3
18245469486 3
13512660305 3
15246472072 3
13604548512 3
15845454948 3
15945883822 3
13504698242 3
13946428910 3
13803659377 3
13644542512 3
15246493702 3
18249262533 3
18249250765 3
13945497715 3
18245484159 3
13846187480 3
15046460635 3
13555580390 3
15046493538 3
13614692822 3
18245450487 3
15045412892 3
18249240733 3
15946563293 3
18249258461 3
18745481074 3
18249251745 3
18845413444 3
13555581514 3
15804542650 3
13836663607 3
18249256271 3
18745479531 3
18249251243 3
13845405712 3
13945465348 3
13555595481 3
13684544096 3
18745487444 3
13904548730 3
13945465269 3
13945475301 3
13704865267 3
18249256881 3
18249256616 3
18804543612 3
15204541386 3
18249256960 3
18249256970 3
18249257520 3
18249257578 3
18249256696 3
18249251990 3
13614690156 3
18745477588 3
13664548024 3
15945400817 3
13836663183 3
13504697587 3
13846188114 3
13945468119 3
13734540610 3
18845413008 3
13684542334 3
13846162009 3
18249258819 3
13684545814 3
18249258798 3
15245485442 3
18249258892 3
18249260017 3
13624545472 3
18249251354 3
15145451418 3
13614693004 3
13684548737 3
18249258781 3
18245463600 3
18249251878 3
18249251883 3
13604548089 3
18249251886 3
18249251889 3
13903682258 3
18249251562 3
13604541780 3
13946455079 3
13836661180 3
18249251087 3
15946568651 3
13946471295 3
15945888130 3
13512674351 3
15246463526 3
15245488233 3
15246463623 3
18249238288 3
15045411248 3
13836606804 3
13846136324 3
18245475727 3
18245496822 3
13634547540 3
18245478616 3
18249258677 3
15045418775 3
18249255101 3
13846180466 3
13846198681 3
18745465541 3
15246475540 3
13836667590 3
18204542650 3
13846171955 3
13836604094 3
13845471365 3
15245450559 3
18245456206 3
13634543547 3
15045413427 3
13836642253 3
15164513604 3
15046468158 3
18249264914 3
13846195949 3
13614696548 3
13945477510 3
15946569943 3
18249252968 3
15204546660 3
15946567691 3
13845412028 3
18845423955 3
15946550328 3
13664545964 3
13734540886 3
13803653890 3
18249235326 3
18249235329 3
13555587401 3
18745463804 3
18249256329 3
18249256349 3
18249269126 3
18249256390 3
18249256428 3
18249262735 3
18249256646 3
13946441484 3
15046493504 3
18245466443 3
18245466449 3
18745481942 3
18245483726 3
18249257421 3
18249258359 3
13614695274 3
18249258208 3
18724546120 3
15846992902 3
13846185636 3
13664548480 3
15204542063 3
15246476564 3
13604541182 3
13614691257 3
13684542096 3
18249267263 3
15145457038 3
13803667650 3
13846141651 3
13604542621 3
18249256588 3
18845496987 3
13846196868 3
18714548792 3
13846167109 3
15046464262 3
18249235439 3
18249255915 3
15046495840 3
13803664419 3
15845454965 3
13846157211 3
18724547074 3
15246472231 3
15904549792 3
18745462334 3
15145459226 3
15904544274 3
13836663082 3
18245484609 3
15904540828 3
13555599376 3
13845459307 3
15945401798 3
13704860785 3
13946422533 3
18745462007 3
15846999510 3
15845450677 3
18249238499 3
18245465689 3
18245461121 3
13946472918 3
18249260070 3
13946454691 3
13846150339 3
13512677581 3
15045411782 3
18204548313 3
13946442563 3
13604694742 3
18249235454 3
15246499399 3
13512643135 3
15164513660 3
15946563197 3
13512676595 3
18249238197 3
13512682826 3
13704543712 3
18245496015 3
18245469558 3
15046495386 3
15045415864 3
13836606349 3
15845458775 3
15045415145 3
13512661179 3
13512676924 3
13946459726 3
15145458737 3
15204541889 3
15245459319 3
13903689896 3
15845403626 3
13836659796 3
15145491595 3
15145491835 3
13603698828 3
15145458770 3
13555588901 3
18249256186 3
13604544440 3
15845403010 3
15946567241 3
13504541855 3
13946459650 3
18804545380 3
13512685006 3
13846177471 3
15046465181 3
13803651343 3
15846992099 3
13644540188 3
13945453895 3
18245451556 3
13603695671 3
15246464731 3
15145459435 3
13512669097 3
13903685463 3
18724223304 3
13946470024 3
15245484079 3
18249253968 3
13903687767 3
13846160945 3
13845408927 3
18249258175 3
18245477400 3
15946569032 3
15946557361 3
13846131556 3
18249253818 3
18249252118 3
13904545262 3
18745467328 3
18249256604 3
13846153217 3
18249262188 3
13846194533 3
18324543628 3
13945461179 3
18804545406 3
18204542845 3
15145495205 3
18249267818 3
13555593825 3
15164512006 3
15245487460 3
15946568067 3
18845425679 3
18249258518 3
13845470440 3
15145452892 3
15846990700 3
15246461169 3
13946470987 3
13604540397 3
18204548180 3
15204546024 3
13846163020 3
18324543626 3
13803666826 3
13604540237 3
13734540095 3
13845473769 3
13903686474 3
15946565644 3
13603695672 3
15946562380 3
13845452044 3
15945882187 3
18204542032 3
18245496445 3
18745489095 3
18245496322 3
18249267626 3
13604542949 3
18714541612 3
18245475723 3
18249257614 3
13555593594 3
18724217009 3
13704540272 3
18245497711 3
18245453197 3
13555593985 3
13846138022 3
18245474479 3
13836605992 3
13803666087 3
15214662071 3
13555596690 3
15045418108 3
13803653522 3
15945401029 3
13604542406 3
18249256745 3
15904547612 3
13836648660 3
13836664596 3
13734544175 3
15164512101 3
15245457693 3
15045416655 3
18245460007 3
18249257391 3
13512680882 3
18249253729 3
13604541984 3
13945474053 3
13846189583 3
13704860493 3
15246461438 3
13634540780 3
15904541935 3
13845417146 3
15246464398 3
13846193846 3
18745477120 3
18245472234 3
15245456303 3
18745486747 3
13846155367 3
18745455134 3
15214660422 3
13945479135 3
15946558242 3
13555583637 3
13634547503 3
18845494622 3
14794546633 3
13614693607 3
15246463310 3
15846995008 3
13604864215 3
13634540586 3
13555597263 3
18324541575 3
18745460007 3
13704861225 3
15214662144 3
15204542236 3
13604543051 3
15945882232 3
18845490752 3
15845406585 3
13846195430 3
18245473994 3
15145492811 3
13845476184 3
18204540227 3
18245476794 3
18245473727 3
13803664617 3
15946557852 3
13684547571 3
18745491545 3
15145494302 3
18249265407 3
13846166907 3
18245462102 3
13504541080 3
15046496970 3
15945886691 3
18745456997 3
13614697918 3
15246466975 3
13684542355 3
13512680398 3
15204540444 3
18249258199 3
18745493057 3
18845406778 3
13836608613 3
13845471498 3
15945401824 3
18745455837 3
13946420731 3
18245489848 3
18249236658 3
15846996220 3
13846172740 3
18204544642 3
18714547655 3
18745484366 3
13634542150 3
18245478326 3
18845425883 3
13846172900 3
13704541154 3
13836603705 3
15845400997 3
18245497291 3
15204540923 3
18249255460 3
15845456582 3
15145490089 3
18245486388 3
15945402238 3
18245486588 3
13704545651 3
18249257567 3
18245495012 3
18245465060 3
18845488834 3
18245483866 3
18249251700 3
13604865243 3
15246475008 3
18245485499 3
13836668841 3
13946456167 3
18245486199 3
18245486277 3
18245466192 3
15804546145 3
18249250844 3
18249259274 3
18249250594 3
18249250553 3
13836647168 3
18249250554 3
18249259135 3
18249250710 3
18249253944 3
18845409989 3
18249250579 3
18249250902 3
18249250970 3
13644544025 3
18745491039 3
18249250751 3
18249250954 3
13903680363 3
18249252506 3
18845497647 3
15946554840 3
18745461271 3
15845402116 3
18745452568 3
13512641351 3
18745461081 3
13604547541 3
18745455289 3
13512680430 3
15846997225 3
15846992563 3
18745469128 3
13796356292 3
13946455263 3
15946567403 3
18745454535 3
18745450208 3
13845456631 3
13946426940 3
18745469694 3
13734540467 3
18745452566 3
15245487459 3
13664548253 3
13846174437 3
13604867858 3
18745453233 3
18745452113 3
13845415660 3
13644543716 3
18745451034 3
15046464034 3
13704866772 3
18745451239 3
15246475116 3
13704541905 3
15145455475 3
15046490842 3
18745452881 3
13512685847 3
13846186035 3
18745468172 3
13845476549 3
13846170983 3
13684541415 3
18745468828 3
13684541353 3
13624546270 3
18745479144 3
18745450302 3
13845470674 3
15945887630 3
13845477149 3
13512645504 3
13846144371 3
15246469041 3
18745454578 3
15945402615 3
13512647608 3
18745468240 3
13803661035 3
13664543442 3
13704546862 3
13846137385 3
13704545297 3
13634547080 3
13836602793 3
15164514565 3
13945470991 3
15714548211 3
13836600085 3
15214665967 3
18745465088 3
15246490578 3
18745465188 3
15246479683 3
13945452852 3
13614691247 3
13903686284 3
13846151494 3
13836609759 3
15245488449 3
13512676961 3
13845403879 3
18745484032 3
13512647243 3
13846176735 3
13836644764 3
13846161317 3
13796357244 3
18745485104 3
13512687884 3
15045410911 3
15214666645 3
13704548524 3
13803660781 3
15245489654 3
18245463007 3
13846157753 3
18745462766 3
13945468961 3
13644545075 3
18204542553 3
15845454759 3
18745451134 3
13604548577 3
18745455802 3
18745455865 3
18745479197 3
18745465255 3
15145487312 3
18745479667 3
18745458654 3
15214663807 3
15845453516 3
18745454818 3
18745465033 3
18745465210 3
15246465476 3
18745482728 3
13845400438 3
18745469708 3
13846137808 3
18745469718 3
15046462459 3
15946552148 3
13845417315 3
13903687445 3
18745458127 3
15164517113 3
13644547450 3
13614693232 3
15804544726 3
13946441286 3
18745474408 3
15245459085 3
18745451711 3
13664544853 3
18745468819 3
13946422536 3
18745468553 3
15246499473 3
18745450766 3
18745496842 3
13664540882 3
18745459707 3
18745479090 3
18745451917 3
13846178233 3
18745478909 3
13846181933 3
18745465887 3
15045402142 3
18745450542 3
13945487459 3
13945480774 3
13555599108 3
18745454575 3
13684544386 3
15145496428 3
18745453929 3
15246489437 3
13846137138 3
18745466319 3
15246472392 3
15145489993 3
18745456800 3
13803653552 3
18745493977 3
13704543348 3
18745459288 3
13664541502 3
18745469594 3
13803666649 3
18745450197 3
13704867102 3
13512675902 3
13614541496 3
13946471072 3
15145454988 3
13845412273 3
18745453591 3
15804548491 3
18745468258 3
15246464869 3
18745456643 3
13945498190 3
13555581391 3
15246490265 3
13945484990 3
18745451197 3
13946447476 3
13555593230 3
18745451741 3
13846146485 3
13555589369 3
13664546137 3
15804547351 3
18745450654 3
18745459884 3
13512677259 3
18745453905 3
18745458700 3
13796354319 3
13734542418 3
13836668186 3
13796356546 3
13634547095 3
13946447907 3
13946407839 3
15045406703 3
18745458689 3
13614544241 3
13945486402 3
13846187394 3
18745456168 3
18745464554 3
13846176451 3
15214663541 3
18745499484 3
18745465820 3
18745454565 3
18745469661 3
18745450232 3
18745457676 3
13946446773 3
15045414390 3
18745490238 3
18745452986 3
18745461286 3
13945464654 3
18745472944 3
13704546421 3
18745463191 3
13803658037 3
18745463908 3
18745468815 3
18745451420 3
18745463937 3
18745451423 3
15045418904 3
18745461020 3
13644541170 3
13846179442 3
18745461274 3
15246493967 3
18745464898 3
18745461074 3
18745452886 3
18745479938 3
18745463125 3
18745463518 3
13803664314 3
18745458711 3
18745465152 3
18745487877 3
18745498474 3
18745472998 3
13512672920 3
13836659280 3
13555599312 3
15246465350 3
13945464147 3
13555591497 3
15845456395 3
15945400797 3
15946559661 3
15245484641 3
15045418918 3
13946450485 3
13644545908 3
15245456798 3
13603697021 3
15246484702 3
13846177378 3
13945459483 3
13946472948 3
13846172497 3
13846141171 3
15845401488 3
15945403258 3
15045405833 3
13604540484 3
13945483946 3
15246470220 3
15164515947 3
13845454571 3
13846191576 3
18745470703 3
18745484945 3
15246482896 3
13946474181 3
13836651435 3
15045407104 3
13946409157 3
13945453277 3
13946445615 3
13945452153 3
13836653571 3
13845403292 3
15214669940 3
13904548134 3
13603697242 3
18745450571 3
13846193201 3
13846167691 3
13704547374 3
13512688326 3
18745499201 3
18745499791 3
18745499731 3
13904546037 3
18745460581 3
13946456778 3
15046492957 3
18745475618 3
18745450814 3
13644547276 3
13903687844 3
18745453454 3
18745484825 3
13512643802 3
13836603147 3
15204547393 3
13803655446 3
13846135881 3
13603692271 3
13803663872 3
13836658600 3
13604542631 3
18745485353 3
13845416904 3
15214668438 3
13836603134 3
18745481668 3
13945497868 3
13945464414 3
13604544306 3
15246466489 3
18745483206 3
13846185083 3
13846144587 3
18745495360 3
15245453880 3
13512686402 3
13512686425 3
15045407173 3
15246487448 3
15046496756 3
13845402018 3
15246465152 3
15945887182 3
18724544255 3
18724226618 3
18249245968 3
13614541248 3
13836644524 3
13836643640 3
18745485050 3
13945464839 3
18745496865 3
18745470882 3
13836641947 3
13512669673 3
15204549368 3
18745490970 3
13512661406 3
13945497714 3
18745472511 3
18745472766 3
13512682588 3
18704546789 3
13846135210 3
15946556228 3
13734549970 3
13836647267 3
18745489229 3
15145456008 3
13846187138 3
15845452331 3
13945458053 3
13846156303 3
13603691190 3
13945479206 3
15046460203 3
18745472209 3
13846143574 3
15246469649 3
13846139835 3
15045408077 3
18745498569 3
13946403622 3
15946568438 3
15046469651 3
13555591342 3
18745491648 3
15045414945 3
15245454509 3
13684546300 3
15945403724 3
15846997877 3
13796352353 3
13836607321 3
13946442646 3
18745470558 3
15845407968 3
13946450984 3
15145488022 3
15945889843 3
15845409356 3
13603697212 3
13846139662 3
13555593591 3
18745496653 3
13512647523 3
13945482942 3
13704866252 3
15946569726 3
13504540748 3
18745470096 3
15846998701 3
15046463370 3
13603691243 3
15846998138 3
13845471366 3
15246483222 3
18745470622 3
13664545456 3
15145459486 3
13836660483 3
13555598823 3
18745480611 3
13836643994 3
18745486908 3
15945887244 3
13512648871 3
13512663760 3
15046468748 3
15246468866 3
18745496781 3
13603698199 3
13512674206 3
15046469539 3
15804546070 3
13704864849 3
15945400440 3
13846133882 3
13845470532 3
13946452988 3
13512688728 3
13946405872 3
15245485505 3
13836606681 3
13664542428 3
13946443318 3
13945465592 3
15204542068 3
15046465470 3
13846168161 3
15246473178 3
13512688490 3
15045405171 3
15045401210 3
13803666241 3
13903686769 3
18745498064 3
13945459541 3
13614690902 3
15145454110 3
15245458187 3
15946555724 3
15045413479 3
15045413409 3
13604867905 3
13836655292 3
18745495331 3
13946455501 3
13704540280 3
15846992817 3
13512649851 3
15045405076 3
15045402892 3
13555591462 3
15945883598 3
13604546511 3
13603694547 3
15145451823 3
13704868906 3
13704549513 3
18304541811 3
13945466175 3
15846992743 3
13845409134 3
13504698545 3
18745498634 3
13555591738 3
18745481828 3
18745492378 3
15945403400 3
13836605694 3
13846172616 3
13555599031 3
13512682945 3
15845403440 3
13846199641 3
13704548046 3
18745482699 3
15946558922 3
15945401783 3
13704869118 3
13846189890 3
13836648897 3
15845405310 3
15245458798 3
13512641776 3
18745480815 3
15946568830 3
15846991125 3
18745489304 3
13836643599 3
13836645198 3
18745475114 3
15046461242 3
13945461048 3
13836607593 3
13845453548 3
13704868393 3
13512647457 3
18745489605 3
13836648089 3
15046493898 3
13664548741 3
18745482661 3
13846148995 3
13664542741 3
13845450030 3
13734541485 3
15204544581 3
13555589509 3
13704867281 3
13704546750 3
15246461058 3
13796356970 3
13684546476 3
15904545243 3
18745455652 3
18745461145 3
13846160455 3
13634541796 3
18745450199 3
15164517601 3
13836656370 3
15164517941 3
15204547367 3
13803654407 3
13836663700 3
13945457945 3
13604540312 3
15945889493 3
13945468303 3
15145452487 3
15046468981 3
18745491955 3
13603692557 3
13846195059 3
13946444708 3
13846159118 3
13614541196 3
13604863781 3
15945402258 3
13512698865 3
15804546372 3
15245480549 3
13836663141 3
13803669127 3
13946446747 3
13845401636 3
13704542089 3
13846138640 3
15045418366 3
13512670462 3
18745480545 3
15245458517 3
13803653506 3
13946451808 3
15246476125 3
15204543675 3
13614691201 3
15845400067 3
13512673914 3
18745489417 3
18745495302 3
18745489415 3
15046468405 3
15145452685 3
13803669181 3
15245485610 3
13845472493 3
15845409402 3
13624541286 3
13512686433 3
13734545223 3
15946563279 3
15946569478 3
13846155816 3
18745484115 3
13846153938 3
18745472732 3
13846148786 3
15845450141 3
18745492205 3
15845405401 3
13846149636 3
15045401681 3
13846149786 3
13846137687 3
18745498290 3
18745498510 3
18745498470 3
15204549771 3
15246461101 3
15164511830 3
15245450626 3
15245454811 3
15145458780 3
13614694401 3
13704542241 3
13846182693 3
15045413483 3
18745492960 3
13845419519 3
15045410335 3
15845454468 3
15246461221 3
13504696684 3
15945886497 3
13846138302 3
13734549382 3
13846171270 3
13846148524 3
13555585622 3
18745495048 3
15204544246 3
18745493250 3
13946404521 3
15904549428 3
13846142164 3
18745496854 3
13555580682 3
13604548581 3
13512647549 3
13604543713 3
15045413306 3
18745472687 3
13555590733 3
13836661831 3
13512673082 3
13846142412 3
13512699827 3
13512699596 3
15046495378 3
15846999659 3
18745494316 3
15804540885 3
15945881510 3
15245455101 3
13803661972 3
13846143051 3
13846191537 3
13945483706 3
18745472737 3
18745472545 3
13604864031 3
15046492547 3
15246479960 3
13846190489 3
15214664761 3
15846999174 3
15846999274 3
15245459891 3
15245458089 3
13796351833 3
13664545998 3
13704542424 3
13845413898 3
13845405512 3
13845412238 3
13555593042 3
13704865570 3
13845412985 3
13614699578 3
13846152240 3
13555592706 3
13946458836 3
15845450729 3
15204542407 3
13504544668 3
13846182320 3
13946448801 3
13946449882 3
15904541042 3
13704545106 3
15145456722 3
13903684492 3
13845411108 3
13734545320 3
15164517966 3
13734545946 3
15246462451 3
13945471538 3
13604540834 3
18745481645 3
13555589129 3
13945470383 3
15045402899 3
13903688329 3
18745472507 3
13836665142 3
13555593925 3
13946448550 3
18745496919 3
13555598223 3
13603693822 3
13512643090 3
18745472506 3
13803663630 3
13846141509 3
15845454173 3
13904544840 3
13803668382 3
15045400787 3
13803650536 3
13603698991 3
13512699208 3
15946564275 3
13555595344 3
15164511739 3
13504699209 3
15145458597 3
13945452515 3
13945452212 3
15245458189 3
13946405309 3
13836663869 3
15845455843 3
13845452665 3
13946400239 3
15046497874 3
15164513430 3
18745472320 3
13504547545 3
13846135495 3
15246482535 3
15145455191 3
15046466113 3
13512662140 3
18845401654 3
13846188069 3
13512661401 3
13846155068 3
15245483463 3
18745470054 3
13946473808 3
13945498386 3
13945498340 3
13555594002 3
15845400492 3
18745493258 3
15145455614 3
13836641387 3
13836653415 3
18745495386 3
13836606245 3
18745492809 3
18745490155 3
18745487383 3
18745470828 3
13845414334 3
13803650751 3
13734541986 3
15145494845 3
13846163668 3
13836669671 3
15214668436 3
13846150538 3
15204542568 3
18745470656 3
15846992276 3
13903683183 3
15214660492 3
15245453319 3
13946472665 3
18745470286 3
15845402568 3
13604544917 3
13555586576 3
18745481954 3
15245455476 3
13604863376 3
13604542458 3
15204548011 3
13614693048 3
13512673096 3
13846139947 3
18745481121 3
13846168780 3
13704548322 3
15246483845 3
15046460935 3
15046460447 3
13836652649 3
13846176911 3
13734546304 3
18745471757 3
15145450868 3
13945479437 3
13946471737 3
15846995683 3
13846134056 3
15845409963 3
15846998584 3
13846173395 3
13555580081 3
15145499601 3
15214663732 3
15045419985 3
13903687047 3
13836647148 3
18745480279 3
15046461515 3
13803660092 3
13846164855 3
15204541076 3
13845416864 3
15246479941 3
13512681228 3
15846993510 3
13836662842 3
13512668268 3
13504696153 3
18745494489 3
13512679487 3
15245450698 3
13734543786 3
15245488345 3
13504547094 3
15845456898 3
13836649017 3
13704860807 3
18745470204 3
13845477621 3
15846992895 3
18204543576 3
13512663646 3
13704545546 3
13684542924 3
13903686690 3
13845454942 3
15045414625 3
15246482641 3
13796358418 3
18724548225 3
15245455493 3
13846189948 3
13845454947 3
15846993213 3
13845403622 3
18745495862 3
13734544302 3
15804549642 3
13803659930 3
13836655786 3
15204548508 3
13704860430 3
13945497067 3
15846997015 3
15145457574 3
13845451275 3
13796350074 3
15845406609 3
13946409132 3
13512699091 3
13846168007 3
15046468290 3
13846172643 3
13604548839 3
15145488361 3
13845400245 3
15214666690 3
13512668276 3
15245458082 3
15145455836 3
15245458363 3
15145455907 3
18745490662 3
13704548796 3
15845455286 3
13796351238 3
15246499585 3
13846177137 3
13555592945 3
18804545748 3
13836664519 3
13846188650 3
13555593828 3
15946550040 3
15246494827 3
13846171660 3
15845409441 3
15145451462 3
13836643890 3
13836662670 3
13836602594 3
15145490528 3
13845459724 3
15804549957 3
13604545244 3
15804545965 3
13903686807 3
15245451040 3
13904546560 3
15204543883 3
15245451004 3
13903686261 3
15245454384 3
15245454424 3
18745491493 3
13803658952 3
18745489233 3
15904545722 3
15245487861 3
15845405506 3
13846163413 3
13512679138 3
13846179750 3
15204542606 3
15246463856 3
15145454210 3
13846189987 3
13845476674 3
13603692849 3
15145455248 3
13704545352 3
15246461147 3
13624549141 3
13803654349 3
13846174946 3
13845453097 3
18745489398 3
18745489397 3
13846180991 3
18745480218 3
13846133949 3
13664549342 3
13836658979 3
18745480233 3
13644548550 3
13504544739 3
18745480263 3
18745480268 3
13945464908 3
15045410112 3
18745489366 3
18845492437 3
13704865616 3
15804545488 3
15945403391 3
13846133461 3
15214666617 3
13945497435 3
18845496989 3
13604544900 3
15904540279 3
13836615712 3
15046499539 3
18745470060 3
13845404031 3
15046469586 3
15046496580 3
15046469615 3
13846192393 3
13684549596 3
13846133022 3
15214667609 3
15214667619 3
15946557349 3
15846998795 3
15245487897 3
15045408313 3
15945887239 3
15246469334 3
15846993329 3
13836661916 3
13846158050 3
13846158189 3
13734541228 3
15945888329 3
15846998504 3
18745484374 3
18724216528 3
18745472685 3
15046468203 3
15164515399 3
15214668377 3
15214669377 3
15045405289 3
15946558524 3
15204543987 3
15145499936 3
13945458133 3
13604545602 3
15846992445 3
15045409912 3
15045407312 3
13846130241 3
18745484714 3
13836643873 3
15846992044 3
15945886005 3
13846142907 3
13512649423 3
15246472650 3
15946556626 3
13634547274 3
13845401127 3
15904543225 3
13846157714 3
15904540743 3
13512671827 3
13603695602 3
15045411906 3
15845401285 3
13603692893 3
18304542504 3
15214664677 3
13846133647 3
15145453874 3
18745470117 3
13846182335 3
13946456404 3
15946568048 3
15804542445 3
13796355736 3
15946566205 3
13504696900 3
13845402257 3
18745486045 3
13845471589 3
13504698922 3
13903687343 3
18745474836 3
13846170849 3
13836658582 3
18745473140 3
13845416858 3
18745473112 3
13846187099 3
18745473306 3
15945404157 3
15945404167 3
13555597474 3
15246476363 3
15246466277 3
13604547278 3
13504696542 3
13846141169 3
13634543480 3
13946425574 3
13512676685 3
15246481719 3
15246461048 3
13846180441 3
15045418141 3
15145491771 3
13704865686 3
15845450718 3
15846991282 3
13903686724 3
13704861748 3
13796358149 3
13945473799 3
15246484375 3
13845470218 3
13803656139 3
15946557727 3
13803663875 3
13846152178 3
13946405867 3
15246474141 3
13945466634 3
15804542031 3
13603694965 3
13504697847 3
13845452933 3
13512681442 3
15904543410 3
13836649952 3
13504547388 3
13836601471 3
13845404037 3
13624541948 3
15204546858 3
13946449936 3
15804549268 3
18745475676 3
13803666140 3
13946456156 3
15145488491 3
18745489822 3
15245483483 3
15246492626 3
15845457336 3
13845406707 3
13555583075 3
13512643836 3
13836642350 3
18745489381 3
13846192068 3
13603691526 3
15845451387 3
15904544792 3
15046497042 3
15046460871 3
13946458024 3
13734541595 3
18745499927 3
15904541098 3
18745473912 3
13945455528 3
13512670238 3
13704869980 3
15204543510 3
13604548795 3
13945458218 3
18845413579 3
13945466439 3
13836653742 3
13796355679 3
13946452798 3
15204541412 3
15145458245 3
13664545416 3
15245453887 3
13555589335 3
13512649417 3
13845411947 3
13836669131 3
15945887114 3
13836600971 3
13512662185 3
13704861685 3
18745489396 3
13704544498 3
15245452250 3
15045407384 3
13555592909 3
13945497127 3
15246461181 3
18745474457 3
13704544773 3
18745474876 3
15245489929 3
13836602826 3
13945457322 3
13836615487 3
18745478188 3
13946429146 3
18745475421 3
13946443693 3
15946556177 3
13946403650 3
13945488562 3
18745480289 3
13946442700 3
13845451524 3
18745478558 3
18745478566 3
15046460123 3
15246483841 3
13603693703 3
15846993019 3
13845408484 3
13512665697 3
15045412816 3
15046469568 3
13803667833 3
15945885967 3
13704860423 3
13845470417 3
15164518610 3
15904545606 3
13803650092 3
13846132807 3
15246469198 3
13846182751 3
18745489459 3
15046461845 3
13845474833 3
18745470780 3
13845402090 3
13845410015 3
15945883490 3
13803662586 3
15945887064 3
13946407610 3
13836663572 3
13946448232 3
15845455855 3
13836606483 3
13846155169 3
18745486076 3
15246463478 3
18745475453 3
15145454875 3
13945480603 3
13803660631 3
13684540353 3
13644542487 3
15804542410 3
15904541870 3
13664540299 3
15214665973 3
15045404190 3
13903685450 3
13704545485 3
13945467719 3
15245456340 3
15904542231 3
13845456096 3
18745482623 3
13946426468 3
15204543016 3
13945466758 3
15845458459 3
15945880479 3
13734544636 3
13734548662 3
15804540243 3
13644548832 3
15046462962 3
13604867478 3
15945886163 3
15946565966 3
15945884341 3
15204543822 3
13644544986 3
13836661751 3
15946565029 3
15845408043 3
13796355146 3
13796354928 3
13684548055 3
13512671174 3
13624547936 3
15245485261 3
13836658285 3
15246469709 3
15204541908 3
13555587698 3
13846182100 3
13803657655 3
13836641402 3
15904543429 3
15945887426 3
13512646744 3
15845459549 3
13604540853 3
15804549209 3
15046468862 3
13555595499 3
13704868479 3
13504540701 3
15045413349 3
13846138267 3
13945497483 3
13512698745 3
15214662428 3
13644545242 3
13512672609 3
13945465932 3
15946558022 3
13512647230 3
13946423029 3
13603696090 3
15145492901 3
15246493248 3
13604547002 3
18745472370 3
15145496638 3
15846996108 3
15946567875 3
13624546711 3
13614699667 3
13845416045 3
15164517470 3
13946401923 3
13684542834 3
13945480679 3
13945483087 3
13946401127 3
13845407047 3
13512647811 3
15946565076 3
13512648179 3
15945400303 3
13845474522 3
18745478288 3
18745480408 3
15246493442 3
13946426906 3
13946472379 3
18745473260 3
13846190265 3
13504548484 3
15145493600 3
18745485783 3
13512662733 3
13664545712 3
18745474052 3
18745480405 3
13846168284 3
13836654949 3
13796358572 3
13846188382 3
15145490450 3
18745479769 3
13903681655 3
18745473186 3
15246472187 3
13634546782 3
13904544894 3
13846164179 3
13604543787 3
15245452733 3
18745495409 3
13555592773 3
13836643889 3
13504698032 3
18745493155 3
13512668746 3
15045413084 3
13512682742 3
13504699172 3
13836651942 3
18745494552 3
13946456762 3
15846991925 3
13664542566 3
13946452142 3
13845412842 3
13604544669 3
15904542401 3
13845410869 3
15845409841 3
15246482470 3
15246482421 3
13945454075 3
13945460136 3
15045400199 3
13946472495 3
13846162922 3
15246498366 3
15246480487 3
13945475781 3
18745478688 3
13846192859 3
13945498878 3
13846165825 3
13846143811 3
15204540876 3
15246475720 3
18745473146 3
13614690738 3
13836606185 3
13846162607 3
18745480559 3
15045400638 3
15045400643 3
13945472686 3
13945468613 3
18745472902 3
13945468071 3
13845416544 3
13644547604 3
18745462001 3
15804542041 3
13836647680 3
13846153648 3
15246476790 3
15246499534 3
13604866945 3
13614699421 3
13512686735 3
13946449356 3
18745474689 3
15245480579 3
13946408641 3
13684549019 3
13836648937 3
13946421397 3
15164514992 3
18745473141 3
13644549075 3
18745452525 3
15145494255 3
13555590995 3
13555590996 3
15804549757 3
13624543260 3
13945489981 3
15946553638 3
13845475341 3
13846185171 3
13664546268 3
13555599459 3
15845405729 3
15245488478 3
13846133016 3
18745484655 3
13504548642 3
15204548571 3
13946404461 3
13846183428 3
18745482392 3
15804543457 3
18745476870 3
13634543627 3
15804548482 3
15204543819 3
13946442482 3
13555586030 3
15046467615 3
13512645981 3
13846170680 3
13845400894 3
13846160211 3
15846999031 3
15145453264 3
13803650357 3
15204548266 3
15245455404 3
18745497750 3
18745473241 3
15845450049 3
18745478398 3
15846997339 3
13846182669 3
13846177748 3
13846167243 3
13945460750 3
15946556549 3
18745497525 3
15245450289 3
15245452235 3
15145493196 3
13796351019 3
15245450292 3
18745461314 3
13846172985 3
13614691659 3
13512677397 3
13846168032 3
13836658215 3
13644544801 3
15246469296 3
15845459706 3
15046490818 3
15946564320 3
18745489349 3
13512647379 3
13836602254 3
13845419892 3
13664541909 3
13945498637 3
15904544561 3
15145454388 3
13945472574 3
13512677290 3
13512645442 3
13946406224 3
15245458341 3
15164517003 3
13845404376 3
18746347888 3
15045402497 3
15246480836 3
15246480850 3
15246472934 3
13846191476 3
13704541630 3
13836602811 3
13845416397 3
13836615723 3
15804546233 3
15945402566 3
13504540483 3
13836603183 3
15246467297 3
13946445247 3
15945887094 3
13836606730 3
13945489138 3
15904545653 3
13846196864 3
13846173218 3
13945497485 3
18746343888 3
13614544655 3
13846186693 3
13946471179 3
13904545823 3
13845452873 3
13664540225 3
15246478129 3
13945474843 3
18745463566 3
13945452886 3
13644545713 3
18745478669 3
15045401856 3
13846131861 3
15946550872 3
13704543537 3
13846154850 3
13704865569 3
13555581442 3
13644548272 3
15145495050 3
15845455479 3
13846167271 3
13845453308 3
15845455026 3
13845470557 3
18745481925 3
18745481924 3
13845472274 3
13836602022 3
15245484049 3
13664548579 3
15145451013 3
13664549007 3
13734549880 3
13803668337 3
13504699369 3
13836604311 3
13845410656 3
13604540733 3
13504543715 3
15904540731 3
15145458908 3
13555597828 3
13903680599 3
15845451804 3
15946553066 3
15164513641 3
18745475422 3
13512699679 3
13945454952 3
13903683553 3
13846135586 3
15046494532 3
15245489761 3
13836607194 3
13836644710 3
13945453291 3
15246463227 3
13664541246 3
18745473267 3
13512645742 3
15946557645 3
18745471332 3
13796350858 3
18745484606 3
13846184067 3
13836647814 3
15145450206 3
13512686064 3
15245455627 3
13846184078 3
13845405616 3
13846134146 3
13512686922 3
13644547767 3
13945478057 3
18745474140 3
13624542736 3
13512661569 3
13846130929 3
15845455453 3
13555593657 3
15045402550 3
15245454878 3
13846155253 3
13846143886 3
18745461886 3
15245487530 3
18845413123 3
13504547414 3
13846195542 3
13845456958 3
15145498082 3
15945882083 3
18745473664 3
13614544408 3
15246462885 3
13512682780 3
13512682750 3
15045409496 3
13846168517 3
18745484117 3
13945450369 3
15046461353 3
15045401264 3
18745489266 3
15845403430 3
13846138389 3
15946551468 3
15204545285 3
13555589103 3
13945463099 3
15845402546 3
15214665880 3
15245453230 3
15245457986 3
13512679198 3
13512674956 3
15245457976 3
13945482550 3
15845403685 3
13846182739 3
15246467586 3
15245486757 3
15164514875 3
15246477932 3
15204546970 3
15046463040 3
15945882610 3
15246483831 3
18745475774 3
13555587284 3
15145487844 3
18745462107 3
15846995342 3
13836615255 3
13845472973 3
15845453082 3
18745462118 3
13704549379 3
13846185191 3
13846144133 3
13644545597 3
15245486381 3
13946446900 3
15045410664 3
13846153161 3
13644542280 3
15145451006 3
13512644200 3
15245482562 3
15246478045 3
15945401862 3
15214665963 3
13846192011 3
13664546164 3
15946562090 3
13945462921 3
13803658780 3
15145458456 3
13644544576 3
15946561136 3
13644541135 3
13836615794 3
15245454372 3
15946562062 3
15164514051 3
15145492861 3
15246483753 3
18745486043 3
13845479135 3
13845455736 3
15945887844 3
15846995237 3
13803655572 3
15245458907 3
13846154020 3
13603691802 3
15246468241 3
15246483770 3
15246483771 3
13634546496 3
15904544181 3
13845412967 3
13945482154 3
13704865741 3
13684549625 3
18745479098 3
15945887134 3
18745498263 3
15846993651 3
15245456492 3
18745479722 3
15245456450 3
15904546246 3
13946447835 3
15845406216 3
13846187954 3
13845476860 3
15046467043 3
13946407612 3
13946407695 3
13504699957 3
13634547189 3
13704540849 3
15045417196 3
13504697525 3
15246477023 3
13664540904 3
18745473136 3
13512681064 3
13846155924 3
15846993549 3
13846180252 3
15904544203 3
15945886087 3
13604547110 3
15245484470 3
13903686741 3
15845453162 3
13803665921 3
13946445387 3
15804540502 3
13803664325 3
13704542511 3
15904540241 3
13512660427 3
15145459224 3
18745474453 3
15246496489 3
13512643541 3
18745474947 3
15804544090 3
13614698418 3
13945462489 3
15204540397 3
18745474410 3
15946567315 3
15946569476 3
18745461828 3
13836615498 3
13803660506 3
13836648453 3
18745492084 3
15945402385 3
13945464964 3
13845416510 3
13836602982 3
13846148638 3
18745475839 3
15045411536 3
15845408217 3
15164517419 3
13846151139 3
15045418076 3
18745472340 3
13604543867 3
13845419409 3
13604547557 3
13946448776 3
13604868015 3
15246484984 3
13836608097 3
13946443656 3
13946441063 3
15246499681 3
15045407258 3
15246482860 3
13704867040 3
18745476604 3
13604545346 3
13512679264 3
18745462177 3
15904543971 3
13734541643 3
13504549722 3
13836654204 3
18745463232 3
13846175952 3
15214666725 3
13945488502 3
15246464951 3
15046499407 3
13846163025 3
18845482216 3
18745472560 3
13846162473 3
15946569837 3
13555589073 3
13603699134 3
18804543862 3
18745472540 3
13846130148 3
13946457911 3
13836655723 3
13846168587 3
15246476520 3
15246476521 3
13945463424 3
13903686837 3
13845410181 3
13946440436 3
15846998744 3
15246469863 3
13504697928 3
18745484874 3
15045414334 3
18745456258 3
15904546782 3
18745496552 3
18245497900 3
18745456595 3
13903686824 3
18745452882 3
15145487726 3
18745469458 3
13624547452 3
18724211168 3
18745494911 3
15204542955 3
15214662407 3
13504544514 3
18724220993 3
18745456005 3
13946407186 3
18745450336 3
18745461140 3
15245457029 3
15946560732 3
15904547017 3
13946402986 3
18724217811 3
18724211197 3
18724211196 3
15046496990 3
13946445847 3
15804549822 3
15845405822 3
13604547185 3
13845401537 3
13845477153 3
15145489969 3
13845416835 3
15845404917 3
13845410439 3
13836647163 3
13644547719 3
13704868421 3
15145451104 3
13512667174 3
13836650352 3
13946443041 3
13644541717 3
18745478009 3
13945453692 3
18745453455 3
18724211339 3
18724213655 3
18745456161 3
18724214321 3
18745455422 3
13845474532 3
13845474592 3
15145452420 3
18724211169 3
15046496340 3
18724219119 3
18745455188 3
15045406629 3
13624547733 3
13845415864 3
18745473798 3
13684547998 3
13904545435 3
15945889832 3
18745473299 3
15945888581 3
18745468045 3
18745473199 3
13555599112 3
13555596784 3
15145487024 3
18724211335 3
13512698066 3
18724211577 3
18724211699 3
18724211799 3
18724211877 3
18724217211 3
13946451452 3
13836667856 3
13846146929 3
18745450170 3
13624545489 3
15246462381 3
18245463101 3
15845405630 3
15246467144 3
13614691019 3
13846151399 3
18745480304 3
13555589208 3
18745480504 3
13634541224 3
18745489679 3
15246484876 3
13846161377 3
13555594767 3
13846135077 3
15246474708 3
15145494897 3
15846994639 3
18745482967 3
13803650258 3
13512672481 3
15845407880 3
18745479110 3
13555586993 3
13803650696 3
13604542169 3
13644541551 3
13803653849 3
13512687405 3
18745479232 3
18745466391 3
18745489463 3
13684544304 3
13846173480 3
18745460798 3
15145496470 3
13836667823 3
13945499897 3
18745493675 3
18745464887 3
15246491355 3
18745468779 3
15846998694 3
18745453586 3
18745482992 3
18745455738 3
18745499751 3
18745458443 3
18745408666 3
13734545373 3
18745458405 3
13604866326 3
15214669454 3
13734549536 3
15246490397 3
13836640194 3
18745478107 3
15246489108 3
13634546865 3
18745459978 3
15246461278 3
15245487471 3
18745459380 3
18745487477 3
13512679849 3
15145489687 3
15145451640 3
13846178355 3
18745454971 3
18745455307 3
18745473386 3
18745455213 3
18745473395 3
13634545238 3
18745473548 3
13946405303 3
13836605914 3
15164518913 3
18745469639 3
18745464929 3
18745477664 3
13634546864 3
13946452841 3
15045404736 3
13604868034 3
18745466511 3
18745455066 3
15245488978 3
18745455523 3
13945479948 3
18845491815 3
15145458764 3
13634546487 3
18745452031 3
13946472982 3
18745468088 3
18745451786 3
15245456175 3
18745465991 3
18745459336 3
18745473142 3
18745468221 3
18745463656 3
18745450761 3
13634542586 3
18745454416 3
13946420719 3
15946558230 3
18745451336 3
13945453199 3
18745458451 3
15946554431 3
13845451667 3
13624549630 3
18745452635 3
18745489391 3
15204549853 3
18745489392 3
15804546802 3
15045401658 3
13614693856 3
18745450615 3
13945498230 3
18745450348 3
15845406401 3
18745453980 3
15245457335 3
18745474763 3
18745476774 3
15845407947 3
15246499344 3
18745451268 3
13555591533 3
15246468648 3
13734545423 3
13945454617 3
18745457373 3
15846995742 3
18745459813 3
18745479212 3
18745461535 3
13644541103 3
18724223995 3
13644546420 3
18745450582 3
13555584892 3
13512676793 3
18724226606 3
13512677853 3
13945497348 3
13614697970 3
13664548942 3
13846145036 3
18745450354 3
18745450045 3
13845455794 3
13624546763 3
18745476775 3
13704548785 3
13945451956 3
18724225881 3
13624546740 3
13512675223 3
13945457803 3
13846197932 3
15846995083 3
13945456824 3
18745477774 3
18745466664 3
13555584792 3
13604866149 3
15145491723 3
18745460964 3
18745460939 3
13512676302 3
18745453229 3
13512686371 3
18745461574 3
13734548884 3
13836649994 3
13734549994 3
18745460948 3
15245486071 3
18745460954 3
13845475914 3
18745460854 3
15245486295 3
15145458994 3
15245486323 3
18724215009 3
15245486723 3
15214663461 3
18724215233 3
13634547341 3
15046496258 3
13945454935 3
18745491728 3
13504544060 3
18724219045 3
15204549384 3
15214665345 3
18724215299 3
13846189653 3
18845400737 3
13512663040 3
18745484060 3
13945451147 3
13644548304 3
15945886720 3
15046490858 3
15946551498 3
13845479386 3
15045417649 3
15946564317 3
15246485036 3
15946552526 3
13845411374 3
18745480466 3
13846195483 3
13684545546 3
13604868828 3
15045401262 3
13512645142 3
13945464057 3
18724214117 3
13512666190 3
15946558096 3
15845408790 3
13604865922 3
18724213133 3
13803656370 3
13634545072 3
15045409832 3
13803656470 3
13904545492 3
15714545637 3
13604546726 3
13946421956 3
13734549375 3
13846139708 3
13845409135 3
13836656255 3
18745453298 3
15145496219 3
18745453420 3
15145495495 3
13803650044 3
15846996549 3
13846180006 3
15945886219 3
15145457072 3
18245466599 3
15845400588 3
13946471552 3
18245469899 3
13704864073 3
13946421099 3
13845402109 3
13846138181 3
13704864175 3
18204541788 3
13836603578 3
13904545967 3
13836664221 3
13846147780 3
18245465085 3
13945488810 3
13614691322 3
13512660538 3
13845414382 3
13555585092 3
13845455110 3
13945498559 3
13803660369 3
13836649513 3
13836665437 3
13946400549 3
15945885766 3
18245457356 3
13946445630 3
15246475597 3
13945451348 3
13674549461 3
13624549241 3
15164518256 3
13512643016 3
13836600884 3
13504699530 3
13946446875 3
18745459041 3
18745459421 3
13836641701 3
15046491224 3
18745459442 3
18745455086 3
13946406538 3
18724229876 3
18745465160 3
18745458883 3
18745456244 3
13684543903 3
13555591989 3
18745454048 3
18745470029 3
15946558497 3
15045400844 3
15046464144 3
18745459323 3
15946553146 3
13946424695 3
18745452483 3
18745458241 3
18724210850 3
13803667642 3
18745473575 3
18745455227 3
13624544616 3
18745489890 3
18745484586 3
13903687812 3
13614690454 3
13555599895 3
18745477648 3
13946452569 3
13512687252 3
15046463729 3
13704541471 3
18724210968 3
15246469664 3
18745468418 3
18745463795 3
13644549529 3
13946427403 3
15904541278 3
15204544949 3
13946443901 3
13604548953 3
15145455526 3
15145456263 3
13945460614 3
13674544368 3
13684544268 3
13946403681 3
15904543255 3
15945404350 3
18724217168 3
18724223889 3
15246473053 3
18745487085 3
18245470106 3
15845403705 3
18745450860 3
18745456323 3
18745455077 3
18724226989 3
15214669385 3
13836604632 3
15245457213 3
18724225146 3
13946407940 3
18724225342 3
13845413374 3
18724210819 3
13946442879 3
13734542405 3
13836602292 3
18745461889 3
18745469268 3
13836607192 3
13946454308 3
13504546143 3
15145456256 3
13704545087 3
13704867227 3
18745450839 3
13903684139 3
13684542267 3
13836615635 3
13846197278 3
13836669135 3
13845407161 3
13634542760 3
13946408464 3
18745460094 3
15145487662 3
13734542450 3
18745450155 3
18724243999 3
13836608083 3
15045408058 3
13846142641 3
15946568810 3
13704549856 3
13846188846 3
18724220086 3
13644549589 3
13603699544 3
13604546146 3
13846156339 3
18724227053 3
13555592314 3
13845400781 3
13945475483 3
18745453465 3
18724227086 3
13644545960 3
13504542764 3
18724220980 3
18724227166 3
13684540557 3
18745460846 3
13846172719 3
18724214784 3
15904547806 3
13946402413 3
13704549151 3
13803668185 3
18745453494 3
18724211755 3
18745464346 3
15904544514 3
15945401754 3
18745482740 3
13946425067 3
13604549659 3
15145487675 3
15164510951 3
18745455266 3
13644540331 3
13603699318 3
18724217849 3
15164516257 3
18724220068 3
13664548307 3
13504541804 3
18724223137 3
18724212963 3
13555599426 3
13945453154 3
13624547942 3
13845478542 3
13512672894 3
15246487825 3
13512676219 3
15245453866 3
18745450781 3
13604868229 3
18745453299 3
13614699844 3
18724210803 3
15145493097 3
18745473507 3
13684544521 3
13684542974 3
18745484730 3
13624546546 3
15946569410 3
13512649396 3
15045406385 3
15946568893 3
13555593940 3
13664548094 3
15245456096 3
18724225114 3
13946406990 3
13796350653 3
18745472104 3
13555598471 3
15946568717 3
13846144667 3
18745462580 3
13904547574 3
13504699970 3
13803650605 3
18745462593 3
18745462611 3
18745462595 3
15845400664 3
18745458370 3
18745462610 3
18745462612 3
13512665221 3
18745462619 3
18745462627 3
18745462629 3
18745462630 3
18745462632 3
13846170076 3
18745475066 3
15845405889 3
18745462639 3
18745490436 3
13845455868 3
13603699272 3
13846133398 3
13946403558 3
13846178159 3
13796356090 3
13945450917 3
13624541973 3
15246486164 3
13836663078 3
18724229008 3
13836606043 3
18724229001 3
15045411363 3
13903684089 3
15245459487 3
15246461265 3
18745465825 3
18745479972 3
13945455470 3
15945887827 3
18745455006 3
18724211186 3
15946558113 3
13945452664 3
18745455840 3
18745469753 3
15145487926 3
18845405290 3
13836606240 3
15946558165 3
15046498091 3
18745452036 3
18724210561 3
13945474730 3
15204546175 3
18745453663 3
18745455524 3
18745455534 3
13946401309 3
18724221765 3
13555581843 3
13846182585 3
18724217694 3
15204543690 3
18745456340 3
13946450035 3
18745454503 3
15245451618 3
18745454101 3
13614696821 3
13603692910 3
13946456771 3
13614696727 3
13846169660 3
15145496990 3
15245484347 3
13604546934 3
18745463580 3
13845406794 3
13603698667 3
13945450043 3
15845450458 3
18724224188 3
13846162831 3
13836658376 3
15045402594 3
18724212004 3
15246478436 3
13603699173 3
15046460207 3
15246477954 3
13704548793 3
13555590458 3
18724223558 3
13846177084 3
13846195236 3
15946569086 3
18845421568 3
15804543965 3
18204548024 3
13512643884 3
13555598414 3
18745492664 3
15046465798 3
13945471608 3
18204546636 3
15045402217 3
13846139495 3
15046469256 3
13845401763 3
15945403490 3
13674544236 3
15246474009 3
15145455362 3
18745450783 3
18724216387 3
15946557110 3
15804548538 3
13845419301 3
13946423631 3
18745463002 3
13836656021 3
15245486961 3
13903687201 3
18745478709 3
18745452895 3
18724214080 3
13803668664 3
13846177895 3
18745454826 3
13555598890 3
13846134680 3
15946555133 3
18724217746 3
13634544822 3
13684544975 3
13734541727 3
13836667180 3
18724219288 3
13604546774 3
18724218557 3
15045401213 3
18745453658 3
13512660665 3
13836663848 3
15804545415 3
13734542022 3
15846994451 3
15046464927 3
15204549970 3
15246472648 3
15046493749 3
13946444776 3
18745491939 3
18745458697 3
13644543133 3
15945888803 3
15246479845 3
18745454509 3
18745476546 3
13512676314 3
18745469554 3
13945464351 3
18745456624 3
18724229312 3
18724222006 3
15045404398 3
18745461468 3
13946448355 3
18724212765 3
18724229318 3
13946422870 3
13836609891 3
13674549429 3
13845412832 3
13803663830 3
15246468839 3
15945882846 3
18724223919 3
13604549693 3
13512664486 3
13836658409 3
13836641094 3
13945475372 3
15145454869 3
13512664725 3
18745499669 3
13803668722 3
13846144638 3
15945885548 3
13644543854 3
13845470778 3
15946569902 3
13664542275 3
13836608081 3
13684541288 3
15045417358 3
13803655119 3
13504541427 3
13604545797 3
13946406039 3
13704543839 3
18724223965 3
15046467581 3
18724217622 3
13846144493 3
18724217633 3
13836602439 3
18745457266 3
13836601109 3
13846187696 3
18724223060 3
13803668565 3
13803659390 3
13796355759 3
13604865852 3
13512662959 3
15045400876 3
13644543758 3
13836605405 3
13836660363 3
15145452998 3
13836660827 3
15046496988 3
15046494939 3
13945459569 3
13836661391 3
13803665689 3
18745475377 3
15946564104 3
15246474318 3
15204542558 3
15245455508 3
15945880298 3
18245455526 3
15904545707 3
13903686892 3
15245488336 3
15846999380 3
15045411196 3
13555598781 3
15204545009 3
13803661862 3
15045400081 3
15045400115 3
13846153989 3
18745489162 3
13644543398 3
15204549892 3
13704546568 3
13946443012 3
13803656576 3
13836660690 3
15846994966 3
15204543538 3
18745454318 3
13644546163 3
15145492218 3
13946456214 3
15204548819 3
13846135919 3
13846171856 3
13803656878 3
15046498281 3
13846136078 3
13845451252 3
18745466002 3
18745474878 3
18745450889 3
18745490657 3
13604549060 3
13836658510 3
15946552547 3
13803651323 3
13512671242 3
15246494298 3
15904543038 3
15904541187 3
18724211043 3
15245459845 3
13644543110 3
13836657932 3
18724228760 3
15804543085 3
18745456308 3
13946456226 3
15845452393 3
13904547245 3
18745490659 3
18745451368 3
18745458670 3
15145497611 3
13945482447 3
18724221900 3
15045406278 3
18724221901 3
15164519959 3
18745469463 3
15204546007 3
13604544606 3
13845450449 3
15246464196 3
13803651105 3
13803655239 3
15246460040 3
15804543410 3
13845450960 3
15804543316 3
18724229377 3
13555582278 3
13512645992 3
18745462543 3
18745462558 3
18745462566 3
13846140085 3
13504548267 3
18745462588 3
13704540610 3
18745462599 3
18745462617 3
15246461366 3
13604548667 3
18745462503 3
18745462505 3
18745462506 3
15946565699 3
13836657540 3
18745462510 3
13845479781 3
18745462515 3
18745462518 3
18745462526 3
18745462527 3
18745462529 3
18745462533 3
18745469099 3
13836650463 3
15246461164 3
13674549373 3
15946558496 3
15164519468 3
18724222212 3
15204544016 3
18724220025 3
15846992595 3
13845459476 3
13603699206 3
18745462539 3
18745462550 3
15246487880 3
15045405336 3
18745462560 3
18745462561 3
15145490525 3
13845450662 3
13796351286 3
18745462568 3
18724212127 3
18745462571 3
18745462572 3
13512698972 3
18745455118 3
15846995648 3
13603698995 3
13904547433 3
18745491024 3
15045419970 3
15204549905 3
15204549869 3
18745479548 3
15845458776 3
18745479543 3
13904547594 3
18745479515 3
13836640534 3
18745479513 3
18745450995 3
18745479500 3
18745479526 3
18745479506 3
18745479511 3
13945474253 3
13945485215 3
15846993839 3
15845400328 3
18745451822 3
13836646482 3
13624549229 3
18724219009 3
18745479560 3
18745479519 3
18745479551 3
18745454244 3
13846179535 3
15246498583 3
13555594062 3
13664541189 3
13946441538 3
13734540461 3
15046492537 3
15046465297 3
13512677392 3
15145498923 3
13512662423 3
13845409127 3
13846147140 3
15804549073 3
13836667334 3
13946407023 3
15145497942 3
18745460903 3
18745460905 3
15846996414 3
18249241400 3
15145450150 3
15804545593 3
18724220899 3
15245457968 3
15164519099 3
18714549036 3
15804541655 3
18724227455 3
13604866724 3
18724216457 3
15246479449 3
13624540209 3
13846160982 3
18745479529 3
18745479521 3
18724217765 3
18745479525 3
18724210338 3
18724212867 3
15945888407 3
13945497392 3
18245459894 3
18204546021 3
15145489197 3
15246469695 3
15904541945 3
13845454774 3
15246471687 3
15246481616 3
18745463409 3
18745465811 3
13604545745 3
13512681927 3
13614696034 3
13604547712 3
13946471126 3
13684549521 3
13512673871 3
18745492098 3
18724218737 3
18724219133 3
13604867880 3
13512674549 3
15145499775 3
13845456715 3
13903686269 3
13803657475 3
15246470706 3
15164513043 3
13512679248 3
18724225499 3
13555596173 3
13945472905 3
15246477228 3
15145487667 3
15145487767 3
18724225815 3
13614544882 3
13555580564 3
15246476786 3
13634546929 3
13836615290 3
13845406797 3
13845451217 3
15046461277 3
15145458499 3
13704865303 3
18745458588 3
18745464977 3
18745464765 3
15045407876 3
18745457808 3
18745457866 3
15214662927 3
13704862254 3
18724210096 3
13946403583 3
15945401201 3
13512641237 3
18724222203 3
18724229337 3
18724229336 3
18745456219 3
18724225958 3
13836662859 3
15046469565 3
15046493931 3
13796357044 3
15245455355 3
15046469575 3
18724225768 3
15245452330 3
18745461401 3
18724216723 3
13555592044 3
18745469066 3
13624547938 3
13512687383 3
15804548626 3
18745462699 3
15845400895 3
15845402260 3
15045409744 3
15214665554 3
13603699865 3
15246474466 3
13845400355 3
18714544442 3
15045413197 3
13946442559 3
15145453407 3
18724225655 3
13836644735 3
13555589706 3
13845417130 3
13512661184 3
18724213826 3
13845470629 3
18724214068 3
13555592492 3
13846141475 3
18745466320 3
18724210355 3
18724211826 3
13803659122 3
18745461108 3
15946553883 3
18724211033 3
18745453210 3
13946472772 3
18724213367 3
13846139278 3
13604866488 3
15245485554 3
15245453530 3
18324544502 3
15945884682 3
18745452781 3
13946442370 3
13555591790 3
13945497729 3
13946403522 3
18745461106 3
13604863816 3
18724231777 3
15845459191 3
18745460644 3
13555599433 3
18724217026 3
15804540060 3
18724227200 3
18745489617 3
18745467800 3
18724228778 3
13555594008 3
13846158993 3
13555585186 3
13945476822 3
13845411796 3
15804545295 3
13845414019 3
13846199514 3
15246463021 3
15045405721 3
15804542840 3
13803657760 3
18745465401 3
13946450995 3
13845470936 3
18745454872 3
13846154103 3
15045407590 3
15945880195 3
13904546932 3
15845451651 3
13946407760 3
18724216223 3
13614692209 3
15046467372 3
13634545340 3
15045405459 3
18745464759 3
18745464797 3
13803663634 3
18745462207 3
18745462210 3
18745462216 3
13803663709 3
13846165682 3
18745462235 3
18745462237 3
18745462252 3
13945464410 3
15046463903 3
13664549782 3
18745459266 3
15904549042 3
15204542701 3
13796353144 3
15214666649 3
18724225867 3
13946456482 3
18745457717 3
18745457731 3
18745465774 3
15164515349 3
13604547572 3
13945456109 3
13845454930 3
18745451415 3
13803651790 3
18804547690 3
18745455388 3
13664545355 3
13845452286 3
13845404620 3
18724220973 3
18249826228 3
15045405845 3
13946428746 3
15204544080 3
13504547355 3
15245484630 3
13604864213 3
13836659894 3
13796350191 3
15246498295 3
18724229724 3
15845400824 3
13845400913 3
13846176459 3
13512682732 3
15714549807 3
13904547907 3
13664549347 3
15045412636 3
18724222128 3
18724219953 3
15845451289 3
15246470218 3
15845403847 3
13512684447 3
15245488467 3
15046467829 3
13555594102 3
13704547170 3
13555596442 3
13845400314 3
15246472706 3
13946447532 3
15946562655 3
13846155042 3
18245457608 3
15214664858 3
18714541802 3
18714541803 3
13945466398 3
13555586829 3
18724210949 3
15145497318 3
18714546567 3
15204546554 3
15204546394 3
13803650621 3
13634547024 3
13846194764 3
13704860115 3
18724215871 3
13846150161 3
15045413873 3
18724211688 3
15245485660 3
13903681878 3
18724218858 3
18724218868 3
15946550844 3
18745482401 3
13634546214 3
13604866914 3
13796358306 3
13945466592 3
18745461105 3
15045407630 3
18745450535 3
13846188116 3
15045404919 3
15945880374 3
13846189553 3
13846142946 3
13846175480 3
15145453891 3
15164517286 3
18724210029 3
15245483087 3
15214663203 3
15046496233 3
18745460887 3
15846999241 3
13734548781 3
18724226242 3
13803655040 3
13845416241 3
18745451403 3
18724224439 3
18724222156 3
13836605894 3
18745463447 3
18724222360 3
13644684598 3
15804542843 3
13836601974 3
15845406230 3
13945481098 3
13946404295 3
18724211760 3
15945884325 3
13946424585 3
18745453718 3
13704548278 3
18724219190 3
15846997028 3
13946401722 3
15204541296 3
15246481866 3
15904548815 3
13845475621 3
15046491314 3
18724215930 3
18724224038 3
18724210487 3
18745482746 3
13512645053 3
13803658411 3
13674544554 3
13624541393 3
13846166476 3
15204544059 3
13945469078 3
18745451513 3
13614691131 3
15246499620 3
18745455353 3
18745454083 3
15214663658 3
15904549579 3
18745454329 3
15245451501 3
13624545373 3
18745465477 3
13512644634 3
18745454034 3
13796352146 3
15946561508 3
13624541332 3
15945888870 3
18745460104 3
18724212268 3
13614694028 3
15946565896 3
13555585758 3
13734548873 3
15045408214 3
13846176331 3
18304548566 3
13614690425 3
18304548677 3
15245485906 3
15946554955 3
18745459562 3
18249238189 3
13734544968 3
18245481611 3
18745459568 3
15164511789 3
15845400886 3
18724229700 3
15904548240 3
13704543394 3
13512687125 3
15245457342 3
18724224775 3
18724229404 3
13846180522 3
13644541198 3
18724211833 3
18745460894 3
13555583127 3
15904547786 3
13845412071 3
13803654681 3
13946445875 3
18745463076 3
18724210497 3
15045416155 3
15846998200 3
13604867904 3
13836607258 3
13836652780 3
13704545884 3
13555590565 3
13684541172 3
13846196857 3
13946446574 3
18745464280 3
13845412847 3
15246493489 3
18724222276 3
15046468520 3
18745461198 3
18745479505 3
13512662057 3
15946569655 3
15945888208 3
15945888112 3
15945888010 3
13512649242 3
18724214484 3
13512683946 3
18745475087 3
15845407431 3
13504544246 3
13504541684 3
13846169011 3
13836664212 3
18745463087 3
18745463089 3
18745450793 3
15045408847 3
18724222415 3
15945885554 3
15945881144 3
15804547642 3
13664549351 3
13803668614 3
13946426103 3
15245456103 3
13734542403 3
15045406908 3
18745464285 3
13946445554 3
13836641279 3
18745451150 3
13704866347 3
15164511826 3
18724218991 3
13512682791 3
15246479349 3
18724222173 3
18724216984 3
15904547586 3
13614697141 3
13836658296 3
13634547053 3
13846159891 3
13836603912 3
18745488464 3
13836669117 3
13803662370 3
13603697406 3
15164517075 3
13846144585 3
13614695663 3
18745480496 3
13803652531 3
18745480459 3
13846135346 3
18745489290 3
15214666648 3
15246499622 3
13603691420 3
15046497268 3
13846159052 3
13945460746 3
15145487713 3
15946557487 3
13946453672 3
13945480856 3
15804541572 3
15904546960 3
13803655420 3
13846182653 3
13664545037 3
13504546898 3
15945883325 3
18745482869 3
15246477943 3
13836659805 3
18745474913 3
15204545349 3
13846145898 3
13512647884 3
15245451454 3
15046491989 3
18724210062 3
13704867939 3
13946459100 3
15945885974 3
18845401605 3
13704867953 3
13836657724 3
18714549569 3
13846156392 3
15946560866 3
15845453074 3
13555589845 3
13704868237 3
15945888605 3
15204544645 3
13555585651 3
13945455365 3
15246469826 3
18745499474 3
13946471433 3
18745480346 3
15045413098 3
15846995535 3
18745480309 3
13845416329 3
18745479847 3
13512687047 3
15846996159 3
13504547549 3
15846996475 3
18745473253 3
13614696332 3
13836645385 3
15045402166 3
13946447009 3
15845458452 3
15246498474 3
13845410141 3
18745496716 3
15246462625 3
18245458560 3
18724224788 3
15245480125 3
18745466604 3
13704547472 3
13704864357 3
13644542921 3
15845403445 3
13512672093 3
15145455170 3
13555585706 3
15845451233 3
13512684529 3
13846155928 3
13945479518 3
13946429119 3
15045408598 3
18845495952 3
13845405306 3
15145454655 3
15046494859 3
15246494819 3
18845408275 3
18745470396 3
13644542423 3
15946557273 3
13803654200 3
13846154084 3
15164516605 3
13604865729 3
15846993404 3
13846181516 3
13836649938 3
15164516685 3
13604543086 3
18845423242 3
13946471778 3
15045401197 3
18745479899 3
18745479897 3
15164515157 3
18745474677 3
13604549511 3
15845454727 3
15845458851 3
15946566471 3
13846189270 3
18845423936 3
15945888574 3
13734544692 3
13604863490 3
13634547409 3
15945400490 3
15945400626 3
15846999859 3
13836644653 3
18745480497 3
13634547416 3
13512669970 3
18249255236 3
15046466741 3
13846138959 3
18745473677 3
15214667635 3
15246479020 3
18745473688 3
13846161091 3
13903684593 3
18745480467 3
18745480470 3
13845459002 3
13845457784 3
15246465285 3
13603694781 3
13684543133 3
13946450889 3
13704548116 3
15045409686 3
13796355469 3
13555581005 3
18745479877 3
13512673239 3
15246496641 3
15904549492 3
13836604536 3
13846173514 3
15846999186 3
15246496994 3
13604548348 3
13803653266 3
13945488428 3
13945482846 3
13945499497 3
15046463635 3
13836643757 3
13946428845 3
13624544321 3
13704868489 3
13803658322 3
13846174870 3
18745493679 3
18745491923 3
15945400954 3
15246490852 3
13604864547 3
13614544122 3
13704868113 3
15845457186 3
18745460488 3
18745461688 3
18745461636 3
15246489489 3
13803668734 3
13512647032 3
13803652406 3
15214665043 3
15945403426 3
13845419784 3
13845413784 3
13555585915 3
13846133767 3
15804547173 3
15804547113 3
13946400378 3
13836654161 3
13903689392 3
15945887587 3
13845459284 3
15946555454 3
15804547223 3
13803656247 3
13512663124 3
13836668780 3
15045407496 3
13945465531 3
13803650487 3
13946448272 3
13803665539 3
13946422560 3
18745492033 3
15846991900 3
13846186366 3
13845413206 3
13945451074 3
13946442257 3
13846182246 3
15245454346 3
15046467110 3
15945404154 3
13504549410 3
13644540314 3
13836602554 3
18745484575 3
13846144252 3
13846161140 3
13704867875 3
13555592587 3
15204547843 3
15945887104 3
13946458245 3
13846185596 3
13704862778 3
13644544514 3
13704868860 3
13836640281 3
15046466432 3
18745483361 3
15846994374 3
15846995393 3
15204547571 3
13846164896 3
15945888990 3
13836649669 3
13946452472 3
15246495581 3
13555580921 3
13704862296 3
13846194249 3
13903689362 3
15245488179 3
15246488179 3
15945889471 3
18845480331 3
13512689319 3
15145450626 3
15846995601 3
13803666954 3
13512670281 3
13704540419 3
18745476186 3
15945887619 3
15145457909 3
18724545767 3
15045408969 3
13945485322 3
13945468441 3
18745472844 3
15845458416 3
15246498637 3
13845416040 3
13512680477 3
15246498629 3
13846132581 3
13945476469 3
15946556327 3
13614697650 3
15145451867 3
15246477469 3
18745476844 3
13846184520 3
15214661560 3
18324541832 3
13903687348 3
13504541277 3
15045400473 3
13846146441 3
13946450845 3
13846187443 3
13634544864 3
13512677372 3
15845453046 3
