13846175654 3
18845481711 3
15204541025 3
13836605321 3
15846994422 3
15246473935 3
18245474577 3
18845405600 3
13555583846 3
15145490720 3
13512642440 3
13945470685 3
18245488193 3
15945401815 3
18845497668 3
13836654338 3
18845480899 3
13946473560 3
15804548255 3
13512687406 3
13734548819 3
18204543350 3
13946472269 3
13946452762 3
13836666291 3
15846990816 3
18845480166 3
13644545916 3
18249821121 3
18845480707 3
18804545011 3
18245499786 3
18724229881 3
18245473919 3
13945486602 3
18804543511 3
13836654029 3
18724222253 3
18845405177 3
15246467963 3
18804541118 3
18804541119 3
13946456452 3
13845410565 3
13945473938 3
13803660375 3
13512670393 3
13845475238 3
18245485559 3
18249252585 3
15246474322 3
13555583887 3
13803661329 3
13504543977 3
15246477645 3
13803665136 3
13684546068 3
15946553302 3
13555590217 3
15246488289 3
18204542303 3
13846189258 3
13836649187 3
18724221538 3
18245466844 3
13512642308 3
18249235166 3
18714544568 3
13512660325 3
18745497739 3
13846130962 3
18304540208 3
15804544254 3
13704545751 3
15046490489 3
13845473985 3
15845451613 3
13504546596 3
13644540803 3
15945886256 3
13614692530 3
13614692760 3
13846145330 3
13845407239 3
18804549298 3
15945884315 3
15946553657 3
18249235603 3
13614541788 3
18249269123 3
15246469047 3
13504699520 3
18249236153 3
18249238815 3
15204547827 3
13803660318 3
15245455346 3
15946565982 3
13604868994 3
13945485095 3
18249823757 3
13946428219 3
18245454640 3
15945400326 3
13846194583 3
13684545238 3
13504547028 3
15904548525 3
18204543755 3
18745495185 3
15045411142 3
13604549548 3
13604863024 3
13846176745 3
13614544472 3
15946562507 3
13604548451 3
13846182745 3
15946566540 3
13846143495 3
13704544419 3
18249262238 3
15245482060 3
18745483077 3
15945404071 3
13946449908 3
18745476525 3
13614695099 3
18245497173 3
15045417749 3
18804549616 3
15945881926 3
18804548483 3
15945886068 3
15045400160 3
18245458652 3
13614695895 3
15245481576 3
15214668926 3
18245498779 3
13946453353 3
13946440247 3
13946423988 3
13604867909 3
13684541096 3
13555593145 3
18745497137 3
13845473118 3
13614696694 3
13945468335 3
15145499674 3
18249823072 3
13903686995 3
13555582646 3
13512680928 3
15214664527 3
13846134350 3
13796353472 3
13644549684 3
13846152579 3
15046462163 3
13614541606 3
18845407639 3
15245481579 3
15804543144 3
18245482006 3
13684543852 3
15946569750 3
13704861137 3
15904549162 3
18745466547 3
13846139576 3
13846184348 3
18245488602 3
13624544370 3
18714543299 3
15246465018 3
18304542595 3
15246468763 3
13624542390 3
13604546338 3
13734545430 3
13836668783 3
18249245588 3
13704549443 3
13903686231 3
13846147297 3
15245458223 3
13846152386 3
18245482019 3
13803660242 3
15804541316 3
15946568002 3
15946559105 3
13945454127 3
13512669519 3
13846149901 3
15245457119 3
13946424116 3
18249822218 3
13846155297 3
18245496800 3
18245488126 3
15946559480 3
13644546289 3
13846192583 3
15245459659 3
13624547622 3
15245453352 3
18249238052 3
13803668257 3
13845405007 3
18745460378 3
13624549758 3
13945470881 3
18249825625 3
18804541344 3
18804541355 3
13555583487 3
15246496216 3
13512662371 3
18745456139 3
18745498579 3
18245490099 3
13504698840 3
13664549635 3
13555590569 3
13945484989 3
18304549343 3
15145494048 3
15845453198 3
15045406898 3
15904546591 3
13604542573 3
15145496408 3
13624541694 3
13512640629 3
15245485550 3
18845401166 3
13704546180 3
15245486665 3
15145451345 3
15045417705 3
18245464080 3
13945452173 3
13845415611 3
13796357885 3
13846187255 3
18249262997 3
13624543189 3
15045415435 3
18304542991 3
13614699975 3
13555581604 3
13945456453 3
18245462788 3
13634540673 3
13845470086 3
18724544734 3
13644544189 3
15046467150 3
13946455981 3
15204545535 3
15046462346 3
13504548605 3
13946422411 3
13803664957 3
13644545988 3
13604866632 3
18714546551 3
13512681006 3
13803660908 3
13803653603 3
13846168529 3
13614690315 3
13614694095 3
13803662781 3
18714542270 3
13604863609 3
13846135902 3
18304545589 3
13845409110 3
13803668792 3
13846192056 3
18745481251 3
18804541919 3
18304541627 3
18745475644 3
13945451056 3
15246467767 3
13504696721 3
13945498657 3
13512680932 3
18714548444 3
13846177985 3
13946429286 3
15946566877 3
13846155857 3
18304543536 3
13603691538 3
15046466234 3
15046490217 3
13796352787 3
13704869394 3
18745488234 3
15246499886 3
18745463364 3
15045405425 3
18245480289 3
13946450785 3
13836641729 3
13946402069 3
13644684304 3
15145487008 3
13796359087 3
13946473482 3
15246465320 3
13504697566 3
15245482206 3
18804547488 3
18804546001 3
15845400359 3
13704545225 3
18204548565 3
13904544189 3
13803660581 3
18745456048 3
15204549867 3
15164510076 3
13803656698 3
13796352062 3
13512668252 3
13624542386 3
13846139282 3
18249268345 3
13803653077 3
13614699731 3
13512643140 3
18745467008 3
18249262518 3
13846137935 3
13704545120 3
13512665949 3
15846999017 3
15145458900 3
18724540892 3
18304542957 3
13614698169 3
13846151882 3
18304541071 3
13664545799 3
13946448011 3
13836657010 3
13946472407 3
13946448772 3
13903682734 3
13836601615 3
13614691731 3
18245461437 3
13555594516 3
18204545611 3
13846156689 3
13644541069 3
15845453288 3
13846192395 3
13803669882 3
13624545231 3
18245461429 3
13846160619 3
18304540345 3
13803652871 3
18245459166 3
13845416171 3
13946456867 3
13555587621 3
13845470177 3
13846140023 3
13614692704 3
13504541460 3
13836656588 3
13504548390 3
18245490934 3
13512668933 3
13846190501 3
13845405523 3
15164510357 3
18204545615 3
18304546222 3
18245476086 3
15046495776 3
13845419135 3
13604863556 3
13504548397 3
18204544800 3
15845452997 3
15204543580 3
13845451641 3
13846176503 3
18245454509 3
15204544126 3
13836667400 3
18245476119 3
13512678251 3
15214666362 3
15204542760 3
15045408303 3
18245495145 3
13836651444 3
18249246345 3
13634541109 3
18745457571 3
15145459133 3
18745479663 3
13945476746 3
18245469332 3
13945459963 3
15214662119 3
18745453772 3
13604541859 3
13512668537 3
15145450928 3
13904545942 3
15846992886 3
15846993039 3
13504544070 3
15846997919 3
13946441448 3
13604545090 3
18745478872 3
18245471944 3
13846185848 3
13604864403 3
15246465467 3
15164510737 3
18745480957 3
18845405952 3
13946426738 3
15804545477 3
15946559411 3
13512680741 3
18245497989 3
13704540896 3
13846175493 3
13946446041 3
13945461881 3
18745456599 3
13734541007 3
13846180054 3
15145498163 3
15045404990 3
18845403334 3
15145453663 3
15845405709 3
15046465881 3
13846166119 3
15946555078 3
13836609080 3
13836643957 3
18245460365 3
18724215775 3
18249264123 3
18745460308 3
15214661193 3
18724543968 3
15946553353 3
13734544467 3
15246494381 3
15804540250 3
15214668445 3
13614690787 3
13684545704 3
18304544106 3
13504699054 3
13624541250 3
15714669232 3
13803651916 3
13512649959 3
13604541307 3
15946559756 3
13845418701 3
13946426979 3
15945401099 3
13846196310 3
15246475257 3
15245483672 3
13836649951 3
18249243030 3
18245459300 3
13836668941 3
15246463324 3
15946553957 3
18745474323 3
18745471885 3
15246473355 3
13704865251 3
15946559186 3
15804547399 3
15145493248 3
18245468550 3
15246498110 3
18249825710 3
13512675921 3
13845454428 3
18745453149 3
18724211537 3
13504698123 3
15946562273 3
13704863756 3
13512645144 3
15214660978 3
14745687068 3
18249240109 3
13803664326 3
18304545554 3
13604549661 3
15214661328 3
15145453833 3
13604868342 3
15164519751 3
13704863975 3
13946446760 3
18745490454 3
15246473345 3
15804548473 3
15845454122 3
15145454660 3
13836653880 3
15246490837 3
13604540576 3
13664543823 3
13845404539 3
13512676350 3
13803668482 3
13704863376 3
15246487023 3
18304542823 3
13945453773 3
13512642606 3
15045410969 3
14745684918 3
18745472869 3
15946565068 3
13704862136 3
15245480403 3
18204542881 3
13846145149 3
13845454176 3
13734543551 3
18245471791 3
18245466141 3
18249238323 3
13512673216 3
15946553309 3
18724544960 3
18245499238 3
13512679716 3
13803664480 3
13945489291 3
13846150994 3
13512680119 3
13604541409 3
18245454348 3
13704861329 3
15046460633 3
13684545772 3
18245470750 3
13796357897 3
15845454878 3
18249268217 3
13836606397 3
13945463873 3
18245463836 3
13803663649 3
15845404584 3
15845457864 3
18304548418 3
18745488626 3
13664549294 3
13624542437 3
18249242315 3
15046468442 3
13946400338 3
18745460520 3
15246489398 3
18845404234 3
13846197899 3
15245488972 3
13803663357 3
18304542826 3
13846145908 3
13664547198 3
15945403053 3
13512674676 3
15945401803 3
13555589168 3
13803664650 3
13945483293 3
18249827811 3
13946441806 3
18304542815 3
13796353348 3
13803667907 3
13512668387 3
18249237896 3
15845456232 3
13504543950 3
15045400919 3
13803660279 3
18724219700 3
13796356316 3
13684547256 3
15945885064 3
15904547922 3
18724220223 3
13555591813 3
13512644380 3
13845406725 3
18245498276 3
18724548910 3
18845400381 3
15046490927 3
13512681599 3
13512644528 3
18745478345 3
13704546436 3
15046493780 3
18724540125 3
18304544572 3
13945483228 3
18245478708 3
15945887040 3
15845452032 3
18204546022 3
13836650644 3
18745479655 3
18245463257 3
13512685827 3
13796353522 3
13634543630 3
18724224227 3
15046493541 3
15204546200 3
18245468411 3
13555586098 3
18249260810 3
13945489639 3
15846997188 3
13604543530 3
13946474137 3
18724222822 3
13846192235 3
18724221962 3
15204547452 3
13846157919 3
13836615087 3
18724222081 3
18745471227 3
13846188589 3
13555595098 3
15145451295 3
18745488450 3
13803662961 3
18724216533 3
18204548287 3
13946442590 3
13664543939 3
15945888970 3
15246486115 3
13945487373 3
18304547469 3
18249824003 3
13846170833 3
13846170377 3
15045400263 3
13945471285 3
13845450762 3
14745684656 3
13903688917 3
13644549686 3
13846162417 3
15246490318 3
13945455465 3
18245466422 3
18724215784 3
13704869932 3
13803653367 3
13945499687 3
18245485800 3
18304549556 3
18204548521 3
15046491996 3
13555598003 3
13624545821 3
13512677943 3
18745456095 3
13796352862 3
13512662485 3
13555592375 3
13512665254 3
18249266844 3
13644684010 3
13603692560 3
13904548755 3
13796356836 3
13644546127 3
18804545966 3
13604544920 3
15245455705 3
15145488575 3
13846171759 3
13555590946 3
15046461996 3
18745453928 3
15046499940 3
13946403337 3
15904546645 3
15245489915 3
15045400024 3
15804549326 3
18249262272 3
13945461576 3
13704544899 3
13555580292 3
13845478160 3
13624544201 3
15946562150 3
18845400707 3
13945470170 3
15904545176 3
13512681747 3
13945458526 3
15945884020 3
18724217760 3
13945463783 3
13796355153 3
15946568611 3
13644542771 3
15046469981 3
13803661281 3
13836663273 3
13555582587 3
13734546540 3
15204543973 3
18249823123 3
18249255558 3
15945881836 3
18204540871 3
13555585675 3
15945886511 3
15046492685 3
13512661275 3
13946429895 3
18304544448 3
18745480885 3
18245499685 3
13945497189 3
13512683561 3
15246494809 3
15164513342 3
13836658040 3
18249264447 3
15046495580 3
15246498810 3
13803660638 3
18204543297 3
18714548683 3
13664549429 3
18245490484 3
13846164300 3
15845450232 3
18845495345 3
13734540051 3
15845452950 3
13555589134 3
15946552975 3
18249266665 3
15904548749 3
13512670342 3
13803654698 3
13555596483 3
15245453673 3
13945487736 3
13836667172 3
18724214919 3
18245471583 3
18304549021 3
15214663297 3
13644542568 3
13846190439 3
15145490629 3
15145456151 3
15246463362 3
13945499224 3
13634545986 3
13604542001 3
15904546032 3
18745478785 3
13845401767 3
18249825893 3
18804541345 3
18249249916 3
13946451781 3
18245470689 3
18245459967 3
13846151607 3
18249263658 3
15945885929 3
13704542380 3
13846161459 3
13624542946 3
13614690150 3
13644544731 3
18249242249 3
18204549397 3
15045417602 3
18249245450 3
13846183007 3
13803660334 3
18249262102 3
18249262103 3
13846138408 3
13845475594 3
13603697761 3
18745465753 3
18204541782 3
15046464601 3
18249255710 3
18724213506 3
18304543838 3
15214660825 3
15846999923 3
13846180070 3
13555581325 3
15845452276 3
13644545430 3
13903683917 3
13846179815 3
18249825707 3
13704549536 3
13603697353 3
13634545436 3
15246468389 3
15845400927 3
18304543836 3
15245480236 3
15945403190 3
13604544056 3
13504545048 3
13614541657 3
15164512958 3
15145454535 3
13946450796 3
13555580603 3
13846165518 3
18245476360 3
13504543569 3
18249822599 3
18245498241 3
15164514812 3
18245461799 3
15246491500 3
18724225609 3
13512674479 3
13945452865 3
13836664621 3
13836664721 3
13903681921 3
18724541725 3
18714543221 3
18304546269 3
15246492599 3
15945880791 3
13512678265 3
15204544447 3
13945462970 3
13946444474 3
13704546748 3
13945465810 3
15945401330 3
15845452235 3
18304543401 3
18745488546 3
15214663299 3
15845402850 3
18845497567 3
18249264422 3
15145452692 3
13555581170 3
15945888419 3
13504546093 3
18745483125 3
13512645708 3
15245450759 3
15214660959 3
13846139243 3
13946441872 3
13946440223 3
18249235318 3
13512688503 3
18245461484 3
18804548181 3
13846147758 3
18249269733 3
13946449409 3
18745456290 3
13624542764 3
15945403092 3
15045418086 3
15045411537 3
18249265010 3
18249238786 3
18249825123 3
18745474630 3
13836654850 3
13512684165 3
13836600912 3
18745499583 3
13903687605 3
13846152748 3
18245456026 3
15245457360 3
13945454879 3
18304544466 3
13946401793 3
18249264411 3
15045403719 3
15945889570 3
18249824432 3
15045418528 3
18249263499 3
15045419647 3
18304541451 3
18745461520 3
13946404361 3
15246493930 3
13555593796 3
13512699422 3
15246475992 3
18249260302 3
18245481667 3
13704544945 3
13945466245 3
13644543508 3
13846173671 3
18304549390 3
18249244646 3
15145492239 3
18745471161 3
13846143364 3
13704547106 3
18204548487 3
15246494847 3
13604549790 3
15945400762 3
13803662951 3
15045405357 3
13803664308 3
13836658875 3
18249260965 3
13512647297 3
13845402402 3
18245456546 3
13624540360 3
15246463647 3
18304546275 3
18745456580 3
13803655181 3
18249822517 3
13624549136 3
13846166199 3
18245493385 3
13903687350 3
13634545115 3
18245485970 3
15946556737 3
13555582489 3
13555591981 3
13604545285 3
18724216948 3
13512665815 3
18745482087 3
13555580280 3
13803660041 3
13846176268 3
13512687038 3
15946559360 3
13903686886 3
13845457537 3
18245489242 3
15045419190 3
13846181108 3
13945466443 3
15845403703 3
18249240106 3
15246463747 3
13846199911 3
15246467375 3
15246463322 3
13836601577 3
13846180690 3
15846999262 3
15846999745 3
15946566292 3
15045409321 3
13664543299 3
18245455087 3
13512664538 3
18804547867 3
13836603879 3
18245497080 3
13624549995 3
13946428160 3
13704860280 3
15904549799 3
13845413236 3
13846137123 3
18804541977 3
13836608371 3
13846178620 3
13945497611 3
13512672810 3
15046493542 3
13846133093 3
13945480016 3
13504542471 3
15046462605 3
13845478141 3
13846147543 3
13846158638 3
13603691752 3
13796350769 3
18245469136 3
18204545677 3
15145490949 3
13555594623 3
13803668733 3
15145457446 3
15945889807 3
18724546680 3
15204543623 3
18304548498 3
15246461115 3
18845404618 3
13846197318 3
13836663620 3
15246491091 3
13846175837 3
15046494873 3
13845450738 3
15845457436 3
13512662810 3
13946471700 3
13836600342 3
18745458822 3
18249261885 3
13846138358 3
15245488229 3
13704544708 3
13512681975 3
13846154240 3
15204544568 3
15145459683 3
13512673138 3
18249246111 3
13504546937 3
18845486123 3
18804548789 3
13836650183 3
18245456277 3
13945471359 3
13555592292 3
15204543735 3
13945471707 3
18249260114 3
18745484545 3
13555590635 3
18245488027 3
13512666790 3
13603695930 3
18745468246 3
18724220763 3
18245481335 3
18745475778 3
13846141637 3
18845401288 3
13512668656 3
15046466679 3
13946403078 3
13946441079 3
18745480293 3
15945887196 3
13946428632 3
15246460006 3
13845457053 3
18745472378 3
13512699340 3
13512686592 3
18745462798 3
18724544533 3
18745452136 3
13945469420 3
15214661511 3
13504541886 3
13945459671 3
18245466685 3
18249239890 3
15904545813 3
15845457318 3
13846142039 3
13512668049 3
13734544480 3
15245483539 3
13664542313 3
18204543388 3
18304549321 3
13604548934 3
15246483522 3
18245498528 3
13664544404 3
18804547288 3
15245450486 3
15945889457 3
13846164465 3
13845458308 3
15846992292 3
13846156265 3
13555593746 3
13704866560 3
13704544069 3
15046468001 3
18304549699 3
18724542607 3
18745458681 3
13803658655 3
13803654528 3
18245465801 3
13904549613 3
13945486832 3
15845401399 3
13945485991 3
13836643247 3
13946423089 3
15945884458 3
13945469033 3
13614698712 3
15214665709 3
13836615862 3
13555593547 3
18245471894 3
13836615906 3
18804547286 3
15246478782 3
15945885626 3
18304541727 3
13946425061 3
13644549338 3
13684544914 3
13845470253 3
18304542747 3
13664541320 3
13634543005 3
18745483395 3
13604542723 3
13704862384 3
13946472326 3
13555585453 3
18845403032 3
18804546105 3
15246475978 3
18304541598 3
13555586316 3
13846154707 3
18745462300 3
18245478002 3
13836643573 3
13845470216 3
13803652606 3
13684549130 3
13845456834 3
18249250198 3
13945470938 3
18249825630 3
13846157768 3
13664549653 3
13614696933 3
18249828842 3
13684549619 3
18245472040 3
13555588031 3
13845417282 3
13504540606 3
13846148616 3
13846180390 3
13803661336 3
18249247948 3
18804542299 3
13836641553 3
15946561236 3
13634543875 3
14745683396 3
13555581417 3
13512664156 3
15246461133 3
13734545580 3
13614541080 3
15045405065 3
18724228931 3
18249249543 3
18745485395 3
13555589984 3
15246462965 3
18304545614 3
13846130694 3
13836648831 3
18304549658 3
18204541815 3
13504540886 3
15845452319 3
13614541810 3
13684547906 3
18304549765 3
15145456493 3
13846161715 3
15945880086 3
13604863669 3
18724229805 3
13734548705 3
13946429954 3
18245472775 3
13845451198 3
18304543087 3
15946569522 3
15845408601 3
18714546600 3
15246492095 3
13704545351 3
15245487438 3
13846185174 3
13845412342 3
15145496663 3
14745682832 3
13836652941 3
13555585052 3
15846991852 3
13704543231 3
13664544728 3
13946404132 3
18245452683 3
18245470675 3
15246467393 3
18249243898 3
18249825847 3
13604545786 3
18204543912 3
18204543971 3
18249824197 3
13846137990 3
15904548909 3
18249824150 3
13512669561 3
13845454359 3
13845410498 3
15204541731 3
13946404945 3
15846999270 3
13945468600 3
13555583753 3
13945470399 3
13945465177 3
15245480443 3
18249237560 3
18304543408 3
15045415083 3
15145498109 3
15145488090 3
18245498031 3
13845477659 3
13846161776 3
13945484325 3
13684546429 3
13836649691 3
18249260308 3
15046491535 3
15904541081 3
13845411936 3
13846163480 3
13512681976 3
13946445316 3
13604540186 3
13836604159 3
18745491049 3
18245499639 3
15245455062 3
18245452429 3
18745488617 3
15145456045 3
18845409345 3
13796354329 3
18249824981 3
13946426414 3
13555599174 3
15904542105 3
13634541711 3
18745480455 3
13504543603 3
13664540936 3
18245465519 3
18249829708 3
18249827726 3
13846152373 3
13704868821 3
18245457001 3
13903687882 3
15046463296 3
13603699786 3
18724221339 3
18204542795 3
18204549637 3
13664543869 3
13836604663 3
15045404030 3
15145491605 3
18245479342 3
13644540208 3
13734548395 3
15045415737 3
13846169078 3
13845405337 3
18724224411 3
15845400382 3
15904540809 3
13836643711 3
18724224422 3
15045418520 3
18745469027 3
15246461206 3
15214669685 3
18304544088 3
18745488738 3
13846151679 3
13845451606 3
13845475523 3
18245462851 3
13512674871 3
15045409450 3
13604545396 3
13604549761 3
13504698354 3
18245471425 3
18249268098 3
18249268097 3
13555595400 3
18304543072 3
13946455794 3
13845453079 3
13604863751 3
18245458965 3
13512674913 3
13946423302 3
13512667283 3
13555580197 3
13836600373 3
13836600395 3
18304549411 3
13796352780 3
15904549292 3
15145459257 3
13512649118 3
18845403321 3
18304541132 3
13946473956 3
13845475404 3
15046493088 3
13624547695 3
15246486602 3
13836640249 3
13704863868 3
18845487111 3
13684545269 3
15246467911 3
18245486606 3
13946402009 3
18845400396 3
13846146139 3
13946443093 3
13946451157 3
13945485332 3
15204549896 3
15164513434 3
13512687531 3
18204549072 3
15846998421 3
13946420609 3
18304541788 3
15946563987 3
13836648077 3
15946550072 3
13946426334 3
18724210639 3
18249823028 3
18249823029 3
18245455405 3
13604865937 3
18304548670 3
18745474543 3
15046464350 3
13845475337 3
13904545623 3
13846156571 3
18745465901 3
13803652845 3
13803654821 3
13946421810 3
13846139624 3
13603696582 3
18745458359 3
18304549350 3
15845451564 3
13946449202 3
13704860573 3
15145492316 3
13836656617 3
18245499762 3
13603691390 3
18304541153 3
15714668366 3
15846999414 3
15246463163 3
15246499941 3
15204545727 3
15145450980 3
13945452632 3
15204546967 3
18745482900 3
13664542383 3
15046465409 3
15245481520 3
13946429951 3
13845471413 3
15245485551 3
15846998492 3
15246468640 3
15046466807 3
15846993348 3
13836643162 3
18245460963 3
18245452390 3
15845454411 3
18245461489 3
13512678529 3
13512671742 3
13604868799 3
15845450730 3
18249244065 3
18845404123 3
15214661031 3
13903687402 3
15245480081 3
13603699623 3
13945475447 3
13845452261 3
13836641196 3
13946402719 3
18304549428 3
13796356939 3
13846130968 3
18204546829 3
13604542956 3
18845482222 3
18245485448 3
13512676590 3
18204546816 3
15246480305 3
13846161826 3
15046462373 3
15246487211 3
15045419660 3
18249824900 3
15046499389 3
18845409688 3
13704545895 3
13704541151 3
15946565671 3
18724226176 3
18249236561 3
13644540121 3
13836642398 3
18804543345 3
18745484002 3
18804540521 3
13512663515 3
13945481697 3
13504544940 3
13504544948 3
18245484876 3
18249260548 3
18745471705 3
13644541676 3
18724223459 3
18745478955 3
18745499159 3
15145488506 3
13903687638 3
13803669282 3
18304542670 3
18204548189 3
15145498803 3
13555599163 3
13604543732 3
13945473150 3
15246482661 3
13946409436 3
18845400188 3
13512643405 3
15145495513 3
13945489315 3
13603697907 3
18304543023 3
15946550736 3
13512668946 3
13603698689 3
15845450461 3
13946473045 3
18249267167 3
15046469448 3
18804543828 3
18204541668 3
13796355763 3
18245468429 3
13704546970 3
18249247223 3
15804541947 3
18304547675 3
18249828445 3
18804541983 3
18245467889 3
13512681646 3
13555592394 3
18204549321 3
15246473348 3
15845458530 3
15246470667 3
13555599541 3
18304541330 3
18304541332 3
15045405893 3
15846997866 3
15164513377 3
18745459195 3
18249828382 3
18304548681 3
18304547475 3
13846168581 3
18304542096 3
13845418293 3
13512644719 3
15904549033 3
15246470768 3
18745489183 3
13946446978 3
18804541572 3
13836653816 3
13704548271 3
18245460540 3
15045413681 3
15145454551 3
13846143889 3
13846165313 3
13946400936 3
18245475435 3
13803653892 3
18304543511 3
18249822826 3
15145499320 3
15045401289 3
13845478235 3
18804546345 3
13512681651 3
15046492836 3
13504546618 3
13846138276 3
13614696969 3
13512671676 3
15846995263 3
13704860198 3
13512678649 3
18724226682 3
15846993682 3
13614694356 3
13504542140 3
18304543200 3
15145494440 3
15946566780 3
18245465865 3
13796353433 3
15245450828 3
13846130928 3
18249825696 3
13603695656 3
15946560035 3
15245451843 3
18304543361 3
13845416882 3
18304549918 3
13603695805 3
13644540917 3
13604863545 3
15145450579 3
13903684652 3
18845494333 3
13604866553 3
18249236218 3
18745460732 3
13604864830 3
18245495156 3
13836605590 3
13946449493 3
13512689793 3
13684548451 3
18724548628 3
15246461939 3
18304543306 3
18245475979 3
13945466717 3
13845457228 3
13504696330 3
18249263370 3
13846164542 3
18245465915 3
18245472435 3
15045412576 3
15246475476 3
14745682682 3
13946471325 3
13504697980 3
13796352582 3
18245488180 3
18304548680 3
13555595101 3
15845403643 3
13846162841 3
18304542095 3
15046461421 3
13512645538 3
13946473751 3
13512649502 3
18745494948 3
18249249639 3
13903687778 3
15845457692 3
13512646439 3
13512649140 3
13945486503 3
13904548719 3
13846147021 3
18249250128 3
15846998193 3
18745486071 3
13903689038 3
15145451586 3
13904546183 3
18249247554 3
13684545993 3
13504548177 3
15045419748 3
13734546075 3
13846139712 3
13845451340 3
18245468195 3
18245480981 3
18204542436 3
15845409682 3
18245493066 3
18245496991 3
15145455279 3
15246498959 3
18245496326 3
18249262237 3
18249262236 3
13845405649 3
15045411565 3
18845489999 3
13846183432 3
13704541680 3
18845460001 3
18304544622 3
15804547809 3
15946550230 3
13796350272 3
15045413339 3
18304545090 3
13634545681 3
18245450377 3
18245475539 3
18304542733 3
13903681187 3
18249251715 3
15145499447 3
13836601495 3
18804541516 3
15845455140 3
13903680160 3
18745492092 3
13846139290 3
15245485621 3
18245457773 3
18804541819 3
15245489587 3
15945883831 3
15246475987 3
18304544399 3
18245499717 3
18745472037 3
13846183803 3
13845404825 3
13704543791 3
13846162602 3
13836601489 3
15145494903 3
18245454966 3
15164518735 3
13734547433 3
15846994689 3
18204543609 3
13704860275 3
15145455349 3
18245496710 3
15045413627 3
13846171582 3
18714540099 3
18304545078 3
15214666729 3
15204544211 3
13603696893 3
15145490957 3
18249268099 3
18249237599 3
13836606280 3
15245481046 3
18724549919 3
18204546387 3
13845405972 3
15045411300 3
18249267978 3
13603697856 3
18204541699 3
18304548144 3
15145457963 3
13734549432 3
18304544009 3
13512661710 3
18245468370 3
18249261158 3
13846172780 3
13614697362 3
13796358208 3
15845458290 3
18304545101 3
15946552721 3
18304544001 3
15045401512 3
13846150120 3
13704866683 3
18249264982 3
18249268055 3
13836600916 3
13836655439 3
18245461823 3
13945470586 3
15846998849 3
13904547393 3
15945882405 3
13604546400 3
13836649806 3
13803650054 3
13836603186 3
13512660913 3
18249825676 3
15164514424 3
18745485270 3
13555588056 3
13803661981 3
18745477778 3
18745486409 3
13836643434 3
15145458538 3
18304549517 3
15246479964 3
13614699556 3
18724219485 3
15145497873 3
18745475086 3
18845400353 3
18245479376 3
18204548611 3
13555581837 3
15245453639 3
13836656280 3
13603693421 3
15145492660 3
13945473312 3
13946453910 3
18745463758 3
15214661448 3
13846151338 3
13903680431 3
18304544716 3
13704544424 3
15846993676 3
18204548122 3
13796354970 3
18304546414 3
13946427306 3
18304546515 3
18745464933 3
18249825928 3
18304545084 3
13846196237 3
13512686219 3
15846990595 3
13946458337 3
13512672562 3
13512649485 3
13845473125 3
18245489340 3
15045415620 3
18745453067 3
13604541306 3
15904549712 3
13845459668 3
15245483606 3
18745475297 3
18304549386 3
15164511308 3
13803651306 3
13836608329 3
15904542426 3
15245482151 3
15845451794 3
13945499264 3
18204545738 3
13704860257 3
13846199689 3
13836641710 3
13845406507 3
13512649248 3
15245451506 3
13836664937 3
13946445420 3
15164512054 3
18804542521 3
13512689862 3
15046492735 3
18804545508 3
15245456738 3
15204541653 3
13946473935 3
15145454637 3
13846148935 3
15804542720 3
18245499153 3
13512689061 3
18724224236 3
13512678560 3
13946402859 3
18245452495 3
18204540055 3
15946559618 3
18245451825 3
13704540351 3
15804541119 3
15245485737 3
18204548482 3
15245454593 3
18304543036 3
15164511110 3
18245455543 3
15945881623 3
13846140753 3
18745496751 3
18745458014 3
15046491901 3
15904544875 3
13846144151 3
13512644343 3
13846160279 3
13846131670 3
13845406229 3
13846155429 3
15214661561 3
18304549518 3
18245482625 3
13504548787 3
15945402760 3
13946452525 3
13555595994 3
15164513652 3
18249237895 3
13846192785 3
13846135617 3
13903680366 3
18249252615 3
13803658620 3
13504548763 3
15214662019 3
13644542557 3
15846999882 3
18745482673 3
18245470023 3
18304545076 3
18245465816 3
18249828681 3
13946446723 3
18249243100 3
13846158835 3
13684545718 3
13512661291 3
15046462441 3
15246480367 3
13504548918 3
15246461288 3
18204544329 3
18249249957 3
13704549225 3
18245450163 3
13603693798 3
15145458133 3
13555582467 3
18724222959 3
18245485008 3
15846991586 3
13512679275 3
18249249028 3
18745462490 3
15046491790 3
13603699626 3
13614544032 3
18304542718 3
15804548250 3
18714541767 3
18245454885 3
13803664181 3
13946402917 3
18245493717 3
18204543251 3
13555584077 3
15246466621 3
18745462962 3
18249260358 3
15145455528 3
18249824012 3
13846151562 3
13604864235 3
18249255081 3
13512673081 3
13684548398 3
13604545257 3
18249263867 3
13504546608 3
18249248337 3
18245488085 3
13836646519 3
18249247663 3
13846177398 3
13684540177 3
13846183105 3
13845403188 3
13674544548 3
18249824980 3
13704548535 3
15946561974 3
18245493735 3
18245493719 3
18249247233 3
15204542634 3
15214668532 3
13644548984 3
18245493992 3
13603692633 3
13845475628 3
15845456673 3
13512698025 3
18249250150 3
15214669084 3
15245455521 3
15845458287 3
18245493991 3
18304545068 3
13704866129 3
15145489292 3
18745477687 3
18249826885 3
18745455811 3
13512699296 3
18304542157 3
15945401898 3
13512645118 3
18745485471 3
13904548398 3
15246475852 3
18745488447 3
13945460098 3
15245450911 3
13555593221 3
13512661922 3
18245493100 3
18245452422 3
15246473876 3
15904549733 3
13846130080 3
15045405211 3
18245473987 3
13634543187 3
15164510799 3
13836600876 3
15246490600 3
18745499866 3
13846182539 3
15845453042 3
13845479346 3
13903644418 3
18304549876 3
13512679233 3
15904540551 3
18249244421 3
13836651225 3
18745462520 3
15245459922 3
13614699711 3
18745481039 3
15246480275 3
18245498587 3
13644684813 3
13504546878 3
13846195115 3
13946408842 3
13555597827 3
13846199223 3
15246462967 3
13512672597 3
13946424673 3
18245498589 3
13512699873 3
15845451750 3
15164512445 3
15214668257 3
15804544798 3
18249249328 3
13684543765 3
18845489664 3
13845415769 3
13846162087 3
18745490695 3
13512679821 3
13512670119 3
13512675131 3
18249240750 3
13512649573 3
18714544196 3
15904549635 3
15046464656 3
13634545014 3
15946552875 3
15204546103 3
13614694296 3
13946447544 3
13684544363 3
13504547704 3
18304549025 3
15804540085 3
15804546536 3
15046469042 3
15246482621 3
15765318400 3
15765314622 3
15765316120 3
15765348546 3
15765304913 3
15765317505 3
15765304260 3
15765312038 3
15765314753 3
15765349735 3
15765349162 3
15765348415 3
15765305390 3
15765305406 3
15765347275 3
15765305260 3
13836615341 3
15765316862 3
15765317047 3
15765317151 3
15765316415 3
15765313932 3
15904547697 3
15246463424 3
15845454172 3
13704548216 3
18249255527 3
18724212162 3
15045410257 3
15765345783 3
15765345669 3
15765347541 3
15765347552 3
13704864548 3
18745454288 3
18724221918 3
18245491964 3
13836609493 3
13555582197 3
15145490061 3
18745457145 3
18304549687 3
15145496739 3
13624546048 3
18249261715 3
18745485954 3
18845414871 3
13603693045 3
18845495628 3
15845457197 3
18745494838 3
15214666644 3
18204540848 3
15754547790 3
13684547703 3
18845418894 3
13604864158 3
18845490637 3
15774545205 3
18245457815 3
15765353068 3
18724549746 3
18249243626 3
13946424307 3
13946444200 3
18804548491 3
13512647208 3
15245488305 3
15214667349 3
18804544672 3
18745491456 3
13836640651 3
15846997942 3
13803657780 3
18845405332 3
13796359030 3
15774548545 3
18845407313 3
15904547089 3
13512676647 3
13603692938 3
15045417838 3
13603696473 3
18845411878 3
18714540143 3
15945880573 3
15246499565 3
13796352190 3
13946449575 3
18249266767 3
18845411441 3
13644542676 3
15214664855 3
13845478657 3
13946474627 3
13946456125 3
15765302399 3
18845486614 3
15245451274 3
13664544295 3
18245491284 3
18724541291 3
15214667897 3
13945479491 3
15246491223 3
13624541830 3
18745462952 3
13704866179 3
13512647438 3
13846147208 3
13512698202 3
13603694002 3
18724220949 3
18249236509 3
18249252491 3
13946474369 3
18249239295 3
15765340988 3
13903685162 3
13603698257 3
18745450276 3
18745457648 3
15204546430 3
13945485115 3
15046499361 3
15946567651 3
13945451285 3
13946403573 3
13614693386 3
15765322496 3
18724218601 3
13846189907 3
18845486092 3
13644549904 3
13614541236 3
15804548947 3
15765397157 3
15164517976 3
13836642058 3
18724229793 3
18204549248 3
