13945487976 1
13512667089 1
15046460585 1
18204545508 1
18714541395 1
18204545017 1
13634544192 1
18304543661 1
18245451823 1
15145495949 1
13504549714 1
13803659178 1
18745466205 1
15046469379 1
13504549884 1
13846182426 1
18845498601 1
15214660886 1
15245480781 1
13846146492 1
13604865148 1
15946559269 1
13845473435 1
18245486851 1
15245458493 1
18714542816 1
18714542816 1
15845402400 1
13846168815 1
13845418803 1
13846183775 1
15845457137 1
13603695606 1
13704545049 1
13846146568 1
13555599395 1
13845475822 1
13512666771 1
13512666770 1
13555595211 1
13846176249 1
13734544447 1
15904545689 1
13512682385 1
15045400423 1
15845453240 1
15045400023 1
13512666611 1
13945457296 1
13512662669 1
15246477119 1
15846991678 1
13846174093 1
13845450919 1
13512677500 1
15765343140 1
15765341217 1
15764547888 1
15764547888 1
18724211314 1
13512641277 1
13946406137 1
13634543380 1
15946553256 1
15846998675 1
13945467860 1
13846154385 1
13904549126 1
15145496970 1
13555587797 1
13604865040 1
13845451827 1
15145492793 1
13903688408 1
13512677620 1
13504545236 1
15204544299 1
15845402003 1
13945456623 1
13846132587 1
13836643016 1
13603696742 1
15046466088 1
15045405270 1
15046466867 1
13846191148 1
13846182401 1
13803660126 1
13946450717 1
15164517090 1
13945480051 1
13945455836 1
13803651620 1
13836644783 1
13945451455 1
13945487558 1
15245457844 1
13836663585 1
15946562600 1
18204548646 1
15164515188 1
13945483765 1
13846179158 1
13845410920 1
15204547152 1
13704867636 1
13846165858 1
15145458888 1
15145456888 1
13845456957 1
13604867040 1
13836603150 1
13704540734 1
13903683087 1
13903680188 1
13836664447 1
13836656903 1
13512667118 1
18845499088 1
13512664118 1
13624655777 1
13624655777 1
13604547140 1
13846153422 1
13836607801 1
13845416785 1
13512684625 1
13796352078 1
13845472832 1
13945478782 1
13604547311 1
13946454560 1
13803656184 1
13664548388 1
13604547172 1
13803667820 1
13555599909 1
13734541106 1
13946420149 1
13704542189 1
13614695432 1
13946454144 1
15945402368 1
13836642127 1
13946455124 1
15946554435 1
13664545899 1
13845405749 1
13845473617 1
15946553052 1
13614697882 1
13704549746 1
13603698355 1
13836667754 1
13614544545 1
15946563361 1
13803653440 1
13504698933 1
13845473527 1
13555583294 1
13504547693 1
13614692227 1
13845410571 1
13803654325 1
13512645243 1
13945469953 1
15946553996 1
15764545888 1
15904547136 1
15046461895 1
15164516360 1
13624544738 1
13803655577 1
13946450188 1
13555587490 1
15246493841 1
15145489619 1
13644549646 1
13684541815 1
18845421611 1
13903684720 1
13555596766 1
13946403900 1
13945484438 1
15164516077 1
15045400874 1
13846159694 1
15946563393 1
13945470996 1
13903680648 1
13684548642 1
13644546290 1
15246475824 1
15246475834 1
13945468223 1
13946441791 1
15246464646 1
13845404026 1
15845404994 1
15904540444 1
15245453356 1
15045408658 1
13624543117 1
15204542900 1
15904542157 1
13512648056 1
13512674434 1
13945471911 1
13512668909 1
15246485023 1
13803650780 1
15145493360 1
13624543431 1
13512682312 1
13846165026 1
13803661274 1
13624547958 1
13614696602 1
13846177958 1
15245483779 1
13512667747 1
18245457445 1
18845401828 1
13512687883 1
18245458577 1
15845459001 1
13512646677 1
13704869050 1
18724216227 1
13664546264 1
18245476634 1
13603695094 1
15145451222 1
13704862873 1
15245453392 1
15046460086 1
13945470961 1
15245480488 1
13946421214 1
13614690354 1
13836607159 1
13624652078 1
15046461974 1
13634547247 1
13512677196 1
13846140028 1
15246476188 1
13845419680 1
15245486758 1
13903680696 1
15046495131 1
13846181078 1
15164515386 1
18745499018 1
13846130923 1
13644545123 1
15046462802 1
13624546864 1
18724544722 1
15046496229 1
13504540393 1
18724540303 1
13604866620 1
18745476087 1
18845493210 1
15246499426 1
13846173267 1
18245487018 1
15946565259 1
18745482709 1
18745461902 1
13664545753 1
18714545067 1
13945488365 1
13845409823 1
13836640686 1
13512675658 1
13945476843 1
18745471761 1
18724218679 1
18724218679 1
18714545430 1
18745456222 1
18249247333 1
18745488331 1
13684542748 1
15145499012 1
13624549575 1
15245481123 1
15845452223 1
15145450085 1
13555583957 1
18245481785 1
18204542920 1
13846187865 1
13903684715 1
18204548125 1
18245499975 1
18724548880 1
13846147153 1
13512640074 1
13945463985 1
15845458260 1
13644549503 1
15246491218 1
13624544778 1
13846130886 1
18245456150 1
15046464662 1
18245457373 1
18724211199 1
13614697234 1
13946409035 1
18745468896 1
18324547667 1
15904542428 1
18249826767 1
15204543695 1
13603694437 1
18249821033 1
13644546288 1
18245454369 1
15245485852 1
15946562655 1
13946472495 1
18204548024 1
13846183428 1
18745408666 1
13604868300 1
15145454988 1
15845450049 1
13836660363 1
13836602811 1
13664540225 1
13664548579 1
13945457803 1
13945457803 1
13846197932 1
18204548405 1
18745490659 1
18745481942 1
18724216528 1
15946553066 1
13734549994 1
18245465867 1
15214666648 1
13846155253 1
13512663040 1
15045409832 1
18745479515 1
13512674956 1
13644541135 1
18745456323 1
13946442879 1
13946442879 1
13604868568 1
18245462102 1
15204540444 1
18745479118 1
18745467800 1
18249257567 1
18745490436 1
15904549042 1
15214666649 1
18745452568 1
15245485610 1
18724548833 1
13845419519 1
15946554989 1
13836662097 1
15164511009 1
13946451017 1
15145452041 1
13946474835 1
15164513668 1
13904544388 1
13946445265 1
13684546748 1
15246489777 1
15845458705 1
13704541460 1
13945482782 1
15045405107 1
15045405107 1
13846151017 1
15204540395 1
18245468100 1
15214665288 1
15214660629 1
15904545155 1
13555586498 1
18745484394 1
15046468117 1
18745491681 1
15214665004 1
13796352218 1
15246469189 1
15245452678 1
15145499494 1
13846171327 1
13512683718 1
15804546155 1
18745495866 1
13796351483 1
15245485853 1
13946428988 1
15945883175 1
13734543069 1
13946455410 1
13946455410 1
15245489257 1
13614544653 1
13836615643 1
15214664821 1
15246478952 1
13604863810 1
18745499120 1
18245456598 1
13836640075 1
13614699786 1
18804541779 1
15246494998 1
18845497339 1
15214660377 1
15246464015 1
15845455543 1
13704545725 1
15246464208 1
15945888319 1
18745498765 1
13604549598 1
15804543249 1
18845485833 1
18745499770 1
18249248123 1
13845479451 1
18245457424 1
18204549994 1
13845409900 1
13946446035 1
13684545904 1
15214668926 1
13803662781 1
18304543401 1
13846157768 1
15046462163 1
15246486115 1
13846151882 1
15046493542 1
15045405065 1
13946446760 1
15045404030 1
18745462962 1
15845454411 1
15045412576 1
18845460001 1