15146888733
15246837136
13763682327
15945851696
13895922357
15904683747
13846858542
13846809967
13946722373
13846898239
15246817355
13946775991
13946773305
13846850863
13504873993
18249865709
18249865669
13766716936
18249865730
13945764515
13766715983
13846843778
14704689935
13946764676
13946729591
13846877558
13766716968
13946761687
13945760991
13766716307
13634680488
13946748155
13694696028
15145848578
13766710767
13946772726
13766710708
13766710757
13796462985
13846820108
13946772313
13796466043
13846845981
13846839904
13846821946
13846823182
13846823028
15094530051
15094534799
15094535364
15094530700
15246832411
15184659341
13796946947
13846857761
13945755332
15846293779
13803686086
13704642113
15146881700
13946767665
18249865783
13946743973
18249869310
18249869309
13846822897
15945290177
13796946602
15714687017
13846856313
13846847216
13766710081
13846822475
13846852004
15945845990
13846822627
13846854855
13846853448
13846822650
15945292678
13946709040
15946647838
13846821562
13846867885
13904884705
13895920076
13846867399
13946707758
13946722085
13846843577
13766716109
13766716800
13946722637
13846867887
13946722317
15946657837
13846828998
13846867828
13946722123
13946706149
13846827141
13946768234
13796941828
13846829948
13766716300
13846825351
13766718959
13846851960
18249852927
18724689876
13946712939
13846843899
13946769628
13946769823
13846866643
13766716608
13846867894
13846843819
13846867558
18345634677
13946768039
13766716387
13846850803
13946706955
13846850031
13946713894
13766716958
13766718958
13846843278
15945288100
13846836957
13946793933
15846692160
15946646320
13694695776
13504582517
13504582557
13946714110
13766716070
13946741019
15946600770
13846857822
13846820924
13766716612
13946732263
13846850244
15904681985
13796944412
15146817191
13846850843
15246835759
13846852996
15845489364
18204684399
15094511841
15246814921
13846865532
13846829052
13946715658
15146813007
13946797219
13846857825
13796949943
13796468765
13766710711
15945854350
13796949066
13796947965
13846824088
13846853499
13796463708
13945755343
13904684066
13945764226
13846852968
13846856278
13946766231
13846858808
13796945641
13904684946
13946769671
13846865156
13946713998
13946748752
13946767125
13766716861
13763687607
13704643273
13895920667
13846829243
13763689789
13946769584
13763688856
13766716123
13846865855
13846843198
13946719056
13846898617
15945295456
13634683077
13846828128
13846868804
13846814998
13846830498
13846818688
15945810110
15945819216
18249869370
13946712717
13946769871
15246813570
13846888289
18249536123
13846890133
15945813991
18304578898
13846835715
13846801899
15184656088
13846826541
15945298838
18345661253
18346812913
15946639835
18346855005
18346855017
18346855006
18346855008
18346855012
18346855007
18346855009
18346855004
18346855003
18346855014
18346855013
13694695000
18345661075
15945281083
15184653550
15146887821
15146827467
15146850688
14745888887
14745888777
15945286908
13766710541
15145853674
15146827274
15094538357
15146836494
15094510164
18346859372
15846297503
18714683715
18346858560
15945852870
15904683183
15945859135
15094510694
15246837815
15945288670
15945852596
18346858135
18714683975
15945292006
15146854739
15094510762
15145853024
15945853227
15946639350
18746806920
15145854014
15145840841
13694694707
15904682451
15146889280
15904683037
15904683151
15904683036
15945859429
13694695548
13846821058
13763685450
15945285155
13946792821
15904683033
15094510777
13664680656
13684689109
13694695561
13766714730
15945850199
15094510150
13946792548
13946723244
13846859380
13846852468
13846857764
13846852866
13846854350
13664680168
15904683189
15904683077
13694694806
13895922446
15945286477
13684689125
13694695616
13946709397
13846852961
13763684994
15904683029
13694694797
13684689637
18204686892
15146856878
15184659678
15146881833
15146881832
18249855840
18249855841
14745887867
14745887868
14704682688
15146857850
15146860643
18345613511
15146857714
13946712022
13946712004
15094534932
15094534972
13846856262
18345663337
13846847890
15946643215
13846823972
13763683017
15945847946
13846845812
13766712363
13846855568
15946649444
13796948677
18345665557
13946765572
15945291196
13946764522
13766715666
13846822983
13846857771
15945846580
15945846345
13766711812
13504582001
13763684295
18714688697
13763683678
18345660304
15945292617
15846694211
13946709060
15945849976
15946642399
15945286367
15945849987
15904681982
15946642736
13796949633
15946642596
15945298388
15184659527
13846857850
13796464068
13796464139
13846824209
13946712167
13946792422
13796465687
13796465688
13796946777
13946765592
13766715270
13796462873
13766714435
13796464355
13796945778
13846855354
13796468360
13945764055
13796462717
13803686051
13796946665
13946709633
13766710077
13766710531
13796949345
13846820583
13766713336
13766715566
13796949939
13796944356
13846824309
13796462269
13796947000
13763682851
13945764813
13796465668
13796949608
13846858956
13664682686
13946792391
13945764957
13796945222
13766713985
13796949530
13763680069
18714689146
13694694888
13895921099
15946645288
13946764688
13846859119
13846859168
15904682555
13846855072
13946765162
13846846665
13704644577
15946641528
13846824403
13846855246
13946755718
13846852367
13846853120
14704667002
18249531399
13763680070
13694696796
13763681491
13846823976
13763683050
13946723182
13796947148
15945845400
15184653970
15946647979
13796462131
15094534700
13763681789
15946647717
13766713415
13796471839
13796467589
15145854580
13766714172
13796462777
13846846061
13846820999
13763683111
15904683441
13796946855
13846821999
13846820894
13846857288
13946723331
13846855123
13704642218
15945846677
13796464443
13846821576
13945755266
13846856737
13846821557
13684689072
15945845627
13846855598
15845483232
13766711231
13766712217
13796462946
13946708715
15945847886
13796464876
13946723663
15184653898
13766715289
13846845057
13766713786
13766710342
13766714588
13846821487
13796471158
15946641949
13763684558
13766715921
15945298979
13694694388
15946645566
13846822758
13763680966
15945286187
13796948787
13763682880
13846855050
13846854788
13895922199
13846820707
13946765779
13945755354
13796946377
13846856060
13694695736
15094539469
18345663307
13796949589
15945845097
13946708909
13796465851
13763683334
15945845045
13766713202
15946643633
15946643300
13796465355
15945298796
15945298778
15945849719
13763683900
13763683000
13946709995
15945291125
15945847108
13846859881
13766715743
13796464713
15946641718
13846859903
15904682901
15946645512
13846820021
13704642366
18714680637
13796467476
13846845920
13796461766
13766717647
13946713617
13946707084
13846826554
13846826494
13846826934
13846827164
13846827154
13846827241
13846826864
15204684424
15204684434
15204684413
13846827246
15204684417
13846826894
13704643823
15946658371
14704683173
14704683319
15714689121
15714689516
15714689110
15714689440
15714689258
15714689564
18846804712
15204684423
15204684427
13796470753
13846828333
13694693939
13946712692
13846829281
13946707033
13946722758
13846843021
13946767679
13946722371
13946769700
13946748491
13946754488
13946767097
13846843379
13846850402
13796470997
13946767984
13846865571
13796469289
13766719492
13796461071
13796469898
13766717348
13796469287
13796941086
13796461121
13766716076
13796461890
13766719462
13796940634
13796461167
13846865852
13846828787
13803686647
13946754408
13846825710
13946793366
13846867750
13846825233
13946713008
15945857311
13796940082
13796461746
13766718729
13664681116
13664681117
13796942379
13766718547
13796940200
13796943661
13946793491
13895920911
13946713832
13694697885
13763688103
