13704567711|103012567586|58|20170601|20170630|1|6月份逊克纪检委的系统充值
13763697456|103000225971|58|20170601|20170630|1|6月份逊克纪检委的系统充值
13604567778|102000202319|58|20170601|20170630|1|6月份逊克纪检委的系统充值
15945647676|103012567640|58|20170601|20170630|1|6月份逊克纪检委的系统充值
13845697166|103012567433|58|20170601|20170630|1|6月份逊克纪检委的系统充值
13846326521|103001309324|58|20170601|20170630|1|6月份逊克纪检委的系统充值
13945747162|102040064681|58|20170601|20170630|1|6月份逊克纪检委的系统充值
18804562899|103007272468|58|20170601|20170630|1|6月份逊克纪检委的系统充值
13945717812|103008213636|58|20170601|20170630|1|6月份逊克纪检委的系统充值
15754653399|103012567598|58|20170601|20170630|1|6月份逊克纪检委的系统充值
15145671606|103003146435|58|20170601|20170630|1|6月份逊克纪检委的系统充值
13845697444|102041243216|58|20170601|20170630|1|6月份逊克纪检委的系统充值
13763697717|103001390899|58|20170601|20170630|1|6月份逊克纪检委的系统充值
13846542600|102042072422|58|20170601|20170630|1|6月份逊克纪检委的系统充值
18245641616|103012567652|58|20170601|20170630|1|6月份逊克纪检委的系统充值
13945747070|103012562467|58|20170601|20170630|1|6月份逊克纪检委的系统充值
13846339705|103000744121|58|20170601|20170630|1|6月份逊克纪检委的系统充值
13845619880|102000225543|58|20170601|20170630|1|6月份逊克纪检委的系统充值
13845607787|102040220765|58|20170601|20170630|1|6月份逊克纪检委的系统充值
18304569799|103007133166|58|20170601|20170630|1|6月份逊克纪检委的系统充值
15945648418|103012186537|58|20170601|20170630|1|6月份逊克纪检委的系统充值
13845619060|102041097607|58|20170601|20170630|1|6月份逊克纪检委的系统充值
13895909290|103001643078|58|20170601|20170630|1|6月份逊克纪检委的系统充值
18245640555|103006303158|58|20170601|20170630|1|6月份逊克纪检委的系统充值
15245692200|103007516757|58|20170601|20170630|1|6月份逊克纪检委的系统充值
18724569100|103012352227|58|20170601|20170630|1|6月份逊克纪检委的系统充值
13845647899|102000247411|58|20170601|20170630|1|6月份逊克纪检委的系统充值
13846540197|103006326978|58|20170601|20170630|1|6月份逊克纪检委的系统充值
18745661370|103007179552|58|20170601|20170630|1|6月份逊克纪检委的系统充值
18804562918|103011554427|58|20170601|20170630|1|6月份逊克纪检委的系统充值
13845629892|102000233677|58|20170601|20170630|1|6月份逊克纪检委的系统充值
15145670588|103012567574|58|20170601|20170630|1|6月份逊克纪检委的系统充值