1064879640500
1064879640501
1064879640502
1064879640503
1064879640504
1064879640505
1064879640506
1064879640507
1064879640508
1064879640509
1064879640510
1064879640511
1064879640512
1064879640513
1064879640514
1064879640515
1064879640516
1064879640517
1064879640518
1064879640519
1064879640520
1064879640521
1064879640522
1064879640523
1064879640524
1064879640525
1064879640526
1064879640527
1064879640528
1064879640529
1064879640530
1064879640531
1064879640532
1064879640533
1064879640534
1064879640535
1064879640536
1064879640537
1064879640538
1064879640539
1064879640540
1064879640541
1064879640542
1064879640543
1064879640544
1064879640545
1064879640546
1064879640547
1064879640548
1064879640549
1064879640550
1064879640551
1064879640552
1064879640553
1064879640554
1064879640555
1064879640556
1064879640557
1064879640558
1064879640559
1064879640560
1064879640561
1064879640562
1064879640563
1064879640564
1064879640565
1064879640566
1064879640567
1064879640568
1064879640569
1064879640570
1064879640571
1064879640572
1064879640573
1064879640574
1064879640575
1064879640576
1064879640577
1064879640578
1064879640579
1064879640580
1064879640581
1064879640582
1064879640583
1064879640584
1064879640585
1064879640586
1064879640587
1064879640588
1064879640589
1064879640590
1064879640591
1064879640592
1064879640593
1064879640594
1064879640595
1064879640596
1064879640597
1064879640598
1064879640599
1064879640600
1064879640601
1064879640602
1064879640603
1064879640604
1064879640605
1064879640606
1064879640607
1064879640608
1064879640609
1064879640610
1064879640611
1064879640612
1064879640613
1064879640614
1064879640615
1064879640616
1064879640617
1064879640618
1064879640619
1064879640620
1064879640621
1064879640622
1064879640623
1064879640624
1064879640625
1064879640626
1064879640627
1064879640628
1064879640629
1064879640630
1064879640631
1064879640632
1064879640633
1064879640634
1064879640635
1064879640636
1064879640637
1064879640638
1064879640639
1064879640640
1064879640641
1064879640642
1064879640643
1064879640644
1064879640645
1064879640646
1064879640647
1064879640648
1064879640649
1064879640650
1064879640651
1064879640652
1064879640653
1064879640654
1064879640655
1064879640656
1064879640657
1064879640658
1064879640659
1064879640660
1064879640661
1064879640662
1064879640663
1064879640664
1064879640665
1064879640666
1064879640667
1064879640668
1064879640669
1064879640670
1064879640671
1064879640672
1064879640673
1064879640674
1064879640675
1064879640676
1064879640677
1064879640678
1064879640679
1064879640680
1064879640681
1064879640682
1064879640683
1064879640684
1064879640685
1064879640686
1064879640687
1064879640688
1064879640689
1064879640690
1064879640691
1064879640692
1064879640693
1064879640694
1064879640695
1064879640696
1064879640697
1064879640698
1064879640699
1064879640700
1064879640701
1064879640702
1064879640703
1064879640704
1064879640705
1064879640706
1064879640707
1064879640708
1064879640709
1064879640710
1064879640711
1064879640712
1064879640713
1064879640714
1064879640715
1064879640716
1064879640717
1064879640718
1064879640719
1064879640720
1064879640721
1064879640722
1064879640723
1064879640724
1064879640725
1064879640726
1064879640727
1064879640728
1064879640729
1064879640730
1064879640731
1064879640732
1064879640733
1064879640734
1064879640735
1064879640736
1064879640737
1064879640738
1064879640739
1064879640740
1064879640741
1064879640742
1064879640743
1064879640744
1064879640745
1064879640746
1064879640747
1064879640748
1064879640749
1064879640750
1064879640751
1064879640752
1064879640753
1064879640754
1064879640755
1064879640756
1064879640757
1064879640758
1064879640759
1064879640760
1064879640761
1064879640762
1064879640763
1064879640764
1064879640765
1064879640766
1064879640767
1064879640768
1064879640769
1064879640770
1064879640771
1064879640772
1064879640773
1064879640774
1064879640775
1064879640776
1064879640777
1064879640778
1064879640779
1064879640780
1064879640781
1064879640782
1064879640783
1064879640784
1064879640785
1064879640786
1064879640787
1064879640788
1064879640789
1064879640790
1064879640791
1064879640792
1064879640793
1064879640794
1064879640795
1064879640796
1064879640797
1064879640798
1064879640799
1064879640800
1064879640801
1064879640802
1064879640803
1064879640804
1064879640805
1064879640806
1064879640807
1064879640808
1064879640809
1064879640810
1064879640811
1064879640812
1064879640813
1064879640814
1064879640815
1064879640816
1064879640817
1064879640818
1064879640819
1064879640820
1064879640821
1064879640822
1064879640823
1064879640824
1064879640825
1064879640826
1064879640827
1064879640828
1064879640829
1064879640830
1064879640831
1064879640832
1064879640833
1064879640834
1064879640835
1064879640836
1064879640837
1064879640838
1064879640839
1064879640840
1064879640841
1064879640842
1064879640843
1064879640844
1064879640845
1064879640846
1064879640847
1064879640848
1064879640849
1064879640850
1064879640851
1064879640852
1064879640853
1064879640854
1064879640855
1064879640856
1064879640857
1064879640858
1064879640859
1064879640860
1064879640861
1064879640862
1064879640863
1064879640864
1064879640865
1064879640866
1064879640867
1064879640868
1064879640869
1064879640870
1064879640871
1064879640872
1064879640873
1064879640874
1064879640875
1064879640876
1064879640877
1064879640878
1064879640879
1064879640880
1064879640881
1064879640882
1064879640883
1064879640884
1064879640885
1064879640886
1064879640887
1064879640888
1064879640889
1064879640890
1064879640891
1064879640892
1064879640893
1064879640894
1064879640895
1064879640896
1064879640897
1064879640898
1064879640899
1064879640900
1064879640901
1064879640902
1064879640903
1064879640904
1064879640905
1064879640906
1064879640907
1064879640908
1064879640909
1064879640910
1064879640911
1064879640912
1064879640913
1064879640914
1064879640915
1064879640916
1064879640917
1064879640918
1064879640919
1064879640920
1064879640921
1064879640922
1064879640923
1064879640924
1064879640925
1064879640926
1064879640927
1064879640928
1064879640929
1064879640930
1064879640931
1064879640932
1064879640933
1064879640934
1064879640935
1064879640936
1064879640937
1064879640938
1064879640939
1064879640940
1064879640941
1064879640942
1064879640943
1064879640944
1064879640945
1064879640946
1064879640947
1064879640948
1064879640949
1064879640950
1064879640951
1064879640952
1064879640953
1064879640954
1064879640955
1064879640956
1064879640957
1064879640958
1064879640959
1064879640960
1064879640961
1064879640962
1064879640963
1064879640964
1064879640965
1064879640966
1064879640967
1064879640968
1064879640969
1064879640970
1064879640971
1064879640972
1064879640973
1064879640974
1064879640975
1064879640976
1064879640977
1064879640978
1064879640979
1064879640980
1064879640981
1064879640982
1064879640983
1064879640984
1064879640985
1064879640986
1064879640987
1064879640988
1064879640989
1064879640990
1064879640991
1064879640992
1064879640993
1064879640994
1064879640995
1064879640996
1064879640997
1064879640998
1064879640999
