1064879640000
1064879640001
1064879640002
1064879640003
1064879640004
1064879640005
1064879640006
1064879640007
1064879640008
1064879640009
1064879640010
1064879640011
1064879640012
1064879640013
1064879640014
1064879640015
1064879640016
1064879640017
1064879640018
1064879640019
1064879640020
1064879640021
1064879640022
1064879640023
1064879640024
1064879640025
1064879640026
1064879640027
1064879640028
1064879640029
1064879640030
1064879640031
1064879640032
1064879640033
1064879640034
1064879640035
1064879640036
1064879640037
1064879640038
1064879640039
1064879640040
1064879640041
1064879640042
1064879640043
1064879640044
1064879640045
1064879640046
1064879640047
1064879640048
1064879640049
1064879640050
1064879640051
1064879640052
1064879640053
1064879640054
1064879640055
1064879640056
1064879640057
1064879640058
1064879640059
1064879640060
1064879640061
1064879640062
1064879640063
1064879640064
1064879640065
1064879640066
1064879640067
1064879640068
1064879640069
1064879640070
1064879640071
1064879640072
1064879640073
1064879640074
1064879640075
1064879640076
1064879640077
1064879640078
1064879640079
1064879640080
1064879640081
1064879640082
1064879640083
1064879640084
1064879640085
1064879640086
1064879640087
1064879640088
1064879640089
1064879640090
1064879640091
1064879640092
1064879640093
1064879640094
1064879640095
1064879640096
1064879640097
1064879640098
1064879640099
1064879640100
1064879640101
1064879640102
1064879640103
1064879640104
1064879640105
1064879640106
1064879640107
1064879640108
1064879640109
1064879640110
1064879640111
1064879640112
1064879640113
1064879640114
1064879640115
1064879640116
1064879640117
1064879640118
1064879640119
1064879640120
1064879640121
1064879640122
1064879640123
1064879640124
1064879640125
1064879640126
1064879640127
1064879640128
1064879640129
1064879640130
1064879640131
1064879640132
1064879640133
1064879640134
1064879640135
1064879640136
1064879640137
1064879640138
1064879640139
1064879640140
1064879640141
1064879640142
1064879640143
1064879640144
1064879640145
1064879640146
1064879640147
1064879640148
1064879640149
1064879640150
1064879640151
1064879640152
1064879640153
1064879640154
1064879640155
1064879640156
1064879640157
1064879640158
1064879640159
1064879640160
1064879640161
1064879640162
1064879640163
1064879640164
1064879640165
1064879640166
1064879640167
1064879640168
1064879640169
1064879640170
1064879640171
1064879640172
1064879640173
1064879640174
1064879640175
1064879640176
1064879640177
1064879640178
1064879640179
1064879640180
1064879640181
1064879640182
1064879640183
1064879640184
1064879640185
1064879640186
1064879640187
1064879640188
1064879640189
1064879640190
1064879640191
1064879640192
1064879640193
1064879640194
1064879640195
1064879640196
1064879640197
1064879640198
1064879640199
1064879640200
1064879640201
1064879640202
1064879640203
1064879640204
1064879640205
1064879640206
1064879640207
1064879640208
1064879640209
1064879640210
1064879640211
1064879640212
1064879640213
1064879640214
1064879640215
1064879640216
1064879640217
1064879640218
1064879640219
1064879640220
1064879640221
1064879640222
1064879640223
1064879640224
1064879640225
1064879640226
1064879640227
1064879640228
1064879640229
1064879640230
1064879640231
1064879640232
1064879640233
1064879640234
1064879640235
1064879640236
1064879640237
1064879640238
1064879640239
1064879640240
1064879640241
1064879640242
1064879640243
1064879640244
1064879640245
1064879640246
1064879640247
1064879640248
1064879640249
1064879640250
1064879640251
1064879640252
1064879640253
1064879640254
1064879640255
1064879640256
1064879640257
1064879640258
1064879640259
1064879640260
1064879640261
1064879640262
1064879640263
1064879640264
1064879640265
1064879640266
1064879640267
1064879640268
1064879640269
1064879640270
1064879640271
1064879640272
1064879640273
1064879640274
1064879640275
1064879640276
1064879640277
1064879640278
1064879640279
1064879640280
1064879640281
1064879640282
1064879640283
1064879640284
1064879640285
1064879640286
1064879640287
1064879640288
1064879640289
1064879640290
1064879640291
1064879640292
1064879640293
1064879640294
1064879640295
1064879640296
1064879640297
1064879640298
1064879640299
1064879640300
1064879640301
1064879640302
1064879640303
1064879640304
1064879640305
1064879640306
1064879640307
1064879640308
1064879640309
1064879640310
1064879640311
1064879640312
1064879640313
1064879640314
1064879640315
1064879640316
1064879640317
1064879640318
1064879640319
1064879640320
1064879640321
1064879640322
1064879640323
1064879640324
1064879640325
1064879640326
1064879640327
1064879640328
1064879640329
1064879640330
1064879640331
1064879640332
1064879640333
1064879640334
1064879640335
1064879640336
1064879640337
1064879640338
1064879640339
1064879640340
1064879640341
1064879640342
1064879640343
1064879640344
1064879640345
1064879640346
1064879640347
1064879640348
1064879640349
1064879640350
1064879640351
1064879640352
1064879640353
1064879640354
1064879640355
1064879640356
1064879640357
1064879640358
1064879640359
1064879640360
1064879640361
1064879640362
1064879640363
1064879640364
1064879640365
1064879640366
1064879640367
1064879640368
1064879640369
1064879640370
1064879640371
1064879640372
1064879640373
1064879640374
1064879640375
1064879640376
1064879640377
1064879640378
1064879640379
1064879640380
1064879640381
1064879640382
1064879640383
1064879640384
1064879640385
1064879640386
1064879640387
1064879640388
1064879640389
1064879640390
1064879640391
1064879640392
1064879640393
1064879640394
1064879640395
1064879640396
1064879640397
1064879640398
1064879640399
1064879640400
1064879640401
1064879640402
1064879640403
1064879640404
1064879640405
1064879640406
1064879640407
1064879640408
1064879640409
1064879640410
1064879640411
1064879640412
1064879640413
1064879640414
1064879640415
1064879640416
1064879640417
1064879640418
1064879640419
1064879640420
1064879640421
1064879640422
1064879640423
1064879640424
1064879640425
1064879640426
1064879640427
1064879640428
1064879640429
1064879640430
1064879640431
1064879640432
1064879640433
1064879640434
1064879640435
1064879640436
1064879640437
1064879640438
1064879640439
1064879640440
1064879640441
1064879640442
1064879640443
1064879640444
1064879640445
1064879640446
1064879640447
1064879640448
1064879640449
1064879640450
1064879640451
1064879640452
1064879640453
1064879640454
1064879640455
1064879640456
1064879640457
1064879640458
1064879640459
1064879640460
1064879640461
1064879640462
1064879640463
1064879640464
1064879640465
1064879640466
1064879640467
1064879640468
1064879640469
1064879640470
1064879640471
1064879640472
1064879640473
1064879640474
1064879640475
1064879640476
1064879640477
1064879640478
1064879640479
1064879640480
1064879640481
1064879640482
1064879640483
1064879640484
1064879640485
1064879640486
1064879640487
1064879640488
1064879640489
1064879640490
1064879640491
1064879640492
1064879640493
1064879640494
1064879640495
1064879640496
1064879640497
1064879640498
1064879640499
