1064879641000
1064879641001
1064879641002
1064879641003
1064879641004
1064879641005
1064879641006
1064879641007
1064879641008
1064879641009
1064879641010
1064879641011
1064879641012
1064879641013
1064879641014
1064879641015
1064879641016
1064879641017
1064879641018
1064879641019
1064879641020
1064879641021
1064879641022
1064879641023
1064879641024
1064879641025
1064879641026
1064879641027
1064879641028
1064879641029
1064879641030
1064879641031
1064879641032
1064879641033
1064879641034
1064879641035
1064879641036
1064879641037
1064879641038
1064879641039
1064879641040
1064879641041
1064879641042
1064879641043
1064879641044
1064879641045
1064879641046
1064879641047
1064879641048
1064879641049
1064879641050
1064879641051
1064879641052
1064879641053
1064879641054
1064879641055
1064879641056
1064879641057
1064879641058
1064879641059
1064879641060
1064879641061
1064879641062
1064879641063
1064879641064
1064879641065
1064879641066
1064879641067
1064879641068
1064879641069
1064879641070
1064879641071
1064879641072
1064879641073
1064879641074
1064879641075
1064879641076
1064879641077
1064879641078
1064879641079
1064879641080
1064879641081
1064879641082
1064879641083
1064879641084
1064879641085
1064879641086
1064879641087
1064879641088
1064879641089
1064879641090
1064879641091
1064879641092
1064879641093
1064879641094
1064879641095
1064879641096
1064879641097
1064879641098
1064879641099
1064879641100
1064879641101
1064879641102
1064879641103
1064879641104
1064879641105
1064879641106
1064879641107
1064879641108
1064879641109
1064879641110
1064879641111
1064879641112
1064879641113
1064879641114
1064879641115
1064879641116
1064879641117
1064879641118
1064879641119
1064879641120
1064879641121
1064879641122
1064879641123
1064879641124
1064879641125
1064879641126
1064879641127
1064879641128
1064879641129
1064879641130
1064879641131
1064879641132
1064879641133
1064879641134
1064879641135
1064879641136
1064879641137
1064879641138
1064879641139
1064879641140
1064879641141
1064879641142
1064879641143
1064879641144
1064879641145
1064879641146
1064879641147
1064879641148
1064879641149
1064879641150
1064879641151
1064879641152
1064879641153
1064879641154
1064879641155
1064879641156
1064879641157
1064879641158
1064879641159
1064879641160
1064879641161
1064879641162
1064879641163
1064879641164
1064879641165
1064879641166
1064879641167
1064879641168
1064879641169
1064879641170
1064879641171
1064879641172
1064879641173
1064879641174
1064879641175
1064879641176
1064879641177
1064879641178
1064879641179
1064879641180
1064879641181
1064879641182
1064879641183
1064879641184
1064879641185
1064879641186
1064879641187
1064879641188
1064879641189
1064879641190
1064879641191
1064879641192
1064879641193
1064879641194
1064879641195
1064879641196
1064879641197
1064879641198
1064879641199
1064879641200
1064879641201
1064879641202
1064879641203
1064879641204
1064879641205
1064879641206
1064879641207
1064879641208
1064879641209
1064879641210
1064879641211
1064879641212
1064879641213
1064879641214
1064879641215
1064879641216
1064879641217
1064879641218
1064879641219
1064879641220
1064879641221
1064879641222
1064879641223
1064879641224
1064879641225
1064879641226
1064879641227
1064879641228
1064879641229
1064879641230
1064879641231
1064879641232
1064879641233
1064879641234
1064879641235
1064879641236
1064879641237
1064879641238
1064879641239
1064879641240
1064879641241
1064879641242
1064879641243
1064879641244
1064879641245
1064879641246
1064879641247
1064879641248
1064879641249
1064879641250
1064879641251
1064879641252
1064879641253
1064879641254
1064879641255
1064879641256
1064879641257
1064879641258
1064879641259
1064879641260
1064879641261
1064879641262
1064879641263
1064879641264
1064879641265
1064879641266
1064879641267
1064879641268
1064879641269
1064879641270
1064879641271
1064879641272
1064879641273
1064879641274
1064879641275
1064879641276
1064879641277
1064879641278
1064879641279
1064879641280
1064879641281
1064879641282
1064879641283
1064879641284
1064879641285
1064879641286
1064879641287
1064879641288
1064879641289
1064879641290
1064879641291
1064879641292
1064879641293
1064879641294
1064879641295
1064879641296
1064879641297
1064879641298
1064879641299
1064879641300
1064879641301
1064879641302
1064879641303
1064879641304
1064879641305
1064879641306
1064879641307
1064879641308
1064879641309
1064879641310
1064879641311
1064879641312
1064879641313
1064879641314
1064879641315
1064879641316
1064879641317
1064879641318
1064879641319
1064879641320
1064879641321
1064879641322
1064879641323
1064879641324
1064879641325
1064879641326
1064879641327
1064879641328
1064879641329
1064879641330
1064879641331
1064879641332
1064879641333
1064879641334
1064879641335
1064879641336
1064879641337
1064879641338
1064879641339
1064879641340
1064879641341
1064879641342
1064879641343
1064879641344
1064879641345
1064879641346
1064879641347
1064879641348
1064879641349
1064879641350
1064879641351
1064879641352
1064879641353
1064879641354
1064879641355
1064879641356
1064879641357
1064879641358
1064879641359
1064879641360
1064879641361
1064879641362
1064879641363
1064879641364
1064879641365
1064879641366
1064879641367
1064879641368
1064879641369
1064879641370
1064879641371
1064879641372
1064879641373
1064879641374
1064879641375
1064879641376
1064879641377
1064879641378
1064879641379
1064879641380
1064879641381
1064879641382
1064879641383
1064879641384
1064879641385
1064879641386
1064879641387
1064879641388
1064879641389
1064879641390
1064879641391
1064879641392
1064879641393
1064879641394
1064879641395
1064879641396
1064879641397
1064879641398
1064879641399
1064879641400
1064879641401
1064879641402
1064879641403
1064879641404
1064879641405
1064879641406
1064879641407
1064879641408
1064879641409
1064879641410
1064879641411
1064879641412
1064879641413
1064879641414
1064879641415
1064879641416
1064879641417
1064879641418
1064879641419
1064879641420
1064879641421
1064879641422
1064879641423
1064879641424
1064879641425
1064879641426
1064879641427
1064879641428
1064879641429
1064879641430
1064879641431
1064879641432
1064879641433
1064879641434
1064879641435
1064879641436
1064879641437
1064879641438
1064879641439
1064879641440
1064879641441
1064879641442
1064879641443
1064879641444
1064879641445
1064879641446
1064879641447
1064879641448
1064879641449
1064879641450
1064879641451
1064879641452
1064879641453
1064879641454
1064879641455
1064879641456
1064879641457
1064879641458
1064879641459
1064879641460
1064879641461
1064879641462
1064879641463
1064879641464
1064879641465
1064879641466
1064879641467
1064879641468
1064879641469
1064879641470
1064879641471
1064879641472
1064879641473
1064879641474
1064879641475
1064879641476
1064879641477
1064879641478
1064879641479
1064879641480
1064879641481
1064879641482
1064879641483
1064879641484
1064879641485
1064879641486
1064879641487
1064879641488
1064879641489
1064879641490
1064879641491
1064879641492
1064879641493
1064879641494
1064879641495
1064879641496
1064879641497
1064879641498
1064879641499
