15045299765
13604514258
15776941609
15104600766    
13936294346    
18846129921    
18846129919    
18846129918    
13796194747    
13936010044    
18249731569    
18246033757    
13804506153    
13836005236    
13836003826    
13604504457    
13766956666    
13766990555    
13945099722    
18746072472    
15145184812    
13654532905    
15004696968    
18846163207    
15145187946    
13654500771    
13654500495    
15946396020    
13704504541    
13936232249    
15045450271    
13704509840    
13766993554    
13603614224    
18246640206    
13704506191    
13704504621    
13704504295    
15245852169    
13704502605    
15245850447    
15124630645    
13704506572    
13704503389    
15124631279    
13904512880    
15134531997    
13704506161    
13796131685    
15146402762    
13704507259    
15046804058    
13904510172    
15846364512    
13796210987    
13504513216    
15045283098    
13694656513    
15146119404    
13704500595    
13704500185    
18746690724    
13704509791    
13704506952    
15084688387    
13904516886    
13704504782    
13704507178    
13704503274    
13704503277    
13704507171    
13704500006    
13704503818    
13704503258    
13704503078    
13704507493    
13796081169    
15845110975    
15245072705    
15045189400    
13704509903    
13704509842    
13704509834    
13704509951    
13704509958    
15134589041    
13704503925    
15045451665    
13704507469    
15246638734    
13796700693    
13704502126    
15945976133    
13704505594    
15045389199    
13704502205    
13704500135    
13766934268    
13704508200    
15084619672    
13704502969    
13704508407    
13904518515    
13503637388