6666	15045999666
6611	15845930011
6101	15045980876
6102	13836709724
6103	13694595045
6363	18804599070
6107	13936773602
6106	18346607880
6110	18345421613
6108	18249638292
6112	15246054050
6129	13614598382
6116	18845946411
6457	13604893457
6109	15246063392
6112	18745938045
6113	13636470403
6119	18245991789
6115	13836877131
6117	13945613904
6121	15164549932
6795	13766778740
6953	13734596380
6118	13936720219
6120	13904896729
6135	13936963773
6121	13945618676
6122	15104603254
6123	18345438275
6125	18704598578
6126	15765883667
6127	15246073959
6128	15246108353
6152	13504656939
6120	13555555504
6183	15164566668
6525	15214599176
6622	15845930022
