6101	13796366173
6102	13704696151
6122	13704697662
6104	18249222377
6105	18245439887
6106	15246447980
6107	13845434927
6108	15214571699
6109	13845480403
6165	15845176165
6223	13734531222
6132	15245499132
6337	15945891337
6612	18724287909
6222	15765495222
6123	18724283406
6998	13846124891
6110	13846126676
6776	18724292772
6888	18746341246
6775	18249541570
6778	18249541536
6779	18245422872
6611	13734530611
6155	15845179155
6613    13734530611
6100     13704697662
6161     15214575079
6660  18724283406
6111   13704696151
6155   15845179155
6170   13845480403
6171   13704696151
6177    18245420719
6188   15145445327
