6600  18846214847
6611  15765475233
6622  15845177515
6633  13836637672
62027 18249542508
63278 18245433278
61122 15245411772
66066 18746350651
6660 15246448983
6110  18724283055
6130  18245431260
6113 15246448983
6116 15945890018
6133 18245441003
6119 15214572665
6120 18724294430
66066  18245519090
660000 18746358043
6121   13704695816
65777  15945890005
67000  15145444962
65111  13946415526
6646  13845481646
66519  18746341519
6769 18746347969
6789  15845172444
6788  15945874577
6787  15945893337
6785  18746347880
61777  15765321404
61999 15245416707
6903  13846121903
61002 15046473115
61003  15046473119
61005  15845442104
61006  15765492286
61007  15245419863
61008   15845008913
61009  15945893336
61789  13512602609
6529   18245435429
6810   18846214810



